0.37482461835111480219 0.29827223050945761429 0.32690315113942758352 
0.35985354245884410007 0.12488502595535898310 0.51526143158579684744 
0.26103089416787439436 0.35990099091051269697 0.37906811492161290866 
0.53972939746403603145 0.00041973533853342066 0.45985086719743045736 
0.35057876410772692566 0.22675958422974570872 0.42266165166252728236 
0.41510467218629898412 0.00000001021744196922 0.58489531759625912333 
0.40175715783856946750 0.01568171189394310452 0.58256113026748734818 
0.22122867855462094444 0.17424942131859372241 0.60452190012678530540 
0.35368000014579131784 0.00000000099999999999 0.64631999885420876595 
0.38041568471667130957 0.00000000100000000000 0.61958431428332860769 
0.53475230063630674326 0.00000000099999999999 0.46524769836369328502 
0.36825488926167970760 0.00000000099999999998 0.63174510973832032068 
0.48787051101140632703 0.00000000896018554325 0.51212948002840819051 
0.60351842351543572018 0.00000000099999999999 0.39648157548456447463 
0.05474132280307506676 0.00000000100000000000 0.94525867619692494070 
0.00000000099999999995 0.00000000099999999995 0.99999999800000005656 
0.02853899993919972386 0.00000000099999999999 0.97146099906080041197 
0.00000000099999999998 0.00000000099999999998 0.99999999800000005656 
0.00000000099999999998 0.00000000099999999998 0.99999999800000005656 
0.18440470970517333638 0.10094374897700658655 0.71465154131782004931 
0.00000000099999999996 0.00000000099999999996 0.99999999800000005656 
0.00000000099999999984 0.00000000099999999984 0.99999999799999994554 
0.10670932287677506456 0.00000000099999999999 0.89329067612322499148 
0.03561273857021290956 0.00000000099999999999 0.96438726042978706321 
0.00000000099999999991 0.00000000099999999991 0.99999999799999994554 
0.25339775257830621236 0.00005422835022558617 0.74654801907146828288 
0.40224857957480153470 0.03789736465097685164 0.55985405577422164836 
0.00000000099999999991 0.00000000099999999991 0.99999999799999994554 
0.00000001746973126721 0.08190307976859036165 0.91809690276167832401 
0.00000000099999999995 0.00000000099999999995 0.99999999800000005656 
0.00000000099999999992 0.00000000099999999992 0.99999999799999994554 
0.11647878107199469144 0.40509022976135045102 0.47843098916665482978 
0.00000000099999999996 0.00000000099999999996 0.99999999799999994554 
0.00000000099999999998 0.00000000099999999998 0.99999999799999994554 
0.00000114972627004144 0.00000000099999999997 0.99999884927372983956 
0.00000000099999999990 0.00000000099999999990 0.99999999799999994554 
0.36121078820456137271 0.09873913429265211705 0.54005007750278655188 
0.09183896906943127270 0.00000000100000000000 0.90816102993056879722 
0.95200051656667550315 0.04799948243332456677 0.00000000099999999998 
0.92948527722280460672 0.07051472177719533829 0.00000000099999999998 
0.99999954783126643321 0.00000045116873348942 0.00000000099999999998 
0.99999999800000005656 0.00000000099999999995 0.00000000099999999995 
0.99999999800000005656 0.00000000099999999997 0.00000000099999999997 
0.91366520785689453454 0.08633479114310543823 0.00000000099999999999 
0.99999999799999994554 0.00000000099999999994 0.00000000099999999994 
0.99999999799999994554 0.00000000099999999997 0.00000000099999999997 
0.99999999799999994554 0.00000000099999999997 0.00000000099999999997 
0.90624236436934679784 0.09375763463065329983 0.00000000099999999999 
0.99999999800000005656 0.00000000099999999997 0.00000000099999999997 
0.99999999799999994554 0.00000000099999999995 0.00000000099999999995 
0.99999999800000005656 0.00000000099999999998 0.00000000099999999998 
0.99999999800000005656 0.00000000099999999996 0.00000000099999999996 
0.00000000099999999999 0.99999999800000005656 0.00000000099999999999 
0.37577889371994827039 0.62422110528005170238 0.00000000099999999996 
0.27033188531287422052 0.72966811368712558572 0.00000000099999999999 
0.30036211620349384521 0.69963788279650607205 0.00000000099999999998 
0.24589674345812084777 0.75410325554187918051 0.00000000099999999998 
0.38181021207112414428 0.61818978692887593951 0.00000000099999999998 
0.22833634450772472002 0.77166365449227525275 0.00000000099999999997 
0.22799605038912909571 0.77200394861087096032 0.00000000099999999998 
0.00000000099999999995 0.99999999800000005656 0.00000000099999999995 
0.47494678516206884078 0.49823695371570503321 0.02681626112222615724 
0.39181100572835964035 0.37857636363736163476 0.22961263063427866937 
0.24100471067049358820 0.62758366621570982335 0.13141162311379650518 
0.54286485632135206281 0.40325967365721315794 0.05387547002143481395 
0.00000000099999999997 0.99999999800000005656 0.00000000099999999997 
0.00000000099999999989 0.99999999800000005656 0.00000000099999999989 
0.87714047716688947620 0.12285952183311052432 0.00000000099999999999 
0.40725358786454485260 0.46530943751605630121 0.12743697461939892945 
0.31794077896139721906 0.68205922003860275371 0.00000000099999999999 
0.00000000099999999997 0.99999999799999994554 0.00000000099999999997 
0.15770946486862791325 0.84229053413137200401 0.00000000099999999997 
0.00000000099999999993 0.99999999799999994554 0.00000000099999999993 
0.00000000099999999992 0.99999999800000005656 0.00000000099999999992 
0.40433304338694148194 0.53249778470869679747 0.06316917190436167895 
0.02555092311104437477 0.97444907588895546269 0.00000000100000000000 
0.00000000099999999997 0.99999999799999994554 0.00000000099999999997 
0.64852041738369503587 0.35147958161630477036 0.00000000099999999999 
0.00000000099999999998 0.74866788537048389873 0.25133211362951601853 
0.82293578731969141415 0.13832151665620626146 0.03874269602410245622 
0.00000000099999999995 0.99999999799999994554 0.00000000099999999995 
0.63938846349651334844 0.36060968121262054753 0.00000185529086614395 
0.36063059665153324174 0.59120291761703047673 0.04816648573143633705 
0.99946549615003921208 0.00053450284996072730 0.00000000099999999999 
0.81461991983265169548 0.01106904128692351441 0.17431103888042479011 
0.88672638132991954407 0.11327361767008038707 0.00000000099999999999 
0.99999999800000005656 0.00000000099999999995 0.00000000099999999995 
0.95661223693540309299 0.04338776206459693530 0.00000000099999999998 
0.99999999800000005656 0.00000000099999999995 0.00000000099999999995 
0.76690410840207923204 0.23309589059792082399 0.00000000099999999999 
0.52230715008209083194 0.24491086381645033043 0.23278198610145878211 
0.79882957679166977094 0.20117042220833020183 0.00000000099999999999 
0.99999999778178860765 0.00000000121821128012 0.00000000099999999997 
0.99999999799999994554 0.00000000099999999996 0.00000000099999999996 
0.99999999799999994554 0.00000000099999999995 0.00000000099999999995 
0.90631854288294810829 0.09368145611705192000 0.00000000099999999997 
0.85167840592850474479 0.14832159307149517247 0.00000000099999999999 
0.99999999799999994554 0.00000000099999999992 0.00000000099999999992 
0.99999998817258273220 0.00000001082741713767 0.00000000099999999999 
