0.08342974938988034772 0.00000000100000000000 0.10243683901011017834 0.26830270760958307985 0.48853929396474188307 0.05729140902568468502 
0.00000000099999999999 0.00000000099999999999 0.02001712218226620044 0.18286594220470764327 0.70254139453233788171 0.09457553908068816462 
0.25791125151958071982 0.00000000100000000000 0.10457913172082675124 0.04760037057398979615 0.58587179806849376540 0.00403744711710904945 
0.00000000099999999999 0.07958223387013796390 0.00000000099999999999 0.28739126095610467715 0.58417792653160127703 0.04884857664215604134 
0.25906945654438751081 0.00000000099999999999 0.00000000099999999999 0.00168650334842979218 0.73924403710718267213 0.00000000099999999999 
0.00000000099999999982 0.00000000099999999982 0.00000000099999999982 0.00000000099999999982 0.99999999500000003039 0.00000000099999999982 
0.00000000099999999998 0.00000000099999999998 0.00000000099999999998 0.21078411993484269527 0.64043801670747879662 0.14877786035767850970 
0.02807421293909138568 0.00000000099999999996 0.00000000099999999996 0.00000000099999999996 0.97192578306090859908 0.00000000099999999996 
0.00000000099999999965 0.00000000099999999965 0.00000000099999999965 0.00000000099999999965 0.99999999499999991937 0.00000000099999999965 
0.00000000099999999991 0.00000000099999999991 0.00000000099999999991 0.00000000099999999991 0.99999999500000003039 0.00000000099999999991 
0.00000000099999999987 0.00000000099999999987 0.00000000099999999987 0.00000000099999999987 0.99999999499999991937 0.00000000099999999987 
0.00000000099999999971 0.00000000099999999971 0.00000000099999999971 0.00000000099999999971 0.99999999500000003039 0.00000000099999999971 
0.00000000099999999997 0.08116059549088215641 0.00000000099999999997 0.00000000099999999997 0.91883940050911783182 0.00000000099999999997 
0.00000000099999999998 0.16309333994039137972 0.00000000099999999998 0.18304576900842381426 0.65191623756360328468 0.00194465148758142070 
0.00000000099999999998 0.03448014546738037422 0.00000000099999999998 0.00000000099999999998 0.31366229902243153438 0.65185755251018806522 
0.00000000099999999990 0.00000000099999999990 0.00000000099999999990 0.00000000099999999990 0.36407977865666990569 0.63592021734333015193 
0.00000000099999999997 0.00000000099999999997 0.00000000099999999997 0.13807191828558829094 0.16946797702610341685 0.69246010168830829379 
0.00000000099999999996 0.00000000099999999996 0.00000000099999999996 0.00000000099999999996 0.24615838455140684471 0.75384161144859307413 
0.00000000099999999995 0.00000000099999999995 0.00000000099999999995 0.00000000099999999995 0.29237780062443308182 0.70762219537556692028 
0.00000000099999999998 0.00000000099999999998 0.03521707293825486473 0.19995862146888707112 0.41065345432181082908 0.35417084927104713898 
0.00000000099999999994 0.00000000099999999994 0.00000000099999999994 0.00000000099999999994 0.24326186131112814692 0.75673813468887196620 
0.00000000099999999955 0.00000000099999999955 0.00000000099999999955 0.00000000099999999955 0.00000000099999999955 0.99999999500000003039 
0.00000000099999999996 0.00000000099999999996 0.00000000099999999996 0.02122737739380191682 0.39556707969592830310 0.58320553991026968799 
0.00000000099999999997 0.00000000099999999997 0.00000000099999999997 0.03616604453164109362 0.21685052973455307135 0.74698342273380591294 
0.00000000099999999979 0.00000000099999999979 0.00000000099999999979 0.00000000099999999979 0.00000000099999999979 0.99999999500000003039 
0.00000000099999999998 0.00000000099999999998 0.00000000099999999998 0.02722292377395046925 0.82593731985611706925 0.14683975336993249083 
0.00000000100000000000 0.00000000100000000000 0.02814427883130480798 0.13332682430402972851 0.67627139158766391702 0.16225750327700150244 
0.00000000099999999976 0.00000000099999999976 0.00000000099999999976 0.00000000099999999976 0.00000000099999999976 0.99999999499999991937 
0.00000000100000000000 0.03573538966244808879 0.05412747754613231321 0.00000042944982355470 0.20239583122361282097 0.70774087111798322791 
0.00000000099999999992 0.00000000099999999992 0.00000000099999999992 0.00000000099999999992 0.20506264008100349994 0.79493735591899650217 
0.00000000099999999978 0.00000000099999999978 0.00000000099999999978 0.00000000099999999978 0.00000000099999999978 0.99999999499999991937 
0.14371332100833850154 0.00000000100000000000 0.25208540085444514078 0.14055045398241797217 0.10827800460768161050 0.35537281854711672002 
0.00000000099999999995 0.00000000099999999995 0.00000000099999999995 0.00000000099999999995 0.20459211981427591343 0.79540787618572406092 
0.00000000099999999995 0.00000000099999999995 0.00000000099999999995 0.15553490804553585236 0.00000000099999999995 0.84446508795446417750 
0.00000000099999999991 0.00000000099999999991 0.00000000099999999991 0.00000000099999999991 0.36668966137113179204 0.63331033462886832108 
0.00000000099999999978 0.00000000099999999978 0.00000000099999999978 0.00000000099999999978 0.00000000099999999978 0.99999999500000003039 
0.09186316274313527375 0.00000000100000000000 0.00011081143556901790 0.17221318685812922467 0.61183137990642111337 0.12398145805674526398 
0.00000000099999999999 0.00000000099999999999 0.00000000099999999999 0.20179879162221622813 0.03436833074559508816 0.76383287463218874080 
0.00000000099999999997 0.41349766179386043818 0.04172343262560588434 0.54477890258053374151 0.00000000099999999997 0.00000000099999999997 
0.00785799501486431767 0.54590554494281651188 0.04717941619259079927 0.39905704184972845550 0.00000000099999999996 0.00000000099999999996 
0.05836049960498244926 0.57630526469037424153 0.00000000099999999996 0.36533423270464332466 0.00000000099999999996 0.00000000099999999996 
0.00000000099999999984 0.00000000099999999984 0.00000000099999999984 0.99999999499999991937 0.00000000099999999984 0.00000000099999999984 
0.00000000099999999990 0.00000000099999999990 0.00000000099999999990 0.99999999500000003039 0.00000000099999999990 0.00000000099999999990 
0.00000000099999999994 0.00000000099999999994 0.00000000099999999994 0.99999999499999991937 0.00000000099999999994 0.00000000099999999994 
0.00000000099999999979 0.00000000099999999979 0.00000000099999999979 0.99999999499999991937 0.00000000099999999979 0.00000000099999999979 
0.00000000099999999986 0.00000000099999999986 0.00000000099999999986 0.99999999499999991937 0.00000000099999999986 0.00000000099999999986 
0.00000000099999999994 0.00000000099999999994 0.00000000099999999994 0.99999999500000003039 0.00000000099999999994 0.00000000099999999994 
0.00000000099999999987 0.00000000099999999987 0.00000000099999999987 0.99999999499999991937 0.00000000099999999987 0.00000000099999999987 
0.00000000099999999984 0.00000000099999999984 0.00000000099999999984 0.99999999500000003039 0.00000000099999999984 0.00000000099999999984 
0.00000000099999999985 0.00000000099999999985 0.00000000099999999985 0.99999999500000003039 0.00000000099999999985 0.00000000099999999985 
0.00000000099999999990 0.00000000099999999990 0.00000000099999999990 0.99999999499999991937 0.00000000099999999990 0.00000000099999999990 
0.00000000099999999992 0.00000001562443601928 0.00000000099999999992 0.99999998037556392383 0.00000000099999999992 0.00000000099999999992 
0.99999999500000003039 0.00000000099999999988 0.00000000099999999988 0.00000000099999999988 0.00000000099999999988 0.00000000099999999988 
0.93765610721428183094 0.06234388878571832382 0.00000000099999999987 0.00000000099999999987 0.00000000099999999987 0.00000000099999999987 
0.99995172241826402182 0.00004315164324922574 0.00000292479770243531 0.00000209855043512511 0.00000010159034910860 0.00000000099999999997 
0.91883902996020572207 0.00000000099999999996 0.08116096603979439106 0.00000000099999999996 0.00000000099999999996 0.00000000099999999996 
0.99999999500000003039 0.00000000099999999992 0.00000000099999999992 0.00000000099999999992 0.00000000099999999992 0.00000000099999999992 
0.84140927261651987656 0.15841135285215277029 0.00017937153132736806 0.00000000099999999995 0.00000000099999999995 0.00000000099999999995 
0.99999999500000003039 0.00000000099999999983 0.00000000099999999983 0.00000000099999999983 0.00000000099999999983 0.00000000099999999983 
0.99999999500000014141 0.00000000099999999994 0.00000000099999999994 0.00000000099999999994 0.00000000099999999994 0.00000000099999999994 
0.99999999500000003039 0.00000000099999999977 0.00000000099999999977 0.00000000099999999977 0.00000000099999999977 0.00000000099999999977 
0.71102009436645630114 0.25534770848011467681 0.00000000099999999997 0.00000030783057198998 0.03363188732285685156 0.00000000099999999997 
0.44695719057402033547 0.00000000099999999999 0.00000000099999999999 0.21240263241793430615 0.29146174099046323613 0.04917843401758208860 
0.74465017001731637070 0.00000000099999999999 0.00000000099999999999 0.07828839762958100801 0.16182806533456636777 0.01523336501853625458 
0.32722297272925815470 0.50353759339534764905 0.01998929522340655782 0.00000000099999999998 0.14925013665198752499 0.00000000099999999998 
0.99999999500000003039 0.00000000099999999982 0.00000000099999999982 0.00000000099999999982 0.00000000099999999982 0.00000000099999999982 
0.00000000099999999961 0.00000000099999999961 0.99999999499999991937 0.00000000099999999961 0.00000000099999999961 0.00000000099999999961 
0.12542606390564536856 0.60648215584599574068 0.00000000099999999997 0.26809177724835897560 0.00000000099999999997 0.00000000099999999997 
0.40852857622984101171 0.14116242365114956003 0.09819392240548749373 0.15821768571046099239 0.16952058082877977108 0.02437681117428118494 
0.42718612416057627490 0.29358074480446960663 0.24384446625057798475 0.03538866278437614171 0.00000000099999999998 0.00000000099999999998 
0.16826953114972229009 0.13262898887386806446 0.69910147697640978581 0.00000000099999999994 0.00000000099999999994 0.00000000099999999994 
0.00000000099999999994 0.12368624232095511151 0.76428946635164229928 0.11202428832740246589 0.00000000099999999994 0.00000000099999999994 
0.00000000099999999979 0.00000000099999999979 0.99999999500000003039 0.00000000099999999979 0.00000000099999999979 0.00000000099999999979 
0.00000000099999999972 0.00000000099999999972 0.99999999499999991937 0.00000000099999999972 0.00000000099999999972 0.00000000099999999972 
0.32629425321624744294 0.06552367942757905683 0.20858544927232641752 0.22028790235826031796 0.17930871472558665425 0.00000000099999999999 
0.20771816207649307362 0.00000000099999999997 0.68773008442823135855 0.10455175049527554165 0.00000000099999999997 0.00000000099999999997 
0.00000000099999999990 0.00000000099999999990 0.99999999500000003039 0.00000000099999999990 0.00000000099999999990 0.00000000099999999990 
0.22063824784175187221 0.59224388632326019355 0.09057925253271434385 0.00000000099999999998 0.09653861130227354981 0.00000000099999999998 
0.00000000099999999994 0.00000000099999999994 0.78629277844482137194 0.00000000099999999994 0.00000245490668684005 0.21370476364849175233 
0.00000000099999999998 0.97917395719132394039 0.00000000099999999998 0.00000000099999999998 0.00000000099999999998 0.02082603880867614846 
0.00000000099999999991 0.00000000099999999991 0.99999999499999991937 0.00000000099999999991 0.00000000099999999991 0.00000000099999999991 
0.20782406206331766052 0.47315280653459906857 0.09053010757497133298 0.11043838368344928436 0.11805463914366257083 0.00000000099999999999 
0.32832505576437792660 0.24238198540602740039 0.21984456799692539408 0.06613978678894913421 0.14330860304372003422 0.00000000099999999999 
0.00000000099999999994 0.99999999500000014141 0.00000000099999999994 0.00000000099999999994 0.00000000099999999994 0.00000000099999999994 
0.00000000099999999998 0.66308864171148840239 0.00000000099999999998 0.01360828155694261167 0.32330307373156907946 0.00000000099999999998 
0.00000000099999999996 0.99999999500000003039 0.00000000099999999996 0.00000000099999999996 0.00000000099999999996 0.00000000099999999996 
0.00000000099999999991 0.82006630875474928466 0.00000000099999999991 0.17993368724525088398 0.00000000099999999991 0.00000000099999999991 
0.00000000099999999991 0.99999999500000014141 0.00000000099999999991 0.00000000099999999991 0.00000000099999999991 0.00000000099999999991 
0.00000000099999999985 0.99999999500000003039 0.00000000099999999985 0.00000000099999999985 0.00000000099999999985 0.00000000099999999985 
0.27726011797345290200 0.42559828948458311437 0.00000000099999999999 0.29350776139046669266 0.00363382915149730243 0.00000000099999999999 
0.00000000099999999998 0.71759223014253903372 0.09232028191080680901 0.00000000099999999998 0.00000000099999999998 0.19008748494665420048 
0.04547343562963873653 0.53703514318356293522 0.12282847059027600378 0.29466294859652236715 0.00000000099999999998 0.00000000099999999998 
0.00000000099999999989 0.99999999500000003039 0.00000000099999999989 0.00000000099999999989 0.00000000099999999989 0.00000000099999999989 
0.00000000099999999983 0.99999999500000003039 0.00000000099999999983 0.00000000099999999983 0.00000000099999999983 0.00000000099999999983 
0.00000000099999999987 0.99999999500000014141 0.00000000099999999987 0.00000000099999999987 0.00000000099999999987 0.00000000099999999987 
0.00000000099999999991 0.99999999500000014141 0.00000000099999999991 0.00000000099999999991 0.00000000099999999991 0.00000000099999999991 
0.11354380047862351610 0.47297478401940723503 0.04165892546810902319 0.37182232178429636127 0.00000016724956374174 0.00000000099999999999 
0.00000000099999999973 0.99999999500000014141 0.00000000099999999973 0.00000000099999999973 0.00000000099999999973 0.00000000099999999973 
0.00000000099999999994 0.99999999500000014141 0.00000000099999999994 0.00000000099999999994 0.00000000099999999994 0.00000000099999999994 
