0.00000000099999999988 0.99999999300000019797 0.00000000099999999988 0.00000000099999999988 0.00000000099999999988 0.00000000099999999988 0.00000000099999999988 0.00000000099999999988 
0.00000000099999999985 0.99999999300000008695 0.00000000099999999985 0.00000000099999999985 0.00000000099999999985 0.00000000099999999985 0.00000000099999999985 0.00000000099999999985 
0.00000000099999999986 0.99999999300000008695 0.00000000099999999986 0.00000000099999999986 0.00000000099999999986 0.00000000099999999986 0.00000000099999999986 0.00000000099999999986 
0.00000000099999999988 0.99999999300000008695 0.00000000099999999988 0.00000000099999999988 0.00000000099999999988 0.00000000099999999988 0.00000000099999999988 0.00000000099999999988 
0.00000000099999999992 0.90588199481217646092 0.00000000099999999992 0.00000000099999999992 0.00000000099999999992 0.00000000099999999992 0.09411799918782370877 0.00000000099999999992 
0.00000000099999999982 0.34760058060004039859 0.00000000099999999982 0.00000000099999999982 0.00000000099999999982 0.00000000099999999982 0.65239941339995943803 0.00000000099999999982 
0.00000000099999999990 0.99999999300000019797 0.00000000099999999990 0.00000000099999999990 0.00000000099999999990 0.00000000099999999990 0.00000000099999999990 0.00000000099999999990 
0.00000000099999999988 0.80761472043186721681 0.00000000099999999988 0.00000000099999999988 0.00000000099999999988 0.00000000099999999988 0.19238527356813286961 0.00000000099999999988 
0.00000000099999999929 0.00000000099999999929 0.00000000099999999929 0.00000000099999999929 0.00000000099999999929 0.00000000099999999929 0.99999999299999997593 0.00000000099999999929 
0.00000000099999999990 0.44532647451864193489 0.00000000099999999990 0.00000000099999999990 0.00000000099999999990 0.00000000099999999990 0.55467351948135790174 0.00000000099999999990 
0.00000000099999999974 0.00000000099999999974 0.00000000099999999974 0.00000000099999999974 0.00000000099999999974 0.00000000099999999974 0.99999999299999986491 0.00000000099999999974 
0.00000000099999999945 0.00000000099999999945 0.00000000099999999945 0.00000000099999999945 0.00000000099999999945 0.00000000099999999945 0.99999999299999997593 0.00000000099999999945 
0.00000000099999999997 0.00000181049299183464 0.26031372541825426037 0.00000000099999999997 0.00000000099999999997 0.00000000099999999997 0.73968445908875390948 0.00000000099999999997 
0.00000000099999999996 0.78441065569815882075 0.12405731958707011398 0.00000000099999999996 0.00000004184985533055 0.00000000099999999996 0.09153197886491577784 0.00000000099999999996 
0.00000000099999999998 0.25141220388772106409 0.02773876279602377481 0.00000000099999999998 0.00000000099999999998 0.60670482314873308560 0.11414420616752192494 0.00000000099999999998 
0.00000000099999999986 0.32834216398938598225 0.00000000099999999986 0.00000000099999999986 0.00000000099999999986 0.57954855432063756560 0.09210927668997639928 0.00000000099999999986 
0.00000000099999999993 0.44705658903209571919 0.00000000099999999993 0.00000000099999999993 0.00000000099999999993 0.55294340496790428396 0.00000000099999999993 0.00000000099999999993 
0.00000000099999999990 0.37482459167519061038 0.00000000099999999990 0.00000000099999999990 0.00000000099999999990 0.62517540232480928175 0.00000000099999999990 0.00000000099999999990 
0.00000000099999999987 0.41968091656231704123 0.00000000099999999987 0.00000000099999999987 0.00000000099999999987 0.58031907743768296193 0.00000000099999999987 0.00000000099999999987 
0.00000000099999999994 0.75408387035738144721 0.00000000099999999994 0.00000000099999999994 0.00000000099999999994 0.24484794045178820410 0.00106818419083036520 0.00000000099999999994 
0.00000000099999999986 0.36034200325429133205 0.00000000099999999986 0.00000000099999999986 0.00000000099999999986 0.63965799074570861560 0.00000000099999999986 0.00000000099999999986 
0.00000000099999999938 0.00000000099999999938 0.00000000099999999938 0.00000000099999999938 0.00000000099999999938 0.99999999300000008695 0.00000000099999999938 0.00000000099999999938 
0.00000000099999999993 0.00000000099999999993 0.00000000099999999993 0.00000000099999999993 0.00000000099999999993 0.59593378142321262736 0.40406621257678732029 0.00000000099999999993 
0.00000000099999999996 0.24966961955797234429 0.01248065215566069794 0.00000000099999999996 0.00000000099999999996 0.69096223157718550389 0.04688749270918132067 0.00000000099999999996 
0.00000000099999999972 0.00000000099999999972 0.00000000099999999972 0.00000000099999999972 0.00000000099999999972 0.99999999300000008695 0.00000000099999999972 0.00000000099999999972 
0.00000000099999999994 0.76243564967447918779 0.00000000099999999994 0.00000000099999999994 0.00000000099999999994 0.07684493097475404710 0.16071941435076669835 0.00000000099999999994 
0.00000000099999999998 0.60042492815754811009 0.05497447583748647781 0.00000000099999999998 0.00002088997811191693 0.11480107832916368327 0.22977862469768969844 0.00000000099999999998 
0.00000000099999999968 0.00000000099999999968 0.00000000099999999968 0.00000000099999999968 0.00000000099999999968 0.99999999299999997593 0.00000000099999999968 0.00000000099999999968 
0.00000000099999999998 0.17262525514729382126 0.10221805225721748711 0.00000000099999999998 0.00000000099999999998 0.65175000158061990874 0.04908520454472335703 0.02432148347014536152 
0.00000000099999999985 0.32083495112326254617 0.00000000099999999985 0.00000000099999999985 0.00000000099999999985 0.67916504287673751250 0.00000000099999999985 0.00000000099999999985 
0.00000000099999999971 0.00000000099999999971 0.00000000099999999971 0.00000000099999999971 0.00000000099999999971 0.99999999300000008695 0.00000000099999999971 0.00000000099999999971 
0.09365200349133614988 0.15791055902712705650 0.00000000100000000000 0.02312984959872561516 0.14712214017397756693 0.30948797978715592016 0.03191085152912962603 0.23678661539254805546 
0.00000000099999999987 0.33154325684676516639 0.00000000099999999987 0.00000000099999999987 0.00000000099999999987 0.66845673715323472575 0.00000000099999999987 0.00000000099999999987 
0.00000000099999999993 0.30727723603582129952 0.00000000099999999993 0.00000000099999999993 0.00000000099999999993 0.69272275796417859262 0.00000000099999999993 0.00000000099999999993 
0.00000000099999999987 0.35543953929604987785 0.00000000099999999987 0.00000000099999999987 0.00000000099999999987 0.55733492156220998393 0.08722553414173987718 0.00000000099999999987 
0.00000000099999999973 0.00000000099999999973 0.00000000099999999973 0.00000000099999999973 0.00000000099999999973 0.99999999299999997593 0.00000000099999999973 0.00000000099999999973 
0.00000000099999999994 0.99999999300000008695 0.00000000099999999994 0.00000000099999999994 0.00000000099999999994 0.00000000099999999994 0.00000000099999999994 0.00000000099999999994 
0.00000000099999999996 0.42923283420417157608 0.00000000099999999996 0.00000000099999999996 0.00000000099999999996 0.57076715979582826055 0.00000000099999999996 0.00000000099999999996 
0.00000000099999999995 0.00000000099999999995 0.55335835420968682019 0.00000000099999999995 0.42507019954889496693 0.00000000099999999995 0.00000000099999999995 0.02157144124141825020 
0.00000000099999999994 0.00000000099999999994 0.48254471245482405406 0.19560015814773223930 0.31432831447292985949 0.00000000099999999994 0.00000000099999999994 0.00752681092451381890 
0.00000000099999999994 0.00000000099999999994 0.47993203303171050322 0.23494681550061227715 0.28512114646767716675 0.00000000099999999994 0.00000000099999999994 0.00000000099999999994 
0.00000000099999999978 0.00000000099999999978 0.00000000099999999978 0.00000000099999999978 0.99999999299999997593 0.00000000099999999978 0.00000000099999999978 0.00000000099999999978 
0.00000000099999999986 0.00000000099999999986 0.00000000099999999986 0.00000000099999999986 0.99999999300000008695 0.00000000099999999986 0.00000000099999999986 0.00000000099999999986 
0.00000000099999999990 0.00000000099999999990 0.00000000099999999990 0.00000000099999999990 0.99999999299999997593 0.00000000099999999990 0.00000000099999999990 0.00000000099999999990 
0.00000000099999999972 0.00000000099999999972 0.00000000099999999972 0.00000000099999999972 0.99999999300000008695 0.00000000099999999972 0.00000000099999999972 0.00000000099999999972 
0.00000000099999999981 0.00000000099999999981 0.00000000099999999981 0.00000000099999999981 0.99999999299999997593 0.00000000099999999981 0.00000000099999999981 0.00000000099999999981 
0.00000000099999999994 0.00000000099999999994 0.00000000099999999994 0.08451516650880519510 0.91548482749119475255 0.00000000099999999994 0.00000000099999999994 0.00000000099999999994 
0.00000000099999999981 0.00000000099999999981 0.00000000099999999981 0.00000000099999999981 0.99999999300000008695 0.00000000099999999981 0.00000000099999999981 0.00000000099999999981 
0.00000000099999999979 0.00000000099999999979 0.00000000099999999979 0.00000000099999999979 0.99999999299999997593 0.00000000099999999979 0.00000000099999999979 0.00000000099999999979 
0.00000000099999999979 0.00000000099999999979 0.00000000099999999979 0.00000000099999999979 0.99999999299999997593 0.00000000099999999979 0.00000000099999999979 0.00000000099999999979 
0.00000000099999999987 0.00000000099999999987 0.00000000099999999987 0.00000000099999999987 0.99999999299999997593 0.00000000099999999987 0.00000000099999999987 0.00000000099999999987 
0.00000000099999999990 0.00000000099999999990 0.00000000099999999990 0.08947879492134759583 0.91052119907865236570 0.00000000099999999990 0.00000000099999999990 0.00000000099999999990 
0.99999999300000019797 0.00000000099999999982 0.00000000099999999982 0.00000000099999999982 0.00000000099999999982 0.00000000099999999982 0.00000000099999999982 0.00000000099999999982 
0.90193247368695184107 0.00000000099999999984 0.00000000099999999984 0.09806752031304835637 0.00000000099999999984 0.00000000099999999984 0.00000000099999999984 0.00000000099999999984 
0.83332269382397416990 0.00000000099999999990 0.16667730017602588877 0.00000000099999999990 0.00000000099999999990 0.00000000099999999990 0.00000000099999999990 0.00000000099999999990 
0.73156194918257211324 0.00000000099999999995 0.00000000099999999995 0.00000000099999999995 0.19168853745322894655 0.00000000099999999995 0.00000000099999999995 0.07674950836419901223 
0.99999999300000019797 0.00000000099999999989 0.00000000099999999989 0.00000000099999999989 0.00000000099999999989 0.00000000099999999989 0.00000000099999999989 0.00000000099999999989 
0.70643453198258066017 0.00000000099999999993 0.00000000099999999993 0.29045448405349205689 0.00000000099999999993 0.00000000099999999993 0.00000000099999999993 0.00311097896392748983 
0.99999999300000019797 0.00000000099999999978 0.00000000099999999978 0.00000000099999999978 0.00000000099999999978 0.00000000099999999978 0.00000000099999999978 0.00000000099999999978 
0.99999999300000008695 0.00000000099999999992 0.00000000099999999992 0.00000000099999999992 0.00000000099999999992 0.00000000099999999992 0.00000000099999999992 0.00000000099999999992 
0.99999999300000019797 0.00000000099999999966 0.00000000099999999966 0.00000000099999999966 0.00000000099999999966 0.00000000099999999966 0.00000000099999999966 0.00000000099999999966 
0.58506907588133783005 0.08569152030519339158 0.00000000099999999995 0.32923939881346880876 0.00000000099999999995 0.00000000099999999995 0.00000000099999999995 0.00000000099999999995 
0.37533188820808977004 0.35182406155712264706 0.00000000099999999998 0.00000000099999999998 0.20228649041928892238 0.00000000099999999998 0.07055755581549880140 0.00000000099999999998 
0.65517545181327940806 0.26931748007566819192 0.00000000099999999997 0.00000000099999999997 0.07550706311105241653 0.00000000099999999997 0.00000000099999999997 0.00000000099999999997 
0.18963183455292900725 0.23782274010442563950 0.00000000099999999995 0.57254542034264543915 0.00000000099999999995 0.00000000099999999995 0.00000000099999999995 0.00000000099999999995 
0.99999999300000019797 0.00000000099999999975 0.00000000099999999975 0.00000000099999999975 0.00000000099999999975 0.00000000099999999975 0.00000000099999999975 0.00000000099999999975 
0.00000000099999999945 0.00000000099999999945 0.00000000099999999945 0.00000000099999999945 0.00000000099999999945 0.00000000099999999945 0.00000000099999999945 0.99999999299999997593 
0.07456578095146387808 0.00000000099999999996 0.41724287816900296200 0.30549087553651899096 0.20270046134301411556 0.00000000099999999996 0.00000000099999999996 0.00000000099999999996 
0.28702940656309716694 0.31876942004407049502 0.33876700095642703348 0.00000000099999999997 0.00851324156610378836 0.00000000099999999997 0.00000000099999999997 0.04692092787030158890 
0.31608633039413247534 0.00000000099999999994 0.49877855167541346182 0.00000000099999999994 0.00000000099999999994 0.00000000099999999994 0.00000000099999999994 0.18513511293045425976 
0.00000698576902424368 0.00000000099999999988 0.32444245914034497424 0.00000000099999999988 0.00000000099999999988 0.00000000099999999988 0.00000000099999999988 0.67555055009063080806 
0.00000000099999999992 0.00000000099999999992 0.11034064973427759604 0.00000000099999999992 0.14343527429353861158 0.00000000099999999992 0.00000000099999999992 0.74622407097218379501 
0.00000000099999999970 0.00000000099999999970 0.00000000099999999970 0.00000000099999999970 0.00000000099999999970 0.00000000099999999970 0.00000000099999999970 0.99999999299999997593 
0.00000000099999999961 0.00000000099999999961 0.00000000099999999961 0.00000000099999999961 0.00000000099999999961 0.00000000099999999961 0.00000000099999999961 0.99999999299999997593 
0.19807896620680065514 0.29973034917970570179 0.00000000099999999997 0.20883257374142358276 0.11702599866557442110 0.00000000099999999997 0.00000000099999999997 0.17633210920649569631 
0.08936212904877337271 0.00000000099999999995 0.00000000099999999995 0.00000000099999999995 0.24529539753954471282 0.00000000099999999995 0.00000000099999999995 0.66534246841168198650 
0.00000000099999999986 0.00000000099999999986 0.00000000099999999986 0.00000000099999999986 0.00000000099999999986 0.00000000099999999986 0.00000000099999999986 0.99999999299999997593 
0.16682098752167814903 0.00000000099999999995 0.77387039463307738529 0.00000000099999999995 0.00000000099999999995 0.00000000099999999995 0.04058807893398553440 0.01872053491125904440 
0.00000000099999999991 0.00000000099999999991 0.00000000099999999991 0.00000000099999999991 0.00000000099999999991 0.18322303808089085431 0.06025923553319659925 0.75651772138591266703 
0.00000000099999999990 0.00000000099999999990 0.99999999299999997593 0.00000000099999999990 0.00000000099999999990 0.00000000099999999990 0.00000000099999999990 0.00000000099999999990 
0.00000000099999999988 0.00000000099999999988 0.00000000099999999988 0.00000000099999999988 0.00000000099999999988 0.00000000099999999988 0.00000000099999999988 0.99999999300000008695 
0.15851652281822353752 0.03527012887838564675 0.57234117115604554726 0.09565074585466792900 0.00000000099999999998 0.00000000099999999998 0.07872893938220382193 0.05949248991047366431 
0.23392994835966918199 0.16741227541161041170 0.42216061248255731808 0.00000000099999999997 0.00000000099999999997 0.00000000099999999997 0.00000000099999999997 0.17649715974616336789 
0.00000000099999999983 0.00000000099999999983 0.99999999299999997593 0.00000000099999999983 0.00000000099999999983 0.00000000099999999983 0.00000000099999999983 0.00000000099999999983 
0.00000000099999999992 0.00000000099999999992 0.76408243002561171409 0.00000000099999999992 0.00000000099999999992 0.00000000099999999992 0.23591756397438826132 0.00000000099999999992 
0.00000000099999999979 0.00000000099999999979 0.99999999299999997593 0.00000000099999999979 0.00000000099999999979 0.00000000099999999979 0.00000000099999999979 0.00000000099999999979 
0.00000000099999999978 0.00000000099999999978 0.99999999300000008695 0.00000000099999999978 0.00000000099999999978 0.00000000099999999978 0.00000000099999999978 0.00000000099999999978 
0.00000000099999999971 0.00000000099999999971 0.99999999299999997593 0.00000000099999999971 0.00000000099999999971 0.00000000099999999971 0.00000000099999999971 0.00000000099999999971 
0.00000000099999999977 0.00000000099999999977 0.00000000099999999977 0.99999999299999997593 0.00000000099999999977 0.00000000099999999977 0.00000000099999999977 0.00000000099999999977 
0.22374779067591724080 0.00000000099999999998 0.38567232243010257653 0.15546077993436921427 0.20628469635843948993 0.00000000099999999998 0.02883440760117136903 0.00000000099999999998 
0.00000000099999999995 0.00000000099999999995 0.78386470948831232786 0.00000000099999999995 0.00000000099999999995 0.15656166613080543804 0.00000000099999999995 0.05957361938088230613 
0.00000000099999999997 0.00000000099999999997 0.17876199562594535797 0.40810295351637093653 0.28646984801101982310 0.00000000099999999997 0.00000000099999999997 0.12666519884666396778 
0.00000000099999999978 0.00000000099999999978 0.00000000099999999978 0.99999999299999997593 0.00000000099999999978 0.00000000099999999978 0.00000000099999999978 0.00000000099999999978 
0.00000000099999999975 0.00000000099999999975 0.00000000099999999975 0.99999999299999997593 0.00000000099999999975 0.00000000099999999975 0.00000000099999999975 0.00000000099999999975 
0.00000000099999999981 0.00000000099999999981 0.00000000099999999981 0.99999999299999997593 0.00000000099999999981 0.00000000099999999981 0.00000000099999999981 0.00000000099999999981 
0.00000000099999999988 0.00000000099999999988 0.00000000099999999988 0.99999999299999997593 0.00000000099999999988 0.00000000099999999988 0.00000000099999999988 0.00000000099999999988 
0.09210815968838095835 0.00000000099999999998 0.36054160131416002066 0.20403137304141699682 0.29916812005626380877 0.00000000099999999998 0.01320758848220081501 0.03094315541757750032 
0.00000000099999999952 0.00000000099999999952 0.00000000099999999952 0.99999999299999997593 0.00000000099999999952 0.00000000099999999952 0.00000000099999999952 0.00000000099999999952 
0.00000000099999999986 0.00000000099999999986 0.00000000099999999986 0.99999999299999997593 0.00000000099999999986 0.00000000099999999986 0.00000000099999999986 0.00000000099999999986 
