95
DD1_02S    0.0000000 0.0383088 0.0319892 0.0498939 0.0384431 0.0489311 0.0428759 0.0341165 0.0730193 0.0385039 0.0471015 0.0682576 0.0538841 0.0402703 0.0426461 0.0429967 0.0432365 0.0328019 0.0336935 0.0477284 0.0393096 0.0710345 0.0406792 0.0305860 0.0463158 0.0498421 0.0381673 0.0526774 0.0375470 0.0475911 0.0573974 0.0195629 0.0453409 0.0428399 0.0361868 0.0544726 0.0362771 0.0373500 0.0442648 0.0458639 0.0492348 0.0885012 0.0494502 0.0516247 0.0585287 0.0472435 0.0489928 0.0745121 0.0504121 0.0675307 0.0551059 0.0464273 0.0439553 0.0477656 0.0447902 0.0413509 0.0437964 0.0442780 0.0474837 0.0416023 0.0769997 0.0249938 0.0168139 0.0249543 0.0598575 0.0380619 0.0677590 0.0476039 0.0480438 0.0447099 0.0511676 0.0403534 0.0469722 0.0505044 0.0394167 0.0337899 0.0418163 0.0411448 0.0484086 0.0465641 0.0395786 0.0443534 0.0337857 0.0440946 0.0431859 0.0464478 0.0445201 0.0436855 0.0459935 0.0468267 0.0520446 0.0469104 0.0452236 0.0421070 0.0625091 
DD3_01S    0.0383088 0.0000000 0.0295269 0.0451665 0.0397602 0.0382220 0.0414355 0.0419957 0.0654017 0.0326543 0.0435786 0.0707276 0.0473068 0.0419396 0.0358573 0.0315121 0.0409331 0.0330219 0.0307244 0.0485912 0.0383592 0.0667825 0.0403728 0.0238871 0.0413256 0.0374081 0.0312553 0.0466286 0.0392558 0.0512191 0.0504268 0.0204323 0.0425117 0.0414658 0.0346959 0.0533246 0.0396175 0.0369151 0.0413611 0.0452924 0.0522570 0.0903364 0.0497900 0.0419689 0.0626119 0.0464167 0.0448652 0.0769593 0.0486107 0.0719483 0.0535968 0.0450226 0.0464001 0.0451166 0.0470536 0.0407821 0.0458406 0.0436681 0.0476825 0.0480743 0.0780451 0.0253523 0.0144805 0.0243977 0.0584490 0.0418251 0.0679135 0.0441114 0.0484166 0.0463086 0.0407874 0.0373295 0.0530845 0.0517684 0.0447953 0.0336220 0.0407786 0.0397213 0.0479976 0.0460704 0.0385026 0.0392261 0.0311742 0.0468121 0.0418784 0.0409981 0.0429376 0.0441887 0.0428667 0.0426502 0.0499976 0.0456969 0.0449320 0.0410530 0.0675665 
DD3_02S    0.0319892 0.0295269 0.0000000 0.0462006 0.0328956 0.0406660 0.0341102 0.0277649 0.0663785 0.0285059 0.0380472 0.0571048 0.0388108 0.0273916 0.0324341 0.0281565 0.0329883 0.0232851 0.0275964 0.0321082 0.0294872 0.0634830 0.0336471 0.0239385 0.0392277 0.0357859 0.0326968 0.0450597 0.0287566 0.0438151 0.0491783 0.0165955 0.0358408 0.0365634 0.0274391 0.0478327 0.0263056 0.0291313 0.0333323 0.0367166 0.0433461 0.0752260 0.0419404 0.0378230 0.0518454 0.0402195 0.0379019 0.0668740 0.0465214 0.0601783 0.0452791 0.0348997 0.0362276 0.0313020 0.0335748 0.0328457 0.0342623 0.0293565 0.0345378 0.0318430 0.0645048 0.0178949 0.0112507 0.0181766 0.0513560 0.0308808 0.0578023 0.0331008 0.0351905 0.0322098 0.0333149 0.0348416 0.0379420 0.0408557 0.0345873 0.0282993 0.0283022 0.0309330 0.0346783 0.0301862 0.0321849 0.0301586 0.0216239 0.0299244 0.0320672 0.0306912 0.0349658 0.0351058 0.0375328 0.0365653 0.0362574 0.0379272 0.0335312 0.0344545 0.0533343 
DS1_01S    0.0498939 0.0451665 0.0462006 0.0000000 0.0445675 0.0480934 0.0499100 0.0475490 0.0840255 0.0453058 0.0578296 0.0742626 0.0584880 0.0464163 0.0441892 0.0457492 0.0464597 0.0434632 0.0388226 0.0531083 0.0441350 0.0769331 0.0464726 0.0316171 0.0491326 0.0492073 0.0469067 0.0577497 0.0447929 0.0567326 0.0561402 0.0250506 0.0419816 0.0514365 0.0413105 0.0612586 0.0438766 0.0437668 0.0482091 0.0523768 0.0578909 0.1000259 0.0603428 0.0543143 0.0763275 0.0613447 0.0528551 0.0878680 0.0648017 0.0840841 0.0625268 0.0563529 0.0502654 0.0529002 0.0535848 0.0551789 0.0536629 0.0513827 0.0512942 0.0505826 0.0862152 0.0323430 0.0252852 0.0333164 0.0691264 0.0506696 0.0809239 0.0538840 0.0550497 0.0554377 0.0542784 0.0512576 0.0637285 0.0614610 0.0514404 0.0405676 0.0488636 0.0489156 0.0569825 0.0497577 0.0488940 0.0490947 0.0353753 0.0518814 0.0513977 0.0513490 0.0511720 0.0522791 0.0539207 0.0523330 0.0563416 0.0546613 0.0516764 0.0466350 0.0737385 
DS1_02S    0.0384431 0.0397602 0.0328956 0.0445675 0.0000000 0.0331625 0.0333611 0.0270697 0.0572263 0.0304268 0.0381744 0.0463402 0.0451194 0.0336654 0.0286977 0.0316950 0.0401098 0.0325756 0.0292007 0.0406934 0.0382626 0.0646865 0.0354578 0.0258655 0.0403128 0.0372798 0.0303323 0.0492428 0.0322087 0.0421004 0.0504413 0.0186516 0.0373247 0.0374784 0.0287890 0.0542683 0.0297644 0.0323593 0.0350307 0.0372924 0.0410317 0.0794923 0.0474611 0.0402541 0.0558538 0.0435301 0.0391820 0.0694277 0.0505056 0.0657833 0.0465943 0.0341276 0.0374151 0.0352727 0.0424150 0.0365208 0.0412429 0.0342416 0.0374591 0.0401231 0.0699426 0.0202805 0.0143099 0.0212941 0.0496924 0.0334708 0.0675701 0.0381993 0.0415832 0.0393692 0.0397652 0.0393755 0.0467455 0.0460412 0.0342440 0.0331588 0.0354288 0.0346744 0.0420352 0.0383997 0.0365092 0.0358239 0.0274961 0.0375435 0.0338401 0.0366652 0.0381005 0.0420294 0.0375436 0.0386310 0.0421835 0.0391295 0.0359011 0.0339067 0.0562833 
DS2_01S    0.0489311 0.0382220 0.0406660 0.0480934 0.0331625 0.0000000 0.0359672 0.0288249 0.0320129 0.0208812 0.0256406 0.0277948 0.0348054 0.0394890 0.0292477 0.0359928 0.0420345 0.0305272 0.0357659 0.0413433 0.0399633 0.0687509 0.0233463 0.0268522 0.0411929 0.0390460 0.0271433 0.0461320 0.0342872 0.0462175 0.0503256 0.0220513 0.0355806 0.0431538 0.0316801 0.0523509 0.0326009 0.0405642 0.0405867 0.0533838 0.0517194 0.0847990 0.0511284 0.0488377 0.0620412 0.0496155 0.0467280 0.0791585 0.0496761 0.0659079 0.0448133 0.0430174 0.0456063 0.0486243 0.0455061 0.0468015 0.0501915 0.0455107 0.0467895 0.0390186 0.0757603 0.0273151 0.0179407 0.0285836 0.0608360 0.0411781 0.0733616 0.0454869 0.0458851 0.0476213 0.0479056 0.0444267 0.0505855 0.0564667 0.0401948 0.0338012 0.0434394 0.0356955 0.0499993 0.0466034 0.0394603 0.0428713 0.0276278 0.0523706 0.0441692 0.0455914 0.0455691 0.0414527 0.0467929 0.0438913 0.0489169 0.0450775 0.0456637 0.0405216 0.0670838 
DS2_02S    0.0428759 0.0414355 0.0341102 0.0499100 0.0333611 0.0359672 0.0000000 0.0296891 0.0594397 0.0258111 0.0368930 0.0566721 0.0380637 0.0286435 0.0291293 0.0258346 0.0289318 0.0302605 0.0272059 0.0370211 0.0382016 0.0624139 0.0348155 0.0236397 0.0359648 0.0361419 0.0273121 0.0409657 0.0344443 0.0414801 0.0407227 0.0194946 0.0271822 0.0350714 0.0271828 0.0381332 0.0316554 0.0282514 0.0400941 0.0406605 0.0491702 0.0786175 0.0387514 0.0382575 0.0536645 0.0426450 0.0418065 0.0692078 0.0461764 0.0585484 0.0433900 0.0394266 0.0385911 0.0407716 0.0412151 0.0405629 0.0401715 0.0373395 0.0402041 0.0402922 0.0711532 0.0211372 0.0165304 0.0198143 0.0608295 0.0348007 0.0642137 0.0435088 0.0411448 0.0382839 0.0423114 0.0405369 0.0487545 0.0510504 0.0346181 0.0305141 0.0369926 0.0380194 0.0419876 0.0384546 0.0329754 0.0386951 0.0271140 0.0438923 0.0378083 0.0394278 0.0418494 0.0431102 0.0371251 0.0362312 0.0447895 0.0427403 0.0371909 0.0375299 0.0599672 
DS2_03S    0.0341165 0.0419957 0.0277649 0.0475490 0.0270697 0.0288249 0.0296891 0.0000000 0.0522500 0.0265738 0.0343071 0.0433546 0.0356058 0.0238584 0.0202281 0.0263782 0.0313912 0.0209283 0.0185224 0.0342001 0.0286576 0.0551890 0.0252066 0.0183751 0.0315600 0.0300759 0.0236726 0.0432267 0.0261360 0.0324686 0.0427106 0.0172288 0.0303391 0.0334797 0.0149653 0.0422191 0.0222147 0.0303901 0.0360719 0.0423763 0.0465260 0.0817169 0.0423949 0.0377071 0.0573817 0.0420845 0.0422586 0.0744308 0.0476455 0.0614602 0.0422529 0.0372605 0.0355241 0.0396367 0.0410111 0.0399251 0.0380253 0.0351265 0.0348119 0.0332460 0.0654265 0.0196021 0.0130764 0.0182883 0.0560778 0.0305563 0.0586387 0.0358428 0.0370816 0.0361072 0.0391869 0.0372587 0.0429904 0.0440210 0.0362142 0.0324330 0.0329214 0.0329574 0.0382966 0.0396748 0.0340204 0.0351804 0.0236788 0.0381818 0.0367297 0.0371060 0.0360786 0.0413002 0.0383838 0.0378882 0.0398627 0.0393814 0.0379185 0.0387065 0.0534551 
DS2_05S    0.0730193 0.0654017 0.0663785 0.0840255 0.0572263 0.0320129 0.0594397 0.0522500 0.0000000 0.0329801 0.0126283 0.0375108 0.0447030 0.0555690 0.0493083 0.0478686 0.0607874 0.0583764 0.0537077 0.0682084 0.0586821 0.0859551 0.0454346 0.0429626 0.0602926 0.0546143 0.0514988 0.0699228 0.0601603 0.0688936 0.0685368 0.0379733 0.0660234 0.0625538 0.0520820 0.0738439 0.0564432 0.0639798 0.0681979 0.0715125 0.0765574 0.1117256 0.0804502 0.0760730 0.0882036 0.0731020 0.0665418 0.1054381 0.0770185 0.0982099 0.0711562 0.0741951 0.0718557 0.0746043 0.0714099 0.0679521 0.0726117 0.0669838 0.0658103 0.0642089 0.1004639 0.0474125 0.0366400 0.0469583 0.0926933 0.0695551 0.1012811 0.0720438 0.0703989 0.0712646 0.0740401 0.0718279 0.0805328 0.0832357 0.0658105 0.0597864 0.0670660 0.0629161 0.0739996 0.0644804 0.0674200 0.0657065 0.0433013 0.0738654 0.0710208 0.0683520 0.0732242 0.0694394 0.0735668 0.0719991 0.0764037 0.0707868 0.0690781 0.0650953 0.0926301 
DS2_06S    0.0385039 0.0326543 0.0285059 0.0453058 0.0304268 0.0208812 0.0258111 0.0265738 0.0329801 0.0000000 0.0202870 0.0298724 0.0261780 0.0296380 0.0271496 0.0209765 0.0277240 0.0258785 0.0244753 0.0274351 0.0254203 0.0544101 0.0227678 0.0153325 0.0300210 0.0269469 0.0242918 0.0391932 0.0279373 0.0364049 0.0401283 0.0139897 0.0282062 0.0308354 0.0223730 0.0435774 0.0238472 0.0287075 0.0314764 0.0361624 0.0416496 0.0799234 0.0415785 0.0413554 0.0534947 0.0406934 0.0355402 0.0713847 0.0442019 0.0639715 0.0391203 0.0366688 0.0353697 0.0383044 0.0395863 0.0354279 0.0375790 0.0375764 0.0367201 0.0364949 0.0681684 0.0187448 0.0120457 0.0163113 0.0549203 0.0304670 0.0629691 0.0400600 0.0387514 0.0373412 0.0412787 0.0376982 0.0410917 0.0445711 0.0341087 0.0267613 0.0294862 0.0274444 0.0402894 0.0372217 0.0303280 0.0333640 0.0201329 0.0391447 0.0368534 0.0381495 0.0339074 0.0381739 0.0400718 0.0366638 0.0447398 0.0386998 0.0380967 0.0291286 0.0562120 
DS2_07S    0.0471015 0.0435786 0.0380472 0.0578296 0.0381744 0.0256406 0.0368930 0.0343071 0.0126283 0.0202870 0.0000000 0.0271019 0.0286156 0.0324983 0.0285674 0.0329149 0.0357445 0.0318634 0.0344792 0.0428745 0.0342575 0.0628130 0.0280217 0.0241430 0.0384497 0.0371051 0.0344866 0.0501658 0.0339872 0.0414322 0.0460058 0.0201179 0.0400992 0.0400348 0.0316569 0.0491553 0.0351067 0.0400207 0.0404418 0.0469464 0.0488318 0.0794933 0.0454050 0.0441247 0.0594147 0.0479089 0.0405308 0.0769015 0.0513104 0.0718971 0.0442381 0.0420208 0.0469206 0.0481086 0.0479700 0.0423298 0.0491079 0.0420871 0.0417188 0.0443487 0.0745671 0.0221320 0.0179160 0.0263900 0.0585811 0.0419697 0.0699306 0.0423525 0.0444649 0.0427281 0.0431801 0.0432433 0.0523043 0.0516175 0.0406540 0.0344266 0.0374659 0.0389324 0.0503765 0.0365326 0.0395880 0.0374763 0.0216251 0.0462728 0.0416862 0.0416594 0.0463245 0.0431445 0.0449853 0.0465853 0.0505606 0.0444478 0.0457416 0.0398920 0.0632813 
DS2_08S    0.0682576 0.0707276 0.0571048 0.0742626 0.0463402 0.0277948 0.0566721 0.0433546 0.0375108 0.0298724 0.0271019 0.0000000 0.0533514 0.0550553 0.0439656 0.0492281 0.0607418 0.0488320 0.0542579 0.0626255 0.0535519 0.0884289 0.0423130 0.0432000 0.0601616 0.0587399 0.0466407 0.0711430 0.0574524 0.0659425 0.0696907 0.0393262 0.0661220 0.0577038 0.0493842 0.0707055 0.0504775 0.0516704 0.0634380 0.0666170 0.0673674 0.1083140 0.0747533 0.0709581 0.0906673 0.0735053 0.0696025 0.1062957 0.0762369 0.0998384 0.0712349 0.0658432 0.0659746 0.0681152 0.0680636 0.0625916 0.0669498 0.0661106 0.0650168 0.0634429 0.0977231 0.0433602 0.0326335 0.0440885 0.0810396 0.0657158 0.0964720 0.0635173 0.0688898 0.0693106 0.0706648 0.0641970 0.0758525 0.0754339 0.0636554 0.0549301 0.0594703 0.0543744 0.0676257 0.0624378 0.0621355 0.0605137 0.0429864 0.0700526 0.0666355 0.0647120 0.0696208 0.0656062 0.0658634 0.0644448 0.0698091 0.0675574 0.0680733 0.0569273 0.0887691 
DS2_10S    0.0538841 0.0473068 0.0388108 0.0584880 0.0451194 0.0348054 0.0380637 0.0356058 0.0447030 0.0261780 0.0286156 0.0533514 0.0000000 0.0395832 0.0304792 0.0390015 0.0445720 0.0366782 0.0340689 0.0436097 0.0379940 0.0645130 0.0303533 0.0221724 0.0378623 0.0412120 0.0300560 0.0475955 0.0393901 0.0445693 0.0499103 0.0234449 0.0445993 0.0455915 0.0347500 0.0524892 0.0390315 0.0392458 0.0425701 0.0461433 0.0539608 0.0872483 0.0500202 0.0490847 0.0626291 0.0495608 0.0478509 0.0784639 0.0526643 0.0684823 0.0512412 0.0480516 0.0445120 0.0443498 0.0515936 0.0470164 0.0463214 0.0461076 0.0456020 0.0421031 0.0787083 0.0292715 0.0205348 0.0302498 0.0641587 0.0394146 0.0709264 0.0457481 0.0469404 0.0445661 0.0423506 0.0417039 0.0567385 0.0555352 0.0440594 0.0382122 0.0394458 0.0395423 0.0513132 0.0463217 0.0398887 0.0389043 0.0130227 0.0479916 0.0402808 0.0427616 0.0456213 0.0419814 0.0498288 0.0455222 0.0516731 0.0487693 0.0412554 0.0401466 0.0636626 
DS3_03S    0.0402703 0.0419396 0.0273916 0.0464163 0.0336654 0.0394890 0.0286435 0.0238584 0.0555690 0.0296380 0.0324983 0.0550553 0.0395832 0.0000000 0.0248396 0.0245712 0.0288015 0.0229861 0.0212070 0.0356146 0.0150707 0.0611492 0.0278898 0.0175065 0.0302172 0.0288688 0.0313667 0.0459643 0.0260602 0.0278479 0.0488790 0.0162235 0.0352186 0.0287322 0.0225905 0.0472187 0.0179164 0.0249271 0.0285212 0.0383514 0.0407439 0.0780794 0.0423852 0.0335953 0.0542599 0.0431050 0.0370980 0.0650410 0.0451657 0.0666968 0.0423270 0.0368374 0.0385049 0.0380933 0.0395815 0.0359741 0.0355292 0.0369265 0.0361544 0.0345570 0.0691938 0.0188525 0.0148519 0.0183343 0.0600631 0.0341750 0.0608343 0.0342950 0.0417231 0.0350435 0.0371950 0.0385524 0.0456057 0.0488278 0.0342346 0.0289178 0.0314035 0.0347436 0.0426401 0.0390990 0.0336094 0.0295203 0.0198446 0.0330391 0.0294279 0.0305519 0.0338815 0.0368235 0.0373704 0.0361738 0.0402436 0.0369990 0.0345074 0.0292963 0.0542378 
DS3_27S    0.0426461 0.0358573 0.0324341 0.0441892 0.0286977 0.0292477 0.0291293 0.0202281 0.0493083 0.0271496 0.0285674 0.0439656 0.0304792 0.0248396 0.0000000 0.0152194 0.0230471 0.0133208 0.0068671 0.0329967 0.0161455 0.0189417 0.0158356 0.0097975 0.0081300 0.0297835 0.0266895 0.0203101 0.0171514 0.0148004 0.0192115 0.0129753 0.0248023 0.0195892 0.0161344 0.0254236 0.0308413 0.0151610 0.0348253 0.0374540 0.0435118 0.0771588 0.0409863 0.0379549 0.0526722 0.0403199 0.0376807 0.0676684 0.0436211 0.0599064 0.0419051 0.0358390 0.0351008 0.0372248 0.0362147 0.0398615 0.0412350 0.0360822 0.0342371 0.0345325 0.0667274 0.0208928 0.0139241 0.0194960 0.0488763 0.0308299 0.0614834 0.0341874 0.0351883 0.0359092 0.0352231 0.0329884 0.0434439 0.0466742 0.0366074 0.0289624 0.0312828 0.0280473 0.0370590 0.0344606 0.0308136 0.0316457 0.0201478 0.0361270 0.0284913 0.0344009 0.0346235 0.0343516 0.0332398 0.0348639 0.0369146 0.0375273 0.0336354 0.0332736 0.0550803 
DS3_28S    0.0429967 0.0315121 0.0281565 0.0457492 0.0316950 0.0359928 0.0258346 0.0263782 0.0478686 0.0209765 0.0329149 0.0492281 0.0390015 0.0245712 0.0152194 0.0000000 0.0212825 0.0183079 0.0125262 0.0226171 0.0158346 0.0288295 0.0121318 0.0090980 0.0146497 0.0168076 0.0247358 0.0154074 0.0194412 0.0240815 0.0146859 0.0134232 0.0194421 0.0191705 0.0178237 0.0216838 0.0255192 0.0157375 0.0385804 0.0426320 0.0481162 0.0849242 0.0481515 0.0393241 0.0608005 0.0471571 0.0390259 0.0723325 0.0510072 0.0687769 0.0472086 0.0439796 0.0398241 0.0397042 0.0410349 0.0389776 0.0433640 0.0356553 0.0403523 0.0402180 0.0715562 0.0206858 0.0129564 0.0205483 0.0581490 0.0377718 0.0662139 0.0381480 0.0361588 0.0412406 0.0421162 0.0381202 0.0473902 0.0494208 0.0358624 0.0333847 0.0340409 0.0311816 0.0481777 0.0411877 0.0344920 0.0386666 0.0245855 0.0400278 0.0365363 0.0398689 0.0411552 0.0390173 0.0390403 0.0392422 0.0467500 0.0402709 0.0428247 0.0337040 0.0608158 
DS3_29S    0.0432365 0.0409331 0.0329883 0.0464597 0.0401098 0.0420345 0.0289318 0.0313912 0.0607874 0.0277240 0.0357445 0.0607418 0.0445720 0.0288015 0.0230471 0.0212825 0.0000000 0.0134587 0.0161097 0.0235515 0.0158297 0.0320848 0.0234100 0.0096698 0.0193879 0.0334117 0.0305680 0.0178002 0.0241534 0.0243018 0.0287832 0.0117862 0.0199638 0.0209915 0.0189738 0.0320362 0.0292373 0.0176099 0.0348048 0.0408798 0.0466293 0.0828701 0.0433111 0.0438135 0.0582790 0.0463982 0.0379825 0.0702127 0.0461979 0.0669474 0.0439881 0.0423831 0.0392467 0.0416803 0.0442398 0.0390530 0.0398263 0.0409268 0.0436515 0.0442181 0.0745305 0.0234323 0.0152117 0.0192156 0.0605032 0.0361535 0.0687462 0.0414165 0.0402746 0.0447134 0.0474261 0.0422275 0.0465229 0.0471287 0.0372240 0.0328565 0.0373693 0.0336053 0.0440952 0.0401479 0.0352995 0.0386983 0.0264823 0.0410895 0.0391416 0.0403521 0.0440261 0.0422765 0.0412823 0.0399649 0.0423596 0.0424430 0.0459673 0.0341228 0.0617205 
DS3_30S    0.0328019 0.0330219 0.0232851 0.0434632 0.0325756 0.0305272 0.0302605 0.0209283 0.0583764 0.0258785 0.0318634 0.0488320 0.0366782 0.0229861 0.0133208 0.0183079 0.0134587 0.0000000 0.0120519 0.0263536 0.0131483 0.0182485 0.0207747 0.0068789 0.0085941 0.0305978 0.0290445 0.0123944 0.0146458 0.0167451 0.0243697 0.0119037 0.0180659 0.0175827 0.0102013 0.0297114 0.0273612 0.0107661 0.0317618 0.0349648 0.0451644 0.0736970 0.0363768 0.0366317 0.0576401 0.0409292 0.0381999 0.0637438 0.0436197 0.0637911 0.0421755 0.0367287 0.0346990 0.0355918 0.0361183 0.0360715 0.0368229 0.0346133 0.0339808 0.0384196 0.0636036 0.0169069 0.0137034 0.0196512 0.0525105 0.0288060 0.0627384 0.0340383 0.0372636 0.0353137 0.0388153 0.0360374 0.0383248 0.0443752 0.0326556 0.0279297 0.0313309 0.0293828 0.0396168 0.0331085 0.0335555 0.0310134 0.0224723 0.0337500 0.0331975 0.0342604 0.0390994 0.0344179 0.0351162 0.0394880 0.0410621 0.0366998 0.0399263 0.0317944 0.0582131 
DS3_31S    0.0336935 0.0307244 0.0275964 0.0388226 0.0292007 0.0357659 0.0272059 0.0185224 0.0537077 0.0244753 0.0344792 0.0542579 0.0340689 0.0212070 0.0068671 0.0125262 0.0161097 0.0120519 0.0000000 0.0304017 0.0114847 0.0221202 0.0185182 0.0096531 0.0063223 0.0253116 0.0257554 0.0178940 0.0139214 0.0126399 0.0185068 0.0128263 0.0182235 0.0198475 0.0085563 0.0175054 0.0290164 0.0176710 0.0342429 0.0368080 0.0429418 0.0751514 0.0402320 0.0378582 0.0558056 0.0412466 0.0366423 0.0646968 0.0459086 0.0603576 0.0444259 0.0362530 0.0311894 0.0359953 0.0349579 0.0350963 0.0369432 0.0346478 0.0313310 0.0328174 0.0639867 0.0174681 0.0121089 0.0171275 0.0487518 0.0271549 0.0614650 0.0356694 0.0330413 0.0333441 0.0366506 0.0330933 0.0407629 0.0435811 0.0365213 0.0300406 0.0307364 0.0309329 0.0379253 0.0345325 0.0305046 0.0299824 0.0199835 0.0354133 0.0321935 0.0328246 0.0333548 0.0331886 0.0355704 0.0332921 0.0346969 0.0318102 0.0337500 0.0316249 0.0530829 
DS3_32S    0.0477284 0.0485912 0.0321082 0.0531083 0.0406934 0.0413433 0.0370211 0.0342001 0.0682084 0.0274351 0.0428745 0.0626255 0.0436097 0.0356146 0.0329967 0.0226171 0.0235515 0.0263536 0.0304017 0.0000000 0.0318419 0.0493061 0.0296409 0.0208545 0.0268304 0.0315283 0.0290507 0.0336936 0.0309662 0.0420807 0.0418575 0.0166825 0.0270020 0.0285207 0.0269819 0.0363166 0.0287066 0.0293309 0.0394541 0.0450158 0.0510058 0.0842602 0.0509300 0.0491263 0.0584550 0.0489867 0.0410729 0.0728119 0.0499461 0.0657304 0.0487826 0.0398884 0.0444881 0.0410598 0.0454057 0.0451745 0.0438678 0.0413421 0.0413791 0.0432838 0.0698941 0.0251291 0.0181272 0.0207763 0.0648491 0.0367499 0.0702925 0.0437227 0.0389162 0.0417037 0.0482919 0.0442033 0.0438719 0.0524652 0.0387055 0.0391288 0.0379928 0.0371881 0.0447807 0.0456905 0.0346700 0.0419491 0.0307687 0.0420941 0.0442655 0.0424184 0.0464014 0.0411936 0.0462973 0.0460404 0.0491157 0.0479866 0.0431637 0.0374122 0.0661559 
DS3_33S    0.0393096 0.0383592 0.0294872 0.0441350 0.0382626 0.0399633 0.0382016 0.0286576 0.0586821 0.0254203 0.0342575 0.0535519 0.0379940 0.0150707 0.0161455 0.0158346 0.0158297 0.0131483 0.0114847 0.0318419 0.0000000 0.0251687 0.0129218 0.0108282 0.0097282 0.0305415 0.0305178 0.0182313 0.0133844 0.0148018 0.0176842 0.0153647 0.0210997 0.0160678 0.0138357 0.0219897 0.0174748 0.0222732 0.0330118 0.0398621 0.0455415 0.0762804 0.0418890 0.0375042 0.0574923 0.0421623 0.0369756 0.0653906 0.0442734 0.0627626 0.0430495 0.0412350 0.0420534 0.0396927 0.0404317 0.0368283 0.0419723 0.0391283 0.0385566 0.0419605 0.0727289 0.0212746 0.0154207 0.0231938 0.0580635 0.0326502 0.0661292 0.0388038 0.0373340 0.0392471 0.0414066 0.0378840 0.0453916 0.0498570 0.0382063 0.0304707 0.0329798 0.0313190 0.0441820 0.0371944 0.0356139 0.0321850 0.0241539 0.0368783 0.0356097 0.0362306 0.0372380 0.0361596 0.0391708 0.0388377 0.0381820 0.0375340 0.0406319 0.0343925 0.0564835 
DS3_34S    0.0710345 0.0667825 0.0634830 0.0769331 0.0646865 0.0687509 0.0624139 0.0551890 0.0859551 0.0544101 0.0628130 0.0884289 0.0645130 0.0611492 0.0189417 0.0288295 0.0320848 0.0182485 0.0221202 0.0493061 0.0251687 0.0000000 0.0229025 0.0158171 0.0118330 0.0586799 0.0506567 0.0236005 0.0326258 0.0217608 0.0176862 0.0259854 0.0257726 0.0242874 0.0217172 0.0261465 0.0579092 0.0195072 0.0659976 0.0742299 0.0832424 0.1167062 0.0762340 0.0743922 0.0928288 0.0770716 0.0709298 0.1040513 0.0774083 0.0987389 0.0778961 0.0722189 0.0702689 0.0748400 0.0722247 0.0724590 0.0755264 0.0697075 0.0717620 0.0737764 0.1034258 0.0479880 0.0393217 0.0477121 0.0908794 0.0659156 0.1044755 0.0717495 0.0686700 0.0684970 0.0763660 0.0746650 0.0790790 0.0834118 0.0717113 0.0647990 0.0640170 0.0580374 0.0755977 0.0741894 0.0636899 0.0661766 0.0521945 0.0674681 0.0693149 0.0708305 0.0712452 0.0678677 0.0715118 0.0725293 0.0715484 0.0721226 0.0721574 0.0649539 0.0908329 
DS3_35S    0.0406792 0.0403728 0.0336471 0.0464726 0.0354578 0.0233463 0.0348155 0.0252066 0.0454346 0.0227678 0.0280217 0.0423130 0.0303533 0.0278898 0.0158356 0.0121318 0.0234100 0.0207747 0.0185182 0.0296409 0.0129218 0.0229025 0.0000000 0.0099068 0.0137595 0.0321327 0.0241359 0.0181450 0.0190562 0.0258993 0.0169259 0.0144235 0.0172767 0.0175489 0.0185209 0.0209921 0.0268843 0.0231579 0.0371900 0.0428854 0.0473149 0.0823431 0.0417790 0.0431553 0.0607547 0.0443504 0.0390186 0.0754445 0.0492758 0.0638673 0.0448312 0.0440448 0.0414929 0.0411647 0.0405916 0.0436498 0.0437718 0.0372774 0.0388520 0.0370696 0.0699676 0.0212672 0.0135375 0.0199801 0.0536914 0.0360369 0.0649286 0.0371856 0.0413859 0.0398963 0.0418151 0.0380645 0.0468457 0.0495582 0.0371777 0.0322497 0.0354658 0.0213207 0.0440003 0.0372506 0.0356334 0.0339545 0.0212633 0.0385617 0.0345619 0.0391841 0.0387048 0.0389225 0.0379956 0.0368939 0.0407374 0.0366494 0.0397261 0.0331793 0.0569324 
DS3_36S    0.0305860 0.0238871 0.0239385 0.0316171 0.0258655 0.0268522 0.0236397 0.0183751 0.0429626 0.0153325 0.0241430 0.0432000 0.0221724 0.0175065 0.0097975 0.0090980 0.0096698 0.0068789 0.0096531 0.0208545 0.0108282 0.0158171 0.0099068 0.0000000 0.0074406 0.0079483 0.0186645 0.0067218 0.0118305 0.0123456 0.0093065 0.0075837 0.0110640 0.0122950 0.0074841 0.0157248 0.0170613 0.0099721 0.0218227 0.0262535 0.0356920 0.0649895 0.0283001 0.0271987 0.0414973 0.0303176 0.0236743 0.0526221 0.0321656 0.0502836 0.0332848 0.0274939 0.0291398 0.0282527 0.0305719 0.0272133 0.0292109 0.0248890 0.0264689 0.0280493 0.0555745 0.0135036 0.0100989 0.0117081 0.0454580 0.0258237 0.0533992 0.0270884 0.0257040 0.0285188 0.0326208 0.0312131 0.0326019 0.0362560 0.0246137 0.0226133 0.0230060 0.0223900 0.0341922 0.0295773 0.0234349 0.0231728 0.0155752 0.0259100 0.0219272 0.0248843 0.0292857 0.0266646 0.0267323 0.0290890 0.0311109 0.0298149 0.0316290 0.0220838 0.0454586 
DS3_37S    0.0463158 0.0413256 0.0392277 0.0491326 0.0403128 0.0411929 0.0359648 0.0315600 0.0602926 0.0300210 0.0384497 0.0601616 0.0378623 0.0302172 0.0081300 0.0146497 0.0193879 0.0085941 0.0063223 0.0268304 0.0097282 0.0118330 0.0137595 0.0074406 0.0000000 0.0279036 0.0295388 0.0122110 0.0129117 0.0085240 0.0099508 0.0163928 0.0158504 0.0114666 0.0068571 0.0091128 0.0315966 0.0133566 0.0415149 0.0435305 0.0520502 0.0841438 0.0482908 0.0462497 0.0625678 0.0462744 0.0420652 0.0737075 0.0526362 0.0720377 0.0488469 0.0469686 0.0403881 0.0435614 0.0449777 0.0459039 0.0469549 0.0409538 0.0409191 0.0453159 0.0707204 0.0255581 0.0209876 0.0248438 0.0603981 0.0377729 0.0691932 0.0439817 0.0406540 0.0444579 0.0468018 0.0443812 0.0494730 0.0523151 0.0432979 0.0370383 0.0411015 0.0365081 0.0484208 0.0454645 0.0382120 0.0388360 0.0265345 0.0424943 0.0415205 0.0420103 0.0457120 0.0433114 0.0426902 0.0446023 0.0498967 0.0454124 0.0443956 0.0398595 0.0649076 
DS3_38S    0.0498421 0.0374081 0.0357859 0.0492073 0.0372798 0.0390460 0.0361419 0.0300759 0.0546143 0.0269469 0.0371051 0.0587399 0.0412120 0.0288688 0.0297835 0.0168076 0.0334117 0.0305978 0.0253116 0.0315283 0.0305415 0.0586799 0.0321327 0.0079483 0.0279036 0.0000000 0.0344389 0.0461764 0.0330788 0.0347692 0.0409678 0.0186406 0.0354263 0.0368502 0.0265461 0.0454492 0.0273170 0.0332334 0.0373215 0.0450523 0.0526291 0.0908065 0.0548282 0.0475444 0.0638779 0.0526916 0.0431315 0.0817375 0.0564776 0.0785005 0.0559003 0.0474295 0.0423375 0.0461753 0.0480167 0.0439518 0.0452812 0.0393717 0.0404087 0.0456186 0.0768245 0.0219329 0.0172246 0.0198822 0.0614249 0.0406465 0.0716256 0.0450126 0.0426503 0.0453025 0.0485109 0.0428445 0.0542287 0.0551699 0.0412843 0.0366864 0.0409591 0.0383314 0.0513069 0.0476400 0.0374336 0.0461130 0.0276398 0.0465717 0.0459825 0.0484207 0.0468774 0.0436760 0.0477568 0.0450694 0.0504311 0.0501628 0.0481054 0.0397287 0.0617202 
DS3_39S    0.0381673 0.0312553 0.0326968 0.0469067 0.0303323 0.0271433 0.0273121 0.0236726 0.0514988 0.0242918 0.0344866 0.0466407 0.0300560 0.0313667 0.0266895 0.0247358 0.0305680 0.0290445 0.0257554 0.0290507 0.0305178 0.0506567 0.0241359 0.0186645 0.0295388 0.0344389 0.0000000 0.0368645 0.0275765 0.0413812 0.0353445 0.0127029 0.0265115 0.0307299 0.0256917 0.0395175 0.0270744 0.0273731 0.0337689 0.0379664 0.0394428 0.0728730 0.0394161 0.0366251 0.0493907 0.0372934 0.0366459 0.0707238 0.0389877 0.0550086 0.0386997 0.0369899 0.0397027 0.0419243 0.0424734 0.0346764 0.0386775 0.0347845 0.0375387 0.0337636 0.0661606 0.0188437 0.0116841 0.0178371 0.0523080 0.0347394 0.0588393 0.0350759 0.0377750 0.0320073 0.0359087 0.0336829 0.0457982 0.0432939 0.0372981 0.0281995 0.0333590 0.0346671 0.0376612 0.0366333 0.0316925 0.0314981 0.0185764 0.0401647 0.0327717 0.0347475 0.0358872 0.0391257 0.0368993 0.0334781 0.0425751 0.0366900 0.0349403 0.0312730 0.0543812 
DS3_40S    0.0526774 0.0466286 0.0450597 0.0577497 0.0492428 0.0461320 0.0409657 0.0432267 0.0699228 0.0391932 0.0501658 0.0711430 0.0475955 0.0459643 0.0203101 0.0154074 0.0178002 0.0123944 0.0178940 0.0336936 0.0182313 0.0236005 0.0181450 0.0067218 0.0122110 0.0461764 0.0368645 0.0000000 0.0171037 0.0243685 0.0169114 0.0138969 0.0214151 0.0176067 0.0213213 0.0218947 0.0381236 0.0131928 0.0478112 0.0526208 0.0622061 0.0955767 0.0544965 0.0553993 0.0681169 0.0545348 0.0503289 0.0885783 0.0581727 0.0827046 0.0597315 0.0538784 0.0531460 0.0546553 0.0583463 0.0558184 0.0598512 0.0487938 0.0513605 0.0503239 0.0851436 0.0327674 0.0239054 0.0293064 0.0686478 0.0454679 0.0809648 0.0534378 0.0496366 0.0503273 0.0543607 0.0508103 0.0579376 0.0614310 0.0499054 0.0439389 0.0476013 0.0428229 0.0561849 0.0527015 0.0483736 0.0479179 0.0346901 0.0530238 0.0498558 0.0521740 0.0562340 0.0526421 0.0495115 0.0543590 0.0580186 0.0548632 0.0523776 0.0453169 0.0764681 
DS3_42S    0.0375470 0.0392558 0.0287566 0.0447929 0.0322087 0.0342872 0.0344443 0.0261360 0.0601603 0.0279373 0.0339872 0.0574524 0.0393901 0.0260602 0.0171514 0.0194412 0.0241534 0.0146458 0.0139214 0.0309662 0.0133844 0.0326258 0.0190562 0.0118305 0.0129117 0.0330788 0.0275765 0.0171037 0.0000000 0.0231139 0.0185639 0.0129836 0.0195816 0.0230092 0.0155913 0.0254318 0.0282642 0.0227715 0.0349197 0.0392058 0.0462596 0.0765306 0.0390001 0.0400160 0.0560619 0.0382268 0.0378040 0.0700071 0.0468265 0.0629906 0.0427915 0.0373513 0.0329176 0.0360299 0.0365560 0.0361336 0.0369650 0.0344954 0.0354067 0.0322782 0.0654626 0.0168258 0.0132650 0.0157823 0.0542102 0.0314291 0.0599799 0.0361595 0.0322231 0.0332488 0.0376789 0.0338532 0.0431251 0.0433101 0.0346257 0.0266407 0.0316121 0.0291251 0.0367368 0.0367201 0.0301479 0.0310230 0.0206679 0.0368540 0.0356400 0.0360323 0.0381575 0.0347590 0.0398167 0.0387178 0.0395600 0.0389379 0.0354248 0.0301864 0.0580769 
DS3_43S    0.0475911 0.0512191 0.0438151 0.0567326 0.0421004 0.0462175 0.0414801 0.0324686 0.0688936 0.0364049 0.0414322 0.0659425 0.0445693 0.0278479 0.0148004 0.0240815 0.0243018 0.0167451 0.0126399 0.0420807 0.0148018 0.0217608 0.0258993 0.0123456 0.0085240 0.0347692 0.0413812 0.0243685 0.0231139 0.0000000 0.0169877 0.0197890 0.0270054 0.0308986 0.0125448 0.0201774 0.0214028 0.0266029 0.0452282 0.0545696 0.0621906 0.0952764 0.0546394 0.0517761 0.0660237 0.0519003 0.0510874 0.0820641 0.0574736 0.0842530 0.0542104 0.0505633 0.0486135 0.0526714 0.0572697 0.0529477 0.0553672 0.0498553 0.0485760 0.0523777 0.0816885 0.0298679 0.0261816 0.0299488 0.0659358 0.0452670 0.0813388 0.0504898 0.0502191 0.0555614 0.0547335 0.0530422 0.0567087 0.0649886 0.0501845 0.0428282 0.0501058 0.0471865 0.0592423 0.0547210 0.0491034 0.0477205 0.0343676 0.0500856 0.0494967 0.0507232 0.0491565 0.0476209 0.0478144 0.0490064 0.0500807 0.0462593 0.0504874 0.0474860 0.0671319 
DS3_54S    0.0573974 0.0504268 0.0491783 0.0561402 0.0504413 0.0503256 0.0407227 0.0427106 0.0685368 0.0401283 0.0460058 0.0696907 0.0499103 0.0488790 0.0192115 0.0146859 0.0287832 0.0243697 0.0185068 0.0418575 0.0176842 0.0176862 0.0169259 0.0093065 0.0099508 0.0409678 0.0353445 0.0169114 0.0185639 0.0169877 0.0000000 0.0202524 0.0204590 0.0286717 0.0215144 0.0081645 0.0397180 0.0321992 0.0493161 0.0542157 0.0590650 0.0931819 0.0597873 0.0561546 0.0710028 0.0544636 0.0512235 0.0836127 0.0598772 0.0791579 0.0555122 0.0564668 0.0536236 0.0553629 0.0527402 0.0559470 0.0583444 0.0534253 0.0533907 0.0545727 0.0850361 0.0331871 0.0257672 0.0311901 0.0703706 0.0482222 0.0864214 0.0541560 0.0504855 0.0545839 0.0568901 0.0551288 0.0600968 0.0630014 0.0512960 0.0454296 0.0433240 0.0447859 0.0604081 0.0563492 0.0463507 0.0490825 0.0352756 0.0496765 0.0479588 0.0538413 0.0537885 0.0480698 0.0512286 0.0549926 0.0560083 0.0527831 0.0564154 0.0467261 0.0734845 
DS3_55S    0.0195629 0.0204323 0.0165955 0.0250506 0.0186516 0.0220513 0.0194946 0.0172288 0.0379733 0.0139897 0.0201179 0.0393262 0.0234449 0.0162235 0.0129753 0.0134232 0.0117862 0.0119037 0.0128263 0.0166825 0.0153647 0.0259854 0.0144235 0.0075837 0.0163928 0.0186406 0.0127029 0.0138969 0.0129836 0.0197890 0.0202524 0.0000000 0.0129802 0.0135630 0.0107107 0.0232852 0.0148533 0.0121380 0.0149278 0.0166334 0.0224983 0.0483600 0.0204950 0.0201348 0.0312903 0.0220772 0.0188301 0.0398853 0.0246679 0.0346220 0.0222575 0.0187306 0.0207431 0.0176965 0.0179376 0.0174825 0.0154179 0.0150161 0.0148720 0.0126744 0.0375714 0.0095766 0.0077012 0.0107306 0.0302570 0.0154792 0.0312401 0.0184714 0.0201260 0.0187645 0.0177984 0.0165303 0.0199631 0.0196758 0.0170328 0.0105935 0.0153208 0.0161695 0.0152219 0.0165105 0.0125915 0.0160258 0.0104076 0.0176567 0.0147747 0.0159954 0.0176772 0.0179450 0.0183780 0.0178157 0.0203948 0.0174929 0.0189802 0.0167884 0.0343904 
DS3_58S    0.0453409 0.0425117 0.0358408 0.0419816 0.0373247 0.0355806 0.0271822 0.0303391 0.0660234 0.0282062 0.0400992 0.0661220 0.0445993 0.0352186 0.0248023 0.0194421 0.0199638 0.0180659 0.0182235 0.0270020 0.0210997 0.0257726 0.0172767 0.0110640 0.0158504 0.0354263 0.0265115 0.0214151 0.0195816 0.0270054 0.0204590 0.0129802 0.0000000 0.0248409 0.0124398 0.0140874 0.0332594 0.0217342 0.0400695 0.0445585 0.0515483 0.0840131 0.0472576 0.0459088 0.0602279 0.0481798 0.0395201 0.0807006 0.0476013 0.0664871 0.0439448 0.0435143 0.0431672 0.0436317 0.0444647 0.0426001 0.0462583 0.0387424 0.0405982 0.0438347 0.0736581 0.0228814 0.0158582 0.0223615 0.0607863 0.0386934 0.0652070 0.0441683 0.0390887 0.0420758 0.0460012 0.0452550 0.0471528 0.0490797 0.0430733 0.0352290 0.0384345 0.0320928 0.0481000 0.0410351 0.0354011 0.0412759 0.0281568 0.0407535 0.0429836 0.0432799 0.0436821 0.0449714 0.0388373 0.0409198 0.0473015 0.0443115 0.0407109 0.0351891 0.0638767 
DS3_59S    0.0428399 0.0414658 0.0365634 0.0514365 0.0374784 0.0431538 0.0350714 0.0334797 0.0625538 0.0308354 0.0400348 0.0577038 0.0455915 0.0287322 0.0195892 0.0191705 0.0209915 0.0175827 0.0198475 0.0285207 0.0160678 0.0242874 0.0175489 0.0122950 0.0114666 0.0368502 0.0307299 0.0176067 0.0230092 0.0308986 0.0286717 0.0135630 0.0248409 0.0000000 0.0220673 0.0275111 0.0324938 0.0101927 0.0353006 0.0411930 0.0504427 0.0839783 0.0419980 0.0417307 0.0589781 0.0430547 0.0383800 0.0722494 0.0518953 0.0662325 0.0508441 0.0401769 0.0437974 0.0425852 0.0387614 0.0418730 0.0366479 0.0409883 0.0411265 0.0423732 0.0701600 0.0250085 0.0173243 0.0238043 0.0637222 0.0376237 0.0689800 0.0375395 0.0428960 0.0399906 0.0452715 0.0409823 0.0501402 0.0525144 0.0419461 0.0363561 0.0375672 0.0369070 0.0452609 0.0358589 0.0378252 0.0347646 0.0275274 0.0404079 0.0364589 0.0402381 0.0402808 0.0418561 0.0407464 0.0439331 0.0452135 0.0390040 0.0398801 0.0378415 0.0626229 
DS3_60S    0.0361868 0.0346959 0.0274391 0.0413105 0.0287890 0.0316801 0.0271828 0.0149653 0.0520820 0.0223730 0.0316569 0.0493842 0.0347500 0.0225905 0.0161344 0.0178237 0.0189738 0.0102013 0.0085563 0.0269819 0.0138357 0.0217172 0.0185209 0.0074841 0.0068571 0.0265461 0.0256917 0.0213213 0.0155913 0.0125448 0.0215144 0.0107107 0.0124398 0.0220673 0.0000000 0.0161603 0.0242521 0.0207235 0.0326836 0.0377948 0.0433970 0.0721397 0.0371198 0.0374573 0.0533409 0.0409311 0.0356441 0.0637219 0.0444091 0.0597675 0.0380379 0.0343293 0.0342092 0.0374804 0.0369451 0.0392650 0.0357139 0.0310190 0.0329227 0.0341129 0.0664450 0.0193895 0.0124903 0.0191414 0.0520013 0.0301943 0.0651025 0.0322191 0.0363508 0.0357729 0.0391780 0.0373424 0.0432376 0.0467558 0.0355849 0.0309307 0.0306743 0.0314283 0.0401091 0.0363355 0.0323897 0.0326004 0.0212901 0.0340146 0.0336181 0.0319822 0.0337626 0.0364008 0.0347951 0.0367325 0.0384056 0.0344897 0.0363462 0.0313935 0.0535082 
DS3_61S    0.0544726 0.0533246 0.0478327 0.0612586 0.0542683 0.0523509 0.0381332 0.0422191 0.0738439 0.0435774 0.0491553 0.0707055 0.0524892 0.0472187 0.0254236 0.0216838 0.0320362 0.0297114 0.0175054 0.0363166 0.0219897 0.0261465 0.0209921 0.0157248 0.0091128 0.0454492 0.0395175 0.0218947 0.0254318 0.0201774 0.0081645 0.0232852 0.0140874 0.0275111 0.0161603 0.0000000 0.0454872 0.0318405 0.0545791 0.0566541 0.0627639 0.0977603 0.0627472 0.0605008 0.0719573 0.0572991 0.0548741 0.0873468 0.0632783 0.0829940 0.0635529 0.0613366 0.0551324 0.0576258 0.0578299 0.0572852 0.0596544 0.0526507 0.0553301 0.0568054 0.0902960 0.0376129 0.0275889 0.0335464 0.0780958 0.0528055 0.0872616 0.0576556 0.0525292 0.0543068 0.0600187 0.0558778 0.0627201 0.0659622 0.0541709 0.0500454 0.0522662 0.0456833 0.0644227 0.0579495 0.0453171 0.0530921 0.0398775 0.0562360 0.0559857 0.0584171 0.0559437 0.0488043 0.0528284 0.0552200 0.0577415 0.0554343 0.0563244 0.0453045 0.0755308 
DS3_62S    0.0362771 0.0396175 0.0263056 0.0438766 0.0297644 0.0326009 0.0316554 0.0222147 0.0564432 0.0238472 0.0351067 0.0504775 0.0390315 0.0179164 0.0308413 0.0255192 0.0292373 0.0273612 0.0290164 0.0287066 0.0174748 0.0579092 0.0268843 0.0170613 0.0315966 0.0273170 0.0270744 0.0381236 0.0282642 0.0214028 0.0397180 0.0148533 0.0332594 0.0324938 0.0242521 0.0454872 0.0000000 0.0299676 0.0293234 0.0389359 0.0398001 0.0860354 0.0461658 0.0404450 0.0561709 0.0443558 0.0413325 0.0674437 0.0444669 0.0599011 0.0419034 0.0385439 0.0370110 0.0356226 0.0423621 0.0380819 0.0376459 0.0381798 0.0324347 0.0369408 0.0666009 0.0182838 0.0119939 0.0185108 0.0577156 0.0314798 0.0640673 0.0413945 0.0387555 0.0405733 0.0432677 0.0404506 0.0435846 0.0503765 0.0378520 0.0334476 0.0356575 0.0370529 0.0437804 0.0405313 0.0356453 0.0354259 0.0215343 0.0365979 0.0371379 0.0373433 0.0375047 0.0394494 0.0390119 0.0375954 0.0396508 0.0364918 0.0401075 0.0333764 0.0552428 
DS3_63S    0.0373500 0.0369151 0.0291313 0.0437668 0.0323593 0.0405642 0.0282514 0.0303901 0.0639798 0.0287075 0.0400207 0.0516704 0.0392458 0.0249271 0.0151610 0.0157375 0.0176099 0.0107661 0.0176710 0.0293309 0.0222732 0.0195072 0.0231579 0.0099721 0.0133566 0.0332334 0.0273731 0.0131928 0.0227715 0.0266029 0.0321992 0.0121380 0.0217342 0.0101927 0.0207235 0.0318405 0.0299676 0.0000000 0.0323524 0.0339693 0.0422530 0.0808100 0.0404299 0.0353639 0.0528952 0.0377804 0.0357987 0.0664766 0.0466649 0.0600723 0.0453485 0.0364535 0.0375090 0.0373750 0.0369647 0.0409683 0.0355849 0.0347874 0.0372093 0.0355925 0.0656044 0.0194282 0.0154662 0.0197630 0.0541625 0.0330442 0.0645319 0.0342024 0.0373326 0.0366559 0.0416901 0.0363273 0.0455865 0.0463219 0.0351771 0.0304174 0.0317581 0.0332333 0.0395081 0.0325132 0.0317620 0.0305187 0.0233744 0.0355271 0.0323141 0.0349138 0.0379901 0.0374884 0.0345733 0.0353005 0.0400383 0.0350444 0.0373765 0.0323528 0.0565848 
LS1_01S    0.0442648 0.0413611 0.0333323 0.0482091 0.0350307 0.0405867 0.0400941 0.0360719 0.0681979 0.0314764 0.0404418 0.0634380 0.0425701 0.0285212 0.0348253 0.0385804 0.0348048 0.0317618 0.0342429 0.0394541 0.0330118 0.0659976 0.0371900 0.0218227 0.0415149 0.0373215 0.0337689 0.0478112 0.0349197 0.0452282 0.0493161 0.0149278 0.0400695 0.0353006 0.0326836 0.0545791 0.0293234 0.0323524 0.0000000 0.0300187 0.0280678 0.0676392 0.0333158 0.0270322 0.0428771 0.0311977 0.0229561 0.0560828 0.0383640 0.0533516 0.0375900 0.0311147 0.0321570 0.0286771 0.0351559 0.0298703 0.0319833 0.0298098 0.0269190 0.0312021 0.0612889 0.0132529 0.0104515 0.0163556 0.0512522 0.0247798 0.0537113 0.0273687 0.0314829 0.0321975 0.0288056 0.0327750 0.0352072 0.0391785 0.0309997 0.0211982 0.0238703 0.0299944 0.0317009 0.0298826 0.0302760 0.0245295 0.0176198 0.0253969 0.0226253 0.0264083 0.0330139 0.0299418 0.0322121 0.0305940 0.0319783 0.0338742 0.0305039 0.0244561 0.0500714 
LS1_02S    0.0458639 0.0452924 0.0367166 0.0523768 0.0372924 0.0533838 0.0406605 0.0423763 0.0715125 0.0361624 0.0469464 0.0666170 0.0461433 0.0383514 0.0374540 0.0426320 0.0408798 0.0349648 0.0368080 0.0450158 0.0398621 0.0742299 0.0428854 0.0262535 0.0435305 0.0450523 0.0379664 0.0526208 0.0392058 0.0545696 0.0542157 0.0166334 0.0445585 0.0411930 0.0377948 0.0566541 0.0389359 0.0339693 0.0300187 0.0000000 0.0206822 0.0706579 0.0368218 0.0338440 0.0489070 0.0344855 0.0340713 0.0635284 0.0421643 0.0557014 0.0421026 0.0324525 0.0346507 0.0291125 0.0379876 0.0311409 0.0332696 0.0317769 0.0301620 0.0355293 0.0628624 0.0161236 0.0133836 0.0192851 0.0541591 0.0342744 0.0535398 0.0300350 0.0408842 0.0353588 0.0343692 0.0322674 0.0435757 0.0418890 0.0337413 0.0277720 0.0266488 0.0329268 0.0385944 0.0332749 0.0298728 0.0299938 0.0220867 0.0285206 0.0268389 0.0305017 0.0323043 0.0355180 0.0328515 0.0308579 0.0349069 0.0356437 0.0311299 0.0308672 0.0462187 
LS3_01S    0.0492348 0.0522570 0.0433461 0.0578909 0.0410317 0.0517194 0.0491702 0.0465260 0.0765574 0.0416496 0.0488318 0.0673674 0.0539608 0.0407439 0.0435118 0.0481162 0.0466293 0.0451644 0.0429418 0.0510058 0.0455415 0.0832424 0.0473149 0.0356920 0.0520502 0.0526291 0.0394428 0.0622061 0.0462596 0.0621906 0.0590650 0.0224983 0.0515483 0.0504427 0.0433970 0.0627639 0.0398001 0.0422530 0.0280678 0.0206822 0.0000000 0.0726647 0.0439384 0.0396969 0.0514846 0.0394875 0.0395146 0.0654652 0.0466142 0.0638008 0.0427399 0.0397299 0.0408290 0.0347036 0.0360239 0.0316703 0.0390541 0.0383106 0.0334121 0.0367178 0.0715001 0.0202502 0.0182048 0.0218558 0.0558498 0.0335183 0.0643839 0.0326345 0.0422283 0.0380181 0.0374370 0.0362852 0.0472825 0.0505949 0.0373618 0.0302781 0.0296075 0.0377218 0.0457767 0.0355281 0.0339374 0.0348640 0.0256799 0.0321907 0.0294831 0.0359493 0.0359099 0.0333541 0.0369007 0.0329521 0.0378903 0.0377455 0.0332893 0.0301757 0.0551184 
