184
DD1_02A    0.0000000 0.0259544 0.0287929 0.0253625 0.0284130 0.0287104 0.0249873 0.0157147 0.0178713 0.0286333 0.0222146 0.0234887 0.0133056 0.0252754 0.0357122 0.0283413 0.0288721 0.0311193 0.0280461 0.0250560 0.0285022 0.0303603 0.0302036 0.0304585 0.0250631 0.0355068 0.0284859 0.0283193 0.0315985 0.0298911 0.0287448 0.0251265 0.0234550 0.0318353 0.0299316 0.0220628 0.0250131 0.0294374 0.0328087 0.0418569 0.0319811 0.0361499 0.0271500 0.0358947 0.0343220 0.0281789 0.0392965 0.0573628 0.0215590 0.0428700 0.0371206 0.0334901 0.0457437 0.0358581 0.0329679 0.0384764 0.0382343 0.0337539 0.0414188 0.0398188 0.0239778 0.0291098 0.0388892 0.0248734 0.0416267 0.0413702 0.0355221 0.0388511 0.0392009 0.0401824 0.0211221 0.0306191 0.0426316 0.0361757 0.0366443 0.0370583 0.0346032 0.0403334 0.0372713 0.0267183 0.0372816 0.0431752 0.0345359 0.0391324 0.0390962 0.0382446 0.0342301 0.0358578 0.0386504 0.0427442 0.0365905 0.0382066 0.0387476 0.0378453 0.0388189 0.0207442 0.0355053 0.0231993 0.0418723 0.0382536 0.0386007 0.0363016 0.0382963 0.0387052 0.0405155 0.0420672 0.0373581 0.0367409 0.0387857 0.0338461 0.0387505 0.0348403 0.0372413 0.0396687 0.0323167 0.0330831 0.0377614 0.0387173 0.0404374 0.0368854 0.0366472 0.0450695 0.0381707 0.0556517 0.0390435 0.0376500 0.0447737 0.0478297 0.0408143 0.0406031 0.0495162 0.0534913 0.0468889 0.0387122 0.0471373 0.0340902 0.0431434 0.0362399 0.0369259 0.0508928 0.0426945 0.0472991 0.0423446 0.0190128 0.0563883 0.0158459 0.0283719 0.0498834 0.0496840 0.0552420 0.0417297 0.0475679 0.0548474 0.0478578 0.0427787 0.0417921 0.0344759 0.0211737 0.0331484 0.0425347 0.0347544 0.0380538 0.0424598 0.0390336 0.0355468 0.0373032 0.0194017 0.0274916 0.0317260 0.0339096 0.0379658 0.0331165 0.0370837 0.0312812 0.0360813 0.0414032 0.0400548 0.0178274 0.0393085 0.0406249 0.0369297 0.0372277 0.0426224 0.0303673 
DD1_03A    0.0259544 0.0000000 0.0268547 0.0262395 0.0269105 0.0277680 0.0270092 0.0171298 0.0212776 0.0253427 0.0233275 0.0235183 0.0107279 0.0279512 0.0276178 0.0269438 0.0213035 0.0224066 0.0273220 0.0255795 0.0279441 0.0237912 0.0286687 0.0259493 0.0248040 0.0259222 0.0303124 0.0293599 0.0270791 0.0251466 0.0291723 0.0298751 0.0260234 0.0209375 0.0201300 0.0268610 0.0276055 0.0276413 0.0236718 0.0333137 0.0233601 0.0320207 0.0185622 0.0228921 0.0265770 0.0208130 0.0297610 0.0464920 0.0136780 0.0335931 0.0290117 0.0263788 0.0402510 0.0214457 0.0267162 0.0304020 0.0284201 0.0316610 0.0284333 0.0323632 0.0145041 0.0208348 0.0319364 0.0187535 0.0359554 0.0382587 0.0354716 0.0340817 0.0329862 0.0328757 0.0178740 0.0269068 0.0381697 0.0326507 0.0372425 0.0347882 0.0315756 0.0378945 0.0304633 0.0240501 0.0400472 0.0346160 0.0314093 0.0364994 0.0354516 0.0337875 0.0355640 0.0242973 0.0296486 0.0379033 0.0308683 0.0314252 0.0310143 0.0305211 0.0343284 0.0149180 0.0310999 0.0167722 0.0341585 0.0336101 0.0321780 0.0288877 0.0348287 0.0330463 0.0388836 0.0386266 0.0314584 0.0322752 0.0358738 0.0317814 0.0302448 0.0305454 0.0304002 0.0327151 0.0276435 0.0278958 0.0316608 0.0355341 0.0367453 0.0306817 0.0343271 0.0380785 0.0353855 0.0476397 0.0298352 0.0298519 0.0388653 0.0430433 0.0382736 0.0323631 0.0442214 0.0423933 0.0454237 0.0375730 0.0435327 0.0309172 0.0346664 0.0336483 0.0317388 0.0463859 0.0359987 0.0359114 0.0376927 0.0172993 0.0446394 0.0128372 0.0266261 0.0417334 0.0442491 0.0491754 0.0400503 0.0435488 0.0520986 0.0424253 0.0382785 0.0404658 0.0308922 0.0189375 0.0278405 0.0437212 0.0289384 0.0336318 0.0428197 0.0395347 0.0292423 0.0311858 0.0140016 0.0235926 0.0265099 0.0325889 0.0289907 0.0279137 0.0363353 0.0276578 0.0312726 0.0349983 0.0383262 0.0170093 0.0378034 0.0354036 0.0352897 0.0352780 0.0356288 0.0237322 
DD1_04A    0.0287929 0.0268547 0.0000000 0.0303416 0.0275158 0.0274604 0.0289356 0.0172729 0.0246052 0.0237774 0.0292423 0.0230027 0.0150458 0.0284855 0.0266573 0.0334021 0.0296305 0.0275286 0.0297693 0.0265262 0.0280690 0.0272627 0.0291427 0.0261330 0.0358424 0.0323520 0.0332291 0.0281926 0.0251298 0.0309271 0.0283987 0.0301558 0.0297737 0.0251856 0.0220366 0.0275181 0.0301401 0.0271127 0.0256129 0.0343427 0.0292744 0.0284065 0.0230683 0.0236313 0.0283233 0.0241376 0.0334096 0.0542394 0.0164133 0.0313423 0.0308632 0.0292440 0.0398136 0.0325669 0.0270898 0.0296603 0.0350550 0.0287087 0.0292317 0.0373787 0.0208964 0.0269140 0.0356598 0.0204663 0.0351052 0.0393130 0.0400931 0.0399529 0.0366261 0.0406116 0.0201157 0.0290046 0.0405209 0.0340561 0.0362696 0.0357530 0.0364998 0.0365180 0.0339765 0.0230471 0.0385461 0.0427238 0.0375725 0.0342099 0.0397154 0.0393287 0.0382771 0.0243959 0.0397232 0.0398638 0.0318412 0.0336263 0.0380509 0.0364015 0.0365676 0.0195143 0.0378271 0.0191639 0.0373999 0.0379768 0.0376825 0.0384622 0.0333555 0.0399707 0.0401444 0.0449562 0.0391412 0.0382411 0.0395335 0.0360813 0.0379531 0.0374247 0.0374588 0.0340280 0.0316493 0.0320308 0.0333027 0.0367529 0.0392953 0.0400815 0.0350790 0.0467190 0.0371129 0.0479745 0.0351597 0.0392667 0.0468853 0.0501296 0.0458498 0.0386681 0.0499289 0.0448254 0.0476265 0.0405397 0.0492556 0.0354501 0.0376523 0.0444254 0.0351422 0.0479679 0.0345809 0.0426040 0.0379324 0.0168883 0.0558666 0.0139539 0.0272038 0.0434286 0.0513697 0.0570537 0.0469120 0.0441770 0.0497031 0.0413820 0.0429567 0.0433953 0.0324887 0.0201320 0.0322682 0.0456880 0.0320057 0.0371763 0.0387650 0.0349802 0.0316275 0.0362812 0.0154403 0.0255970 0.0303585 0.0309281 0.0314627 0.0255164 0.0347436 0.0329838 0.0347033 0.0390576 0.0369657 0.0208732 0.0378315 0.0380184 0.0364424 0.0373853 0.0375717 0.0279654 
DD1_05A    0.0253625 0.0262395 0.0303416 0.0000000 0.0246001 0.0262757 0.0313627 0.0164142 0.0247428 0.0284678 0.0235893 0.0183723 0.0147285 0.0294735 0.0280572 0.0278130 0.0295380 0.0302530 0.0256872 0.0283287 0.0254808 0.0268247 0.0298953 0.0251223 0.0266204 0.0297056 0.0275743 0.0244419 0.0292690 0.0308374 0.0277017 0.0264940 0.0224375 0.0279938 0.0245353 0.0239772 0.0225206 0.0253016 0.0264508 0.0349783 0.0305017 0.0331505 0.0193613 0.0240761 0.0262434 0.0232529 0.0317872 0.0492662 0.0153756 0.0326087 0.0316079 0.0319544 0.0395800 0.0283380 0.0234806 0.0365027 0.0309140 0.0305060 0.0328163 0.0339876 0.0194176 0.0248388 0.0310661 0.0212510 0.0331919 0.0370538 0.0343912 0.0324161 0.0317805 0.0340300 0.0180591 0.0287736 0.0372091 0.0324487 0.0310706 0.0306312 0.0317810 0.0379027 0.0290276 0.0225315 0.0367386 0.0372703 0.0340218 0.0350060 0.0334059 0.0315439 0.0353467 0.0306033 0.0318546 0.0409280 0.0350820 0.0362244 0.0346465 0.0330339 0.0356719 0.0159902 0.0301393 0.0178778 0.0359610 0.0355275 0.0347681 0.0331647 0.0345454 0.0361930 0.0406854 0.0372373 0.0345234 0.0315404 0.0352835 0.0345125 0.0345114 0.0291702 0.0326684 0.0366216 0.0288589 0.0280081 0.0319873 0.0354844 0.0357794 0.0324861 0.0322136 0.0423739 0.0364911 0.0463306 0.0303229 0.0319177 0.0403001 0.0450294 0.0398451 0.0356011 0.0467456 0.0451355 0.0410309 0.0375254 0.0386417 0.0315106 0.0358788 0.0353769 0.0381145 0.0443964 0.0319790 0.0367628 0.0381737 0.0187483 0.0499673 0.0126950 0.0255003 0.0399359 0.0430016 0.0462580 0.0358882 0.0390348 0.0475231 0.0423586 0.0393706 0.0342985 0.0299160 0.0199786 0.0331700 0.0386690 0.0318643 0.0315673 0.0358836 0.0344011 0.0285189 0.0319691 0.0142526 0.0222211 0.0263661 0.0333944 0.0313385 0.0255709 0.0322204 0.0240995 0.0312738 0.0329025 0.0375920 0.0181292 0.0308695 0.0351243 0.0304849 0.0355837 0.0327347 0.0236714 
DD1_06A    0.0284130 0.0269105 0.0275158 0.0246001 0.0000000 0.0279111 0.0286259 0.0209166 0.0251126 0.0293058 0.0253527 0.0188452 0.0142511 0.0281287 0.0272290 0.0353299 0.0299359 0.0241625 0.0327279 0.0217634 0.0264058 0.0289743 0.0319710 0.0276915 0.0271365 0.0299002 0.0307207 0.0303323 0.0314394 0.0290717 0.0298555 0.0273867 0.0309085 0.0287321 0.0276769 0.0263114 0.0253596 0.0253291 0.0252422 0.0338996 0.0267872 0.0280423 0.0243125 0.0259381 0.0290270 0.0235854 0.0335732 0.0554648 0.0187301 0.0379084 0.0340257 0.0317449 0.0357938 0.0322679 0.0311603 0.0346336 0.0293762 0.0302565 0.0303893 0.0350117 0.0181500 0.0249560 0.0354855 0.0228489 0.0349362 0.0387910 0.0380773 0.0353083 0.0346504 0.0342183 0.0178294 0.0262593 0.0408760 0.0347975 0.0311581 0.0364783 0.0297260 0.0343000 0.0315763 0.0259144 0.0388810 0.0356714 0.0343471 0.0365634 0.0349637 0.0345079 0.0349834 0.0298096 0.0352446 0.0412589 0.0346622 0.0346297 0.0358674 0.0360050 0.0389146 0.0195719 0.0312581 0.0167665 0.0368917 0.0341059 0.0315620 0.0314311 0.0359356 0.0358416 0.0393107 0.0393367 0.0359399 0.0325494 0.0356225 0.0309119 0.0325367 0.0313362 0.0329360 0.0344249 0.0285771 0.0306866 0.0291841 0.0346677 0.0354198 0.0312723 0.0411112 0.0451528 0.0345647 0.0520298 0.0335061 0.0372708 0.0396800 0.0466648 0.0432972 0.0367479 0.0454754 0.0466412 0.0467446 0.0386308 0.0443681 0.0338426 0.0386582 0.0369868 0.0353990 0.0539473 0.0330749 0.0448414 0.0353991 0.0194784 0.0493895 0.0129755 0.0293885 0.0433327 0.0451559 0.0500244 0.0412403 0.0428437 0.0523813 0.0483826 0.0379936 0.0388241 0.0305944 0.0190091 0.0314996 0.0447817 0.0307948 0.0345054 0.0420135 0.0349813 0.0317944 0.0339815 0.0173913 0.0242997 0.0300784 0.0360883 0.0304987 0.0296794 0.0358973 0.0290705 0.0309550 0.0371980 0.0375834 0.0185708 0.0357529 0.0395580 0.0315463 0.0387427 0.0340117 0.0270201 
DD1_07A    0.0287104 0.0277680 0.0274604 0.0262757 0.0279111 0.0000000 0.0255778 0.0167671 0.0239278 0.0270740 0.0239533 0.0192251 0.0170431 0.0266358 0.0311576 0.0282568 0.0272419 0.0295160 0.0302797 0.0298902 0.0216548 0.0255943 0.0302128 0.0267920 0.0323972 0.0285995 0.0258331 0.0299898 0.0306026 0.0350818 0.0239164 0.0254140 0.0238236 0.0258355 0.0276101 0.0233631 0.0286866 0.0293572 0.0326899 0.0303432 0.0335315 0.0254409 0.0219369 0.0246327 0.0296537 0.0246293 0.0302787 0.0568091 0.0205230 0.0339439 0.0335136 0.0340683 0.0370263 0.0357665 0.0308769 0.0346167 0.0354905 0.0310869 0.0365077 0.0360803 0.0192518 0.0291642 0.0367559 0.0230652 0.0360646 0.0378393 0.0431113 0.0376715 0.0344202 0.0381543 0.0188383 0.0289156 0.0359242 0.0309955 0.0346626 0.0380923 0.0350904 0.0403184 0.0332010 0.0255292 0.0409320 0.0359994 0.0359502 0.0344731 0.0389675 0.0348434 0.0380731 0.0308614 0.0369914 0.0448612 0.0387991 0.0416696 0.0369145 0.0384030 0.0374719 0.0189692 0.0384938 0.0182696 0.0352195 0.0369710 0.0380656 0.0350775 0.0338085 0.0341568 0.0398637 0.0419112 0.0357674 0.0321337 0.0394377 0.0381680 0.0344975 0.0340745 0.0356878 0.0398998 0.0305081 0.0296939 0.0346689 0.0385468 0.0388840 0.0358097 0.0344650 0.0487280 0.0409655 0.0540221 0.0359108 0.0392494 0.0415666 0.0498598 0.0430798 0.0382375 0.0488908 0.0493345 0.0423296 0.0421775 0.0427830 0.0351479 0.0398224 0.0361112 0.0341457 0.0442148 0.0378982 0.0449203 0.0387512 0.0178333 0.0528675 0.0142219 0.0264493 0.0462821 0.0508662 0.0536802 0.0454896 0.0419016 0.0548412 0.0468967 0.0394588 0.0396652 0.0337301 0.0197083 0.0313892 0.0448449 0.0351020 0.0350378 0.0377457 0.0340123 0.0336515 0.0352551 0.0149218 0.0259342 0.0307742 0.0327718 0.0297238 0.0299023 0.0334237 0.0293691 0.0360973 0.0380218 0.0339185 0.0209216 0.0370179 0.0402802 0.0361122 0.0395091 0.0397634 0.0275050 
DD1_08A    0.0249873 0.0270092 0.0289356 0.0313627 0.0286259 0.0255778 0.0000000 0.0180525 0.0270362 0.0328410 0.0270319 0.0237744 0.0180562 0.0249965 0.0297512 0.0323193 0.0293726 0.0301063 0.0300974 0.0284914 0.0247007 0.0269701 0.0295971 0.0323353 0.0300923 0.0379093 0.0286613 0.0304489 0.0291073 0.0318731 0.0317025 0.0277281 0.0282401 0.0309454 0.0331840 0.0283710 0.0276166 0.0304314 0.0362954 0.0345216 0.0333365 0.0311941 0.0227624 0.0280183 0.0319022 0.0250198 0.0336568 0.0573079 0.0211659 0.0434422 0.0349661 0.0303694 0.0394522 0.0310030 0.0344667 0.0342003 0.0390105 0.0346370 0.0347424 0.0395562 0.0224422 0.0303193 0.0350896 0.0262454 0.0358074 0.0405536 0.0406186 0.0417443 0.0416700 0.0407739 0.0251717 0.0346233 0.0424467 0.0352785 0.0382140 0.0407195 0.0367268 0.0391243 0.0374607 0.0275192 0.0410817 0.0411435 0.0356694 0.0345045 0.0367632 0.0365036 0.0403859 0.0345168 0.0377660 0.0460753 0.0365102 0.0420952 0.0396636 0.0409796 0.0427756 0.0213553 0.0383166 0.0217091 0.0377242 0.0424269 0.0376255 0.0379247 0.0396258 0.0397586 0.0433730 0.0419519 0.0401493 0.0402518 0.0372785 0.0335348 0.0392505 0.0380465 0.0408640 0.0413503 0.0341422 0.0361655 0.0320429 0.0389998 0.0378116 0.0367403 0.0415644 0.0477269 0.0450121 0.0523113 0.0377755 0.0375012 0.0447161 0.0469927 0.0433796 0.0417562 0.0487933 0.0495518 0.0447126 0.0403692 0.0415874 0.0324505 0.0391359 0.0406970 0.0338387 0.0476615 0.0362976 0.0440546 0.0385209 0.0211583 0.0523794 0.0171599 0.0280846 0.0459870 0.0495527 0.0536607 0.0465556 0.0422987 0.0532440 0.0421588 0.0396960 0.0429150 0.0359705 0.0206648 0.0327790 0.0441001 0.0392187 0.0403030 0.0432291 0.0427091 0.0362044 0.0429297 0.0196691 0.0254878 0.0309501 0.0380405 0.0322446 0.0247886 0.0419925 0.0344477 0.0347045 0.0412786 0.0372869 0.0222963 0.0401931 0.0401926 0.0338638 0.0419074 0.0402003 0.0295999 
DD1_09A    0.0157147 0.0171298 0.0172729 0.0164142 0.0209166 0.0167671 0.0180525 0.0000000 0.0100528 0.0081741 0.0126076 0.0148476 0.0092120 0.0177281 0.0217558 0.0195690 0.0168188 0.0173206 0.0203402 0.0181836 0.0164257 0.0149664 0.0232860 0.0166955 0.0191086 0.0187377 0.0159552 0.0163767 0.0185727 0.0184013 0.0224707 0.0154164 0.0177313 0.0162481 0.0190924 0.0162920 0.0184393 0.0167827 0.0187665 0.0256151 0.0207089 0.0192259 0.0108276 0.0173380 0.0192650 0.0171925 0.0264198 0.0385764 0.0123879 0.0275604 0.0229158 0.0220978 0.0291577 0.0211983 0.0203792 0.0237867 0.0245871 0.0236024 0.0271320 0.0273725 0.0150147 0.0182504 0.0241624 0.0123606 0.0253577 0.0289872 0.0245604 0.0248895 0.0238122 0.0251062 0.0146474 0.0180405 0.0282870 0.0214701 0.0233610 0.0228331 0.0227906 0.0267815 0.0226526 0.0154683 0.0273940 0.0263656 0.0251138 0.0225340 0.0243856 0.0204824 0.0244655 0.0225826 0.0276126 0.0311370 0.0243288 0.0230280 0.0235976 0.0243945 0.0261066 0.0126884 0.0251880 0.0120390 0.0244598 0.0246677 0.0214155 0.0277576 0.0244668 0.0265695 0.0256847 0.0324026 0.0234276 0.0232399 0.0229509 0.0232011 0.0233460 0.0213324 0.0226815 0.0238992 0.0232437 0.0180470 0.0213120 0.0256216 0.0235964 0.0221956 0.0237103 0.0309707 0.0258933 0.0388861 0.0238991 0.0250207 0.0289890 0.0336775 0.0282572 0.0243451 0.0369683 0.0388911 0.0373977 0.0286539 0.0330316 0.0225051 0.0293804 0.0237992 0.0272481 0.0382731 0.0290572 0.0298652 0.0268186 0.0057199 0.0372416 0.0087862 0.0181230 0.0343625 0.0368071 0.0405558 0.0329335 0.0334258 0.0429627 0.0363691 0.0219415 0.0254378 0.0193060 0.0091984 0.0186097 0.0325424 0.0194423 0.0223968 0.0282357 0.0237503 0.0198485 0.0254545 0.0106561 0.0150545 0.0188872 0.0220964 0.0188331 0.0188360 0.0271807 0.0197484 0.0231077 0.0276236 0.0218866 0.0105141 0.0252369 0.0281103 0.0230429 0.0222329 0.0270876 0.0138372 
DD1_11A    0.0178713 0.0212776 0.0246052 0.0247428 0.0251126 0.0239278 0.0270362 0.0100528 0.0000000 0.0241171 0.0027029 0.0197455 0.0120025 0.0240309 0.0223164 0.0275125 0.0255394 0.0221527 0.0259837 0.0258893 0.0225271 0.0240348 0.0283122 0.0207841 0.0248876 0.0254711 0.0246900 0.0249386 0.0288226 0.0249367 0.0324117 0.0245850 0.0239218 0.0258054 0.0241405 0.0206721 0.0291635 0.0256290 0.0294070 0.0334756 0.0279474 0.0286117 0.0167213 0.0237645 0.0277228 0.0227689 0.0332486 0.0508105 0.0168475 0.0344662 0.0322476 0.0289906 0.0343550 0.0282417 0.0250913 0.0306934 0.0292998 0.0265904 0.0315048 0.0309462 0.0204543 0.0233395 0.0353049 0.0213299 0.0327031 0.0394115 0.0384784 0.0372059 0.0328248 0.0356731 0.0170539 0.0284496 0.0377530 0.0303875 0.0344633 0.0347061 0.0324344 0.0366944 0.0313631 0.0198379 0.0373994 0.0344574 0.0332520 0.0383431 0.0367326 0.0336681 0.0345766 0.0254900 0.0331484 0.0396049 0.0288797 0.0364989 0.0335922 0.0370937 0.0409549 0.0155767 0.0354389 0.0149022 0.0322816 0.0333099 0.0353115 0.0322305 0.0351109 0.0353148 0.0375196 0.0366260 0.0344006 0.0343289 0.0365502 0.0333733 0.0316227 0.0324464 0.0296196 0.0346118 0.0309464 0.0265832 0.0328911 0.0378825 0.0391573 0.0359847 0.0352033 0.0433935 0.0337389 0.0518620 0.0308172 0.0329103 0.0420857 0.0430524 0.0390022 0.0353253 0.0500163 0.0467160 0.0396827 0.0385828 0.0413461 0.0272658 0.0342687 0.0349332 0.0359807 0.0447340 0.0346985 0.0386519 0.0364639 0.0145739 0.0488146 0.0127785 0.0246431 0.0471423 0.0453454 0.0499137 0.0413194 0.0403777 0.0514933 0.0469616 0.0374922 0.0371177 0.0317002 0.0155709 0.0279518 0.0421503 0.0345879 0.0351579 0.0411153 0.0371402 0.0295817 0.0323835 0.0156587 0.0232412 0.0256489 0.0318624 0.0313176 0.0274996 0.0330623 0.0300459 0.0325576 0.0353782 0.0370871 0.0181673 0.0354489 0.0342125 0.0341183 0.0387038 0.0398144 0.0244797 
DD1_12A    0.0286333 0.0253427 0.0237774 0.0284678 0.0293058 0.0270740 0.0328410 0.0081741 0.0241171 0.0000000 0.0262201 0.0224200 0.0124473 0.0289690 0.0294744 0.0304180 0.0269443 0.0270693 0.0267127 0.0244068 0.0243512 0.0273260 0.0317207 0.0301579 0.0312360 0.0273157 0.0289193 0.0288456 0.0262366 0.0257445 0.0354384 0.0290529 0.0319066 0.0288389 0.0227316 0.0273551 0.0256984 0.0282211 0.0310981 0.0412031 0.0351525 0.0341172 0.0185616 0.0295284 0.0305630 0.0293106 0.0385385 0.0518651 0.0175464 0.0361331 0.0351667 0.0290260 0.0453653 0.0298119 0.0304613 0.0349800 0.0340764 0.0323377 0.0330783 0.0356484 0.0237351 0.0282561 0.0332945 0.0233145 0.0367580 0.0453498 0.0382690 0.0387672 0.0345716 0.0380418 0.0228030 0.0330791 0.0427411 0.0361655 0.0369218 0.0380212 0.0333740 0.0419148 0.0374073 0.0226161 0.0357364 0.0395169 0.0370351 0.0350756 0.0388229 0.0359375 0.0366947 0.0267501 0.0417667 0.0447173 0.0379870 0.0380768 0.0394992 0.0409990 0.0379603 0.0227230 0.0372460 0.0192655 0.0363902 0.0416721 0.0374968 0.0389413 0.0400864 0.0408272 0.0389647 0.0422267 0.0372121 0.0348855 0.0380887 0.0325645 0.0361239 0.0333174 0.0325215 0.0384852 0.0338191 0.0296726 0.0366169 0.0410812 0.0392875 0.0356519 0.0340986 0.0432932 0.0364944 0.0558455 0.0323205 0.0358004 0.0413568 0.0452675 0.0450387 0.0381188 0.0472558 0.0477298 0.0472811 0.0375688 0.0457432 0.0345382 0.0408989 0.0367857 0.0350916 0.0457953 0.0364473 0.0407016 0.0379078 0.0073899 0.0486565 0.0110618 0.0287603 0.0434076 0.0487371 0.0525959 0.0467266 0.0429746 0.0522357 0.0410737 0.0437870 0.0399521 0.0331514 0.0194419 0.0323368 0.0433553 0.0352504 0.0357777 0.0414029 0.0372178 0.0318079 0.0353937 0.0142389 0.0287688 0.0346481 0.0323838 0.0325828 0.0272371 0.0369103 0.0318000 0.0346961 0.0365631 0.0368811 0.0194192 0.0334284 0.0379340 0.0353875 0.0378386 0.0397239 0.0243621 
DD1_13A    0.0222146 0.0233275 0.0292423 0.0235893 0.0253527 0.0239533 0.0270319 0.0126076 0.0027029 0.0262201 0.0000000 0.0209301 0.0132856 0.0255157 0.0223617 0.0293995 0.0291708 0.0228577 0.0268680 0.0251389 0.0239583 0.0256509 0.0264404 0.0211870 0.0254990 0.0262348 0.0239807 0.0221362 0.0266423 0.0271652 0.0309940 0.0214545 0.0258072 0.0258885 0.0253075 0.0210808 0.0293176 0.0273831 0.0292075 0.0340850 0.0276452 0.0288370 0.0200146 0.0248658 0.0296579 0.0257093 0.0329160 0.0463117 0.0179666 0.0368287 0.0312675 0.0285264 0.0324605 0.0277021 0.0282058 0.0333824 0.0281425 0.0278334 0.0294950 0.0319126 0.0202673 0.0249551 0.0374079 0.0234512 0.0353457 0.0411459 0.0400894 0.0361245 0.0339659 0.0359636 0.0188121 0.0290993 0.0356359 0.0341522 0.0350311 0.0363114 0.0348069 0.0409253 0.0344565 0.0234137 0.0377847 0.0365013 0.0340441 0.0389779 0.0381888 0.0357987 0.0383320 0.0284125 0.0348900 0.0389905 0.0346125 0.0395811 0.0353533 0.0380189 0.0359966 0.0178547 0.0370859 0.0191879 0.0346123 0.0333499 0.0368479 0.0323266 0.0321731 0.0373753 0.0381052 0.0391560 0.0354621 0.0345261 0.0388214 0.0361766 0.0357256 0.0354304 0.0351917 0.0379260 0.0316092 0.0290151 0.0338878 0.0388133 0.0417714 0.0362620 0.0357457 0.0449494 0.0388284 0.0505997 0.0332004 0.0363669 0.0415326 0.0462165 0.0417793 0.0384427 0.0508230 0.0479518 0.0427240 0.0377350 0.0426082 0.0348258 0.0363915 0.0341508 0.0364925 0.0468878 0.0361716 0.0409123 0.0397820 0.0170040 0.0524764 0.0120059 0.0260818 0.0457586 0.0481277 0.0507377 0.0414213 0.0441005 0.0536952 0.0466935 0.0380301 0.0402981 0.0344279 0.0175979 0.0327124 0.0442818 0.0364151 0.0343599 0.0420587 0.0373491 0.0321641 0.0357920 0.0149132 0.0245179 0.0303333 0.0332538 0.0313534 0.0282603 0.0359477 0.0309195 0.0347429 0.0412836 0.0389088 0.0180216 0.0385956 0.0405435 0.0363111 0.0363137 0.0407681 0.0268087 
DD1_15A    0.0234887 0.0235183 0.0230027 0.0183723 0.0188452 0.0192251 0.0237744 0.0148476 0.0197455 0.0224200 0.0209301 0.0000000 0.0138402 0.0203423 0.0234098 0.0239540 0.0230009 0.0254899 0.0247518 0.0226395 0.0220629 0.0232234 0.0224747 0.0249628 0.0247705 0.0292092 0.0244309 0.0220424 0.0233373 0.0237073 0.0231212 0.0221361 0.0239936 0.0211989 0.0251740 0.0209807 0.0205070 0.0213241 0.0295674 0.0285161 0.0240864 0.0227337 0.0195912 0.0202537 0.0197560 0.0200594 0.0253814 0.0471403 0.0167846 0.0259491 0.0235211 0.0240585 0.0241753 0.0241424 0.0243113 0.0306447 0.0241539 0.0307356 0.0310852 0.0323844 0.0200387 0.0229550 0.0299509 0.0166362 0.0313266 0.0325973 0.0314951 0.0269190 0.0285025 0.0305666 0.0196708 0.0214977 0.0335059 0.0260856 0.0290377 0.0308631 0.0308082 0.0317523 0.0286662 0.0188332 0.0310216 0.0308725 0.0293165 0.0289831 0.0306099 0.0291244 0.0307527 0.0287590 0.0326359 0.0342812 0.0284871 0.0285240 0.0302547 0.0290276 0.0335462 0.0157193 0.0285481 0.0157024 0.0295001 0.0278739 0.0281211 0.0306635 0.0286001 0.0297928 0.0332643 0.0340258 0.0281751 0.0264366 0.0285524 0.0286156 0.0298970 0.0243069 0.0284254 0.0315759 0.0241222 0.0275634 0.0274286 0.0317779 0.0290092 0.0291787 0.0297279 0.0385096 0.0327720 0.0402318 0.0241932 0.0326440 0.0314123 0.0382506 0.0364211 0.0298608 0.0372386 0.0385173 0.0392165 0.0311314 0.0350958 0.0279733 0.0300480 0.0321524 0.0308992 0.0383463 0.0264773 0.0340951 0.0323494 0.0148400 0.0451128 0.0129233 0.0224136 0.0357212 0.0351826 0.0415499 0.0362607 0.0325957 0.0407599 0.0327377 0.0339302 0.0342585 0.0256152 0.0168909 0.0270099 0.0371742 0.0246930 0.0285095 0.0289802 0.0299944 0.0254292 0.0267348 0.0142552 0.0185001 0.0256291 0.0290360 0.0258537 0.0242222 0.0302405 0.0250787 0.0281757 0.0267289 0.0292584 0.0158515 0.0290795 0.0326534 0.0267199 0.0294210 0.0283388 0.0179369 
DD2_01A    0.0133056 0.0107279 0.0150458 0.0147285 0.0142511 0.0170431 0.0180562 0.0092120 0.0120025 0.0124473 0.0132856 0.0138402 0.0000000 0.0181415 0.0154047 0.0177502 0.0178171 0.0143525 0.0163868 0.0098061 0.0120051 0.0149375 0.0152113 0.0182138 0.0161511 0.0180030 0.0159222 0.0158056 0.0178884 0.0153059 0.0196977 0.0143895 0.0163981 0.0152428 0.0146421 0.0161719 0.0125749 0.0121138 0.0148873 0.0203567 0.0168985 0.0159979 0.0096296 0.0164096 0.0147749 0.0158480 0.0228904 0.0329550 0.0129737 0.0263183 0.0213111 0.0195979 0.0282561 0.0143547 0.0185116 0.0209083 0.0217949 0.0196289 0.0189279 0.0240162 0.0127057 0.0116562 0.0211475 0.0127529 0.0220024 0.0247280 0.0243934 0.0233208 0.0203153 0.0216150 0.0096234 0.0164788 0.0232823 0.0215834 0.0189379 0.0235296 0.0187798 0.0222321 0.0197327 0.0171754 0.0255989 0.0215703 0.0179362 0.0194501 0.0213084 0.0184327 0.0224973 0.0168902 0.0200463 0.0234246 0.0189508 0.0213830 0.0217810 0.0225405 0.0253503 0.0130108 0.0217917 0.0118459 0.0205486 0.0217519 0.0221431 0.0208889 0.0214342 0.0216348 0.0237514 0.0225561 0.0181707 0.0197426 0.0204457 0.0208551 0.0219179 0.0209309 0.0211136 0.0235055 0.0192420 0.0172469 0.0207688 0.0221970 0.0225998 0.0213435 0.0209119 0.0242519 0.0194827 0.0296760 0.0203526 0.0179294 0.0263878 0.0301694 0.0251669 0.0194923 0.0299804 0.0297905 0.0310640 0.0237575 0.0301635 0.0228995 0.0254351 0.0239087 0.0201536 0.0299811 0.0220718 0.0308178 0.0240491 0.0075132 0.0307580 0.0103418 0.0161141 0.0279186 0.0306087 0.0342774 0.0282927 0.0275680 0.0376091 0.0292912 0.0265761 0.0277901 0.0230906 0.0136431 0.0193453 0.0273279 0.0184966 0.0213735 0.0268473 0.0205622 0.0190944 0.0229001 0.0122474 0.0158289 0.0154253 0.0194937 0.0221673 0.0181592 0.0226897 0.0179584 0.0180700 0.0231843 0.0233692 0.0085681 0.0205259 0.0253287 0.0194182 0.0214034 0.0206390 0.0165234 
DD2_02A    0.0252754 0.0279512 0.0284855 0.0294735 0.0281287 0.0266358 0.0249965 0.0177281 0.0240309 0.0289690 0.0255157 0.0203423 0.0181415 0.0000000 0.0265266 0.0286287 0.0241327 0.0302980 0.0300862 0.0276136 0.0253667 0.0220215 0.0245582 0.0256077 0.0273102 0.0280427 0.0276388 0.0322468 0.0238378 0.0311852 0.0250261 0.0249034 0.0302281 0.0260190 0.0306692 0.0236713 0.0258556 0.0251305 0.0329737 0.0390581 0.0369614 0.0298134 0.0249857 0.0273600 0.0311121 0.0254552 0.0364241 0.0556270 0.0190151 0.0365657 0.0343616 0.0307277 0.0404375 0.0304521 0.0273070 0.0316003 0.0405418 0.0333327 0.0323534 0.0367690 0.0216698 0.0288949 0.0360661 0.0258782 0.0391464 0.0420038 0.0377552 0.0403371 0.0377459 0.0395766 0.0230230 0.0316132 0.0388177 0.0308733 0.0362410 0.0374550 0.0315210 0.0395331 0.0336711 0.0277493 0.0413716 0.0428023 0.0381063 0.0357778 0.0346153 0.0354256 0.0371212 0.0282821 0.0391777 0.0419621 0.0350819 0.0369105 0.0371627 0.0400795 0.0402293 0.0209195 0.0370007 0.0167154 0.0362401 0.0401855 0.0370751 0.0371504 0.0360660 0.0359458 0.0452742 0.0430767 0.0370073 0.0366428 0.0324643 0.0351986 0.0414917 0.0360883 0.0367009 0.0395911 0.0334500 0.0348039 0.0322415 0.0361167 0.0353599 0.0333732 0.0385860 0.0474399 0.0390497 0.0514185 0.0334895 0.0361224 0.0405885 0.0459604 0.0413071 0.0414851 0.0486462 0.0493545 0.0437743 0.0368466 0.0400806 0.0354378 0.0391024 0.0422297 0.0320915 0.0460202 0.0376014 0.0442181 0.0394705 0.0174882 0.0530326 0.0165205 0.0282470 0.0469417 0.0486692 0.0539908 0.0420641 0.0470533 0.0501855 0.0440064 0.0404997 0.0393688 0.0331272 0.0213735 0.0322414 0.0430727 0.0356730 0.0381442 0.0408188 0.0380740 0.0321292 0.0372916 0.0153207 0.0268622 0.0320197 0.0315570 0.0302793 0.0268324 0.0405442 0.0337059 0.0350510 0.0376310 0.0371310 0.0178415 0.0373910 0.0384261 0.0369515 0.0389760 0.0345303 0.0261687 
DD2_03A    0.0357122 0.0276178 0.0266573 0.0280572 0.0272290 0.0311576 0.0297512 0.0217558 0.0223164 0.0294744 0.0223617 0.0234098 0.0154047 0.0265266 0.0000000 0.0402170 0.0262010 0.0220355 0.0338771 0.0287649 0.0200767 0.0333943 0.0263566 0.0211546 0.0267042 0.0254651 0.0306418 0.0261816 0.0221416 0.0289370 0.0325768 0.0281798 0.0345776 0.0204810 0.0184774 0.0327185 0.0282253 0.0238363 0.0273744 0.0274892 0.0287753 0.0263737 0.0180492 0.0217042 0.0220194 0.0205046 0.0288746 0.0435322 0.0142731 0.0403248 0.0247210 0.0267731 0.0345010 0.0269941 0.0256631 0.0322786 0.0283450 0.0260265 0.0272230 0.0327776 0.0215755 0.0233342 0.0358293 0.0227223 0.0357354 0.0374931 0.0415515 0.0379106 0.0359159 0.0364869 0.0205788 0.0293673 0.0406456 0.0340152 0.0361999 0.0357403 0.0325199 0.0344300 0.0335332 0.0249827 0.0389928 0.0391128 0.0403061 0.0397948 0.0341391 0.0325565 0.0371727 0.0270407 0.0384803 0.0427350 0.0327297 0.0355119 0.0378507 0.0404806 0.0409918 0.0200115 0.0376755 0.0204745 0.0375427 0.0369527 0.0388567 0.0354442 0.0361260 0.0381697 0.0427533 0.0437427 0.0363270 0.0369114 0.0352831 0.0348511 0.0398535 0.0360322 0.0355882 0.0360046 0.0282741 0.0314112 0.0320980 0.0382335 0.0374211 0.0328604 0.0393189 0.0493925 0.0380540 0.0523282 0.0346347 0.0376273 0.0394423 0.0480346 0.0468734 0.0391403 0.0512684 0.0455961 0.0469866 0.0390346 0.0448869 0.0344896 0.0375492 0.0410445 0.0354456 0.0453895 0.0337737 0.0419858 0.0396684 0.0177352 0.0523753 0.0150423 0.0274494 0.0451491 0.0506311 0.0496157 0.0511657 0.0430877 0.0495672 0.0463333 0.0401048 0.0423924 0.0355470 0.0214592 0.0301421 0.0465014 0.0344638 0.0385510 0.0428202 0.0403473 0.0301201 0.0369452 0.0160177 0.0262691 0.0320003 0.0308528 0.0286765 0.0247300 0.0389927 0.0303098 0.0335425 0.0392008 0.0377926 0.0191576 0.0372825 0.0369435 0.0321334 0.0401712 0.0379278 0.0270956 
DD2_04A    0.0283413 0.0269438 0.0334021 0.0278130 0.0353299 0.0282568 0.0323193 0.0195690 0.0275125 0.0304180 0.0293995 0.0239540 0.0177502 0.0286287 0.0402170 0.0000000 0.0264317 0.0307843 0.0363858 0.0324249 0.0302670 0.0260940 0.0304999 0.0299585 0.0330989 0.0331623 0.0272811 0.0281978 0.0339350 0.0328213 0.0327179 0.0340468 0.0231467 0.0293701 0.0302974 0.0270408 0.0306387 0.0325083 0.0365574 0.0388010 0.0336315 0.0320275 0.0232208 0.0255103 0.0329303 0.0245530 0.0363963 0.0563690 0.0214212 0.0419460 0.0357115 0.0360637 0.0420292 0.0356676 0.0329643 0.0371023 0.0419224 0.0399320 0.0413865 0.0428768 0.0202017 0.0281862 0.0397969 0.0232142 0.0416226 0.0414141 0.0404445 0.0399404 0.0340641 0.0435709 0.0191222 0.0286302 0.0431716 0.0307834 0.0371458 0.0393074 0.0354912 0.0433878 0.0392858 0.0282941 0.0400941 0.0417041 0.0358533 0.0379691 0.0433253 0.0368597 0.0359457 0.0370664 0.0344590 0.0415125 0.0389048 0.0392616 0.0369683 0.0354817 0.0415437 0.0185293 0.0375103 0.0196320 0.0366298 0.0363137 0.0373378 0.0380462 0.0391507 0.0403101 0.0412209 0.0413575 0.0356602 0.0365483 0.0385066 0.0390446 0.0350068 0.0334136 0.0334789 0.0425779 0.0355464 0.0292758 0.0380646 0.0400831 0.0373930 0.0354402 0.0371706 0.0446164 0.0389165 0.0554795 0.0356727 0.0333501 0.0401201 0.0443352 0.0389394 0.0396409 0.0493230 0.0476613 0.0432067 0.0403749 0.0461936 0.0362769 0.0409076 0.0368611 0.0346140 0.0435468 0.0383721 0.0431286 0.0375042 0.0218082 0.0491291 0.0182019 0.0299799 0.0443757 0.0470371 0.0548621 0.0401947 0.0466257 0.0541676 0.0449027 0.0464909 0.0435215 0.0365669 0.0250330 0.0412604 0.0455253 0.0376342 0.0366537 0.0438933 0.0360699 0.0316980 0.0361622 0.0175379 0.0274678 0.0313671 0.0369937 0.0372188 0.0340071 0.0357320 0.0325925 0.0366357 0.0384998 0.0401053 0.0180501 0.0405795 0.0390315 0.0387762 0.0417044 0.0441413 0.0320227 
DD2_05A    0.0288721 0.0213035 0.0296305 0.0295380 0.0299359 0.0272419 0.0293726 0.0168188 0.0255394 0.0269443 0.0291708 0.0230009 0.0178171 0.0241327 0.0262010 0.0264317 0.0000000 0.0131275 0.0285087 0.0271340 0.0264941 0.0169521 0.0296644 0.0257251 0.0265339 0.0286999 0.0273172 0.0289611 0.0223905 0.0197288 0.0277337 0.0283215 0.0234102 0.0278755 0.0216118 0.0242839 0.0313673 0.0251892 0.0289809 0.0258059 0.0260573 0.0301831 0.0146570 0.0226473 0.0243166 0.0185343 0.0301031 0.0391216 0.0140035 0.0342708 0.0297230 0.0245019 0.0350244 0.0234288 0.0262120 0.0327580 0.0283329 0.0283812 0.0224916 0.0304257 0.0157626 0.0225123 0.0276213 0.0215133 0.0336922 0.0377108 0.0352606 0.0356606 0.0364511 0.0363845 0.0219190 0.0315112 0.0323207 0.0300990 0.0344081 0.0342821 0.0331465 0.0353352 0.0304333 0.0226969 0.0359960 0.0374508 0.0333374 0.0315813 0.0323079 0.0319408 0.0366198 0.0253047 0.0292964 0.0367399 0.0274907 0.0313957 0.0298024 0.0298991 0.0329149 0.0155331 0.0325360 0.0151177 0.0303090 0.0336203 0.0326487 0.0295238 0.0315959 0.0343274 0.0343044 0.0351546 0.0288374 0.0291070 0.0308739 0.0314146 0.0327694 0.0292567 0.0295231 0.0353984 0.0265902 0.0260238 0.0315692 0.0297882 0.0292676 0.0299145 0.0299970 0.0430668 0.0338791 0.0477230 0.0312664 0.0316751 0.0376045 0.0418338 0.0403052 0.0402233 0.0410740 0.0433958 0.0424495 0.0365729 0.0385639 0.0345143 0.0365565 0.0360060 0.0318679 0.0450050 0.0317857 0.0391865 0.0343269 0.0161037 0.0488911 0.0133400 0.0250024 0.0419186 0.0432816 0.0497851 0.0414389 0.0372322 0.0484685 0.0422053 0.0372384 0.0379022 0.0288164 0.0189139 0.0264670 0.0404624 0.0290291 0.0349293 0.0368188 0.0367902 0.0268688 0.0302630 0.0135455 0.0211186 0.0238788 0.0302094 0.0293957 0.0242757 0.0352324 0.0279957 0.0313083 0.0373741 0.0314491 0.0185811 0.0312698 0.0366260 0.0307688 0.0363298 0.0295351 0.0258129 
DD2_06A    0.0311193 0.0224066 0.0275286 0.0302530 0.0241625 0.0295160 0.0301063 0.0173206 0.0221527 0.0270693 0.0228577 0.0254899 0.0143525 0.0302980 0.0220355 0.0307843 0.0131275 0.0000000 0.0276067 0.0242811 0.0254575 0.0266441 0.0263405 0.0207996 0.0292610 0.0295491 0.0303040 0.0316991 0.0258079 0.0170730 0.0381588 0.0284463 0.0241287 0.0250493 0.0207202 0.0268480 0.0286705 0.0260025 0.0271869 0.0308596 0.0309279 0.0307916 0.0184641 0.0248564 0.0277891 0.0192744 0.0314071 0.0469835 0.0160339 0.0387819 0.0345008 0.0307095 0.0375287 0.0312298 0.0245016 0.0336626 0.0265739 0.0300629 0.0306431 0.0402041 0.0149645 0.0261608 0.0293067 0.0190840 0.0338606 0.0365657 0.0356236 0.0328417 0.0359364 0.0344278 0.0171054 0.0246240 0.0380281 0.0325822 0.0362228 0.0364858 0.0336884 0.0326692 0.0315445 0.0253803 0.0404656 0.0357137 0.0345416 0.0336892 0.0341050 0.0318953 0.0362152 0.0293687 0.0331957 0.0362851 0.0276359 0.0352674 0.0317617 0.0321365 0.0349972 0.0176356 0.0291677 0.0171692 0.0320850 0.0351816 0.0366391 0.0288442 0.0360090 0.0335614 0.0420383 0.0368750 0.0318718 0.0326728 0.0343338 0.0303589 0.0339034 0.0333396 0.0304479 0.0336291 0.0281605 0.0256759 0.0306063 0.0311114 0.0332515 0.0299566 0.0371340 0.0425765 0.0366099 0.0488840 0.0290034 0.0301476 0.0396348 0.0420475 0.0379025 0.0345631 0.0440282 0.0412912 0.0431490 0.0348688 0.0417903 0.0288848 0.0338538 0.0328440 0.0333615 0.0463345 0.0350923 0.0384131 0.0378581 0.0153136 0.0494596 0.0125340 0.0256027 0.0429707 0.0446668 0.0463158 0.0364667 0.0428364 0.0524155 0.0424442 0.0359326 0.0357111 0.0269904 0.0177910 0.0283820 0.0401861 0.0306190 0.0338146 0.0403800 0.0341600 0.0305536 0.0303948 0.0148081 0.0233411 0.0237286 0.0355336 0.0329132 0.0283878 0.0326626 0.0259368 0.0302921 0.0395242 0.0357011 0.0182240 0.0323997 0.0366963 0.0297771 0.0376472 0.0319534 0.0231201 
DD2_07A    0.0280461 0.0273220 0.0297693 0.0256872 0.0327279 0.0302797 0.0300974 0.0203402 0.0259837 0.0267127 0.0268680 0.0247518 0.0163868 0.0300862 0.0338771 0.0363858 0.0285087 0.0276067 0.0000000 0.0291827 0.0260443 0.0283310 0.0300229 0.0302811 0.0325548 0.0340194 0.0337826 0.0351985 0.0318669 0.0323343 0.0324777 0.0303810 0.0291497 0.0309065 0.0329210 0.0291424 0.0290336 0.0312685 0.0326156 0.0417259 0.0391560 0.0349883 0.0210585 0.0285346 0.0291256 0.0279153 0.0385458 0.0502820 0.0211661 0.0388070 0.0383432 0.0315127 0.0404584 0.0344878 0.0301602 0.0341063 0.0412910 0.0342753 0.0323742 0.0352299 0.0235928 0.0329572 0.0379732 0.0259904 0.0353044 0.0411386 0.0402260 0.0389874 0.0362462 0.0415617 0.0235106 0.0323269 0.0398390 0.0355911 0.0387561 0.0409656 0.0378156 0.0419744 0.0370793 0.0252098 0.0382067 0.0380512 0.0399313 0.0398874 0.0390918 0.0416983 0.0403773 0.0306851 0.0400306 0.0478275 0.0357589 0.0393884 0.0396365 0.0382335 0.0423464 0.0235876 0.0408867 0.0216358 0.0413296 0.0386012 0.0403439 0.0397902 0.0362712 0.0419097 0.0430670 0.0481355 0.0380272 0.0386832 0.0378855 0.0400037 0.0400043 0.0400943 0.0413470 0.0444639 0.0336801 0.0345316 0.0375192 0.0398550 0.0396628 0.0377617 0.0404877 0.0524737 0.0455151 0.0592301 0.0387909 0.0368241 0.0472005 0.0532637 0.0471591 0.0423639 0.0520592 0.0482893 0.0513508 0.0446371 0.0445180 0.0411169 0.0371528 0.0429421 0.0389919 0.0493934 0.0391671 0.0440866 0.0416293 0.0182419 0.0556080 0.0150144 0.0289754 0.0453845 0.0509865 0.0567092 0.0478714 0.0472362 0.0551512 0.0471219 0.0442706 0.0446647 0.0370739 0.0251661 0.0350965 0.0516375 0.0377628 0.0417611 0.0404959 0.0410217 0.0341201 0.0384949 0.0170898 0.0285187 0.0334413 0.0360038 0.0330524 0.0329548 0.0430754 0.0315380 0.0355325 0.0441736 0.0447039 0.0239242 0.0405331 0.0393938 0.0376308 0.0458160 0.0396979 0.0285065 
DD2_08A    0.0250560 0.0255795 0.0265262 0.0283287 0.0217634 0.0298902 0.0284914 0.0181836 0.0258893 0.0244068 0.0251389 0.0226395 0.0098061 0.0276136 0.0287649 0.0324249 0.0271340 0.0242811 0.0291827 0.0000000 0.0257681 0.0273186 0.0277061 0.0283976 0.0260055 0.0291217 0.0273582 0.0307509 0.0252984 0.0274963 0.0287063 0.0267324 0.0271054 0.0263827 0.0290450 0.0238600 0.0240146 0.0249231 0.0259516 0.0341904 0.0289170 0.0314199 0.0184923 0.0251578 0.0275080 0.0241197 0.0339431 0.0522350 0.0175978 0.0357774 0.0335736 0.0304502 0.0396228 0.0305660 0.0306283 0.0279119 0.0243304 0.0313962 0.0361917 0.0327041 0.0203015 0.0235548 0.0299196 0.0206055 0.0360142 0.0363548 0.0362706 0.0327991 0.0343150 0.0383209 0.0173131 0.0251710 0.0387927 0.0342436 0.0333915 0.0344691 0.0335819 0.0357208 0.0314225 0.0216781 0.0328678 0.0342993 0.0353460 0.0369093 0.0335274 0.0319504 0.0335065 0.0277803 0.0346568 0.0405158 0.0350527 0.0357610 0.0343354 0.0355129 0.0349300 0.0186097 0.0328486 0.0188278 0.0372052 0.0333324 0.0340102 0.0346584 0.0352158 0.0322619 0.0386939 0.0390193 0.0348163 0.0338344 0.0318943 0.0334701 0.0351371 0.0324431 0.0314159 0.0293657 0.0289061 0.0293296 0.0298646 0.0342032 0.0347353 0.0317622 0.0342798 0.0449204 0.0344577 0.0482504 0.0324622 0.0369556 0.0392745 0.0436203 0.0401232 0.0336903 0.0444902 0.0432876 0.0407021 0.0414616 0.0449523 0.0295000 0.0355525 0.0337371 0.0344621 0.0457904 0.0356571 0.0396666 0.0351487 0.0173850 0.0482010 0.0143333 0.0265660 0.0421514 0.0440837 0.0465435 0.0400166 0.0426615 0.0483311 0.0412501 0.0368706 0.0358543 0.0290207 0.0193782 0.0318405 0.0399844 0.0329537 0.0336716 0.0359510 0.0370856 0.0291008 0.0352430 0.0160821 0.0216703 0.0290308 0.0273427 0.0262467 0.0257426 0.0347654 0.0250859 0.0308396 0.0328189 0.0367764 0.0181910 0.0280595 0.0393019 0.0331011 0.0380867 0.0316411 0.0264311 
DD2_11A    0.0285022 0.0279441 0.0280690 0.0254808 0.0264058 0.0216548 0.0247007 0.0164257 0.0225271 0.0243512 0.0239583 0.0220629 0.0120051 0.0253667 0.0200767 0.0302670 0.0264941 0.0254575 0.0260443 0.0257681 0.0000000 0.0232999 0.0279220 0.0238280 0.0278618 0.0240071 0.0251424 0.0287066 0.0239042 0.0311378 0.0283344 0.0288060 0.0309356 0.0219126 0.0280027 0.0232552 0.0298563 0.0232200 0.0293712 0.0326249 0.0327737 0.0259132 0.0205879 0.0204546 0.0267879 0.0241889 0.0299401 0.0510145 0.0163282 0.0350272 0.0297426 0.0312078 0.0336332 0.0292442 0.0248248 0.0308033 0.0304825 0.0260412 0.0229239 0.0362878 0.0214390 0.0249705 0.0324794 0.0212894 0.0399619 0.0393091 0.0385323 0.0369997 0.0379147 0.0342639 0.0213556 0.0304687 0.0367960 0.0306573 0.0354097 0.0395120 0.0353133 0.0429852 0.0329807 0.0244341 0.0393681 0.0383087 0.0364540 0.0357722 0.0356547 0.0365765 0.0358400 0.0246758 0.0372091 0.0459593 0.0324381 0.0395428 0.0399598 0.0376641 0.0411151 0.0185923 0.0367717 0.0187060 0.0373296 0.0406499 0.0363458 0.0371106 0.0351899 0.0371370 0.0407485 0.0426005 0.0371105 0.0376603 0.0338132 0.0330279 0.0382381 0.0318374 0.0361039 0.0354435 0.0316066 0.0300136 0.0327984 0.0376423 0.0360096 0.0395645 0.0371200 0.0464692 0.0383976 0.0509106 0.0350380 0.0372566 0.0439239 0.0473952 0.0411693 0.0400690 0.0446210 0.0465401 0.0435271 0.0389422 0.0427803 0.0326624 0.0390115 0.0389391 0.0346850 0.0487875 0.0342430 0.0420853 0.0369467 0.0165201 0.0512592 0.0138737 0.0253728 0.0440955 0.0517585 0.0573879 0.0426031 0.0407553 0.0519247 0.0458065 0.0416635 0.0411895 0.0345879 0.0196660 0.0292547 0.0441842 0.0362057 0.0362754 0.0384121 0.0339664 0.0319549 0.0368835 0.0149807 0.0237922 0.0283706 0.0325374 0.0252965 0.0274451 0.0369676 0.0308117 0.0394801 0.0391567 0.0390695 0.0199007 0.0350608 0.0401037 0.0354079 0.0430195 0.0387725 0.0259315 
