95
DD1_02S    0.0000000 0.0392606 0.0359551 0.0559080 0.0484000 0.0575311 0.0502014 0.0438221 0.0768916 0.0445885 0.0558988 0.0771578 0.0584781 0.0416489 0.0503101 0.0541151 0.0480284 0.0434537 0.0446179 0.0577912 0.0485831 0.0739738 0.0481321 0.0396717 0.0548073 0.0494604 0.0448776 0.0573727 0.0463440 0.0516624 0.0679290 0.0303359 0.0583893 0.0548449 0.0449254 0.0640399 0.0445883 0.0414935 0.0500227 0.0513922 0.0525550 0.0866041 0.0536668 0.0579007 0.0635337 0.0528861 0.0563861 0.0752812 0.0554346 0.0728443 0.0580732 0.0526039 0.0556501 0.0529474 0.0498073 0.0467715 0.0486689 0.0514885 0.0537530 0.0498085 0.0811162 0.0353145 0.0315808 0.0333319 0.0651397 0.0479341 0.0668298 0.0513361 0.0584304 0.0542513 0.0585528 0.0477672 0.0547846 0.0556478 0.0453240 0.0384684 0.0482731 0.0487758 0.0511483 0.0492926 0.0486216 0.0517963 0.0430519 0.0490291 0.0466149 0.0547422 0.0497958 0.0474791 0.0541873 0.0527036 0.0577577 0.0506459 0.0538445 0.0472314 0.0671120 
DD3_01S    0.0392606 0.0000000 0.0311730 0.0476212 0.0438611 0.0421212 0.0455722 0.0456053 0.0667733 0.0384214 0.0484190 0.0764308 0.0481293 0.0423060 0.0422431 0.0368645 0.0446743 0.0368955 0.0363936 0.0505752 0.0425237 0.0665956 0.0431162 0.0287019 0.0485416 0.0380308 0.0356842 0.0501369 0.0450394 0.0528412 0.0542091 0.0258550 0.0469315 0.0503938 0.0396810 0.0564224 0.0443806 0.0395804 0.0476455 0.0490249 0.0543220 0.0900523 0.0529343 0.0474301 0.0668656 0.0503369 0.0489650 0.0776865 0.0535314 0.0748323 0.0563696 0.0522155 0.0512716 0.0505344 0.0505555 0.0437710 0.0527903 0.0476825 0.0547728 0.0528763 0.0816688 0.0308117 0.0247327 0.0318897 0.0625024 0.0472861 0.0699020 0.0487571 0.0539779 0.0508663 0.0477165 0.0450111 0.0559259 0.0591188 0.0463415 0.0388076 0.0430617 0.0448803 0.0539722 0.0496330 0.0422009 0.0438796 0.0379874 0.0491847 0.0467219 0.0460538 0.0487311 0.0493801 0.0485403 0.0485184 0.0555520 0.0481604 0.0511120 0.0476774 0.0701933 
DD3_02S    0.0359551 0.0311730 0.0000000 0.0480217 0.0380023 0.0439042 0.0348819 0.0339488 0.0632016 0.0312712 0.0433895 0.0649664 0.0433201 0.0307957 0.0373681 0.0346715 0.0370041 0.0301505 0.0346742 0.0380832 0.0369452 0.0643586 0.0378402 0.0287066 0.0441588 0.0368488 0.0376355 0.0492952 0.0354863 0.0493579 0.0561786 0.0248739 0.0443754 0.0450504 0.0342899 0.0533635 0.0337523 0.0313063 0.0399874 0.0406899 0.0477566 0.0756351 0.0450646 0.0448644 0.0582217 0.0459275 0.0457299 0.0677690 0.0494156 0.0627066 0.0492948 0.0428917 0.0438519 0.0392550 0.0394405 0.0388106 0.0428026 0.0374171 0.0411171 0.0372327 0.0669480 0.0284122 0.0220651 0.0250387 0.0542080 0.0370219 0.0595734 0.0388964 0.0416106 0.0402748 0.0398039 0.0419979 0.0430499 0.0462989 0.0381483 0.0371409 0.0350911 0.0342618 0.0396448 0.0365144 0.0367441 0.0358709 0.0289080 0.0374468 0.0362709 0.0378038 0.0412712 0.0414936 0.0426925 0.0440901 0.0443727 0.0437150 0.0381757 0.0407499 0.0598243 
DS1_01S    0.0559080 0.0476212 0.0480217 0.0000000 0.0473768 0.0463921 0.0523304 0.0476547 0.0771168 0.0454439 0.0580429 0.0732324 0.0584332 0.0471560 0.0460558 0.0486672 0.0491573 0.0458930 0.0392656 0.0533812 0.0457556 0.0713093 0.0451480 0.0353226 0.0516544 0.0470525 0.0504668 0.0577835 0.0476853 0.0543657 0.0576745 0.0305196 0.0464324 0.0540591 0.0402644 0.0603493 0.0461211 0.0456771 0.0531352 0.0564344 0.0612361 0.0952598 0.0634906 0.0567255 0.0765390 0.0640957 0.0559028 0.0800322 0.0648271 0.0819402 0.0629012 0.0590118 0.0599428 0.0571734 0.0562165 0.0571091 0.0557900 0.0594413 0.0573507 0.0589367 0.0922139 0.0392843 0.0347885 0.0430876 0.0746093 0.0545300 0.0800699 0.0571333 0.0599537 0.0593768 0.0604940 0.0572215 0.0674748 0.0640008 0.0545266 0.0460603 0.0538247 0.0552804 0.0602930 0.0539882 0.0536370 0.0531071 0.0410464 0.0565359 0.0536036 0.0575572 0.0541550 0.0568883 0.0608820 0.0552669 0.0591565 0.0574691 0.0539677 0.0509734 0.0747437 
DS1_02S    0.0484000 0.0438611 0.0380023 0.0473768 0.0000000 0.0347240 0.0347348 0.0320585 0.0573381 0.0337296 0.0432694 0.0543120 0.0433378 0.0358905 0.0319099 0.0347728 0.0435605 0.0361814 0.0328550 0.0456794 0.0438159 0.0641972 0.0382886 0.0336533 0.0432480 0.0386275 0.0327198 0.0502422 0.0390125 0.0432851 0.0525210 0.0264967 0.0433806 0.0490439 0.0328451 0.0558313 0.0322195 0.0340095 0.0437085 0.0421076 0.0473278 0.0797441 0.0510290 0.0462170 0.0643519 0.0520027 0.0487535 0.0730342 0.0540895 0.0684761 0.0522466 0.0423167 0.0467373 0.0409573 0.0492089 0.0457398 0.0475903 0.0461668 0.0463586 0.0479115 0.0707865 0.0318401 0.0267632 0.0294990 0.0563663 0.0420503 0.0690847 0.0467869 0.0491911 0.0488032 0.0464290 0.0439494 0.0513345 0.0523321 0.0411624 0.0410742 0.0436046 0.0391164 0.0469967 0.0443432 0.0429688 0.0416002 0.0328834 0.0459492 0.0400654 0.0448025 0.0443542 0.0493954 0.0414961 0.0443948 0.0476871 0.0466493 0.0423854 0.0415837 0.0617008 
DS2_01S    0.0575311 0.0421212 0.0439042 0.0463921 0.0347240 0.0000000 0.0370722 0.0325049 0.0337890 0.0253708 0.0301502 0.0368325 0.0355764 0.0419333 0.0341547 0.0373752 0.0446785 0.0352980 0.0386872 0.0429073 0.0443834 0.0652811 0.0270121 0.0301851 0.0440227 0.0405146 0.0318765 0.0467414 0.0379704 0.0468511 0.0525016 0.0293642 0.0398131 0.0516765 0.0352301 0.0530711 0.0352143 0.0412849 0.0482295 0.0568962 0.0560715 0.0850624 0.0576863 0.0536124 0.0700247 0.0561411 0.0526899 0.0800343 0.0540523 0.0682704 0.0518630 0.0508214 0.0523117 0.0537885 0.0523211 0.0528647 0.0558032 0.0509684 0.0536177 0.0434675 0.0759993 0.0382572 0.0310984 0.0357806 0.0652476 0.0508501 0.0752711 0.0509032 0.0499270 0.0538418 0.0542427 0.0541173 0.0594638 0.0616343 0.0475986 0.0456510 0.0491526 0.0412124 0.0572582 0.0495353 0.0454154 0.0488936 0.0339519 0.0580219 0.0517893 0.0528933 0.0523273 0.0493106 0.0518765 0.0499713 0.0552417 0.0520144 0.0496602 0.0460240 0.0715179 
DS2_02S    0.0502014 0.0455722 0.0348819 0.0523304 0.0347348 0.0370722 0.0000000 0.0311435 0.0612923 0.0292687 0.0397237 0.0625202 0.0395346 0.0293876 0.0330829 0.0289974 0.0347401 0.0335693 0.0302330 0.0406269 0.0411859 0.0602200 0.0371088 0.0288538 0.0393686 0.0371695 0.0321630 0.0436673 0.0374376 0.0446596 0.0440221 0.0255613 0.0314349 0.0423676 0.0315408 0.0419796 0.0336664 0.0294959 0.0486618 0.0441931 0.0538105 0.0788862 0.0434452 0.0436304 0.0592122 0.0463533 0.0479758 0.0746218 0.0492741 0.0604818 0.0475759 0.0454723 0.0468217 0.0466019 0.0475535 0.0468448 0.0478473 0.0433985 0.0469983 0.0476390 0.0736407 0.0317446 0.0235707 0.0269994 0.0637773 0.0412960 0.0677165 0.0483528 0.0447224 0.0482177 0.0471205 0.0495088 0.0558383 0.0571491 0.0409725 0.0375676 0.0440227 0.0434300 0.0496129 0.0444044 0.0405012 0.0428869 0.0309478 0.0494856 0.0437782 0.0456573 0.0468667 0.0497310 0.0428544 0.0420991 0.0516136 0.0486669 0.0411393 0.0410988 0.0649727 
DS2_03S    0.0438221 0.0456053 0.0339488 0.0476547 0.0320585 0.0325049 0.0311435 0.0000000 0.0505246 0.0298229 0.0383989 0.0505174 0.0338469 0.0262293 0.0260814 0.0330147 0.0352903 0.0266741 0.0231012 0.0367182 0.0331846 0.0529094 0.0292234 0.0245407 0.0355139 0.0303652 0.0274560 0.0443692 0.0316658 0.0355333 0.0443963 0.0213293 0.0350263 0.0422317 0.0205730 0.0431315 0.0277249 0.0322564 0.0436723 0.0454666 0.0499080 0.0783255 0.0477362 0.0426247 0.0633208 0.0483459 0.0486747 0.0759209 0.0501652 0.0612518 0.0475934 0.0465757 0.0436446 0.0439800 0.0451354 0.0433719 0.0418932 0.0427394 0.0410324 0.0410243 0.0685791 0.0310557 0.0234651 0.0254136 0.0587633 0.0363923 0.0590533 0.0404792 0.0424762 0.0409167 0.0441146 0.0424242 0.0501210 0.0495665 0.0415586 0.0347860 0.0397017 0.0391108 0.0454711 0.0423934 0.0404824 0.0395077 0.0306378 0.0437984 0.0420427 0.0430883 0.0419493 0.0453034 0.0470121 0.0419935 0.0460602 0.0450436 0.0404628 0.0428080 0.0574610 
DS2_05S    0.0768916 0.0667733 0.0632016 0.0771168 0.0573381 0.0337890 0.0612923 0.0505246 0.0000000 0.0348869 0.0179123 0.0420291 0.0471332 0.0596255 0.0546797 0.0489573 0.0604476 0.0589021 0.0573883 0.0643711 0.0566003 0.0792669 0.0470515 0.0449095 0.0596484 0.0542662 0.0547699 0.0702573 0.0618105 0.0691754 0.0647789 0.0416731 0.0651419 0.0681792 0.0519562 0.0703146 0.0573882 0.0652409 0.0702438 0.0762106 0.0793580 0.1079648 0.0839508 0.0794804 0.0910293 0.0773534 0.0711208 0.1052029 0.0778805 0.1005599 0.0738856 0.0791611 0.0781104 0.0762064 0.0705997 0.0693026 0.0726339 0.0694129 0.0742910 0.0718042 0.1048318 0.0542528 0.0472735 0.0530317 0.0941671 0.0732570 0.0979554 0.0747751 0.0714818 0.0751947 0.0782011 0.0760489 0.0837395 0.0851261 0.0662511 0.0621357 0.0682550 0.0672728 0.0804412 0.0642624 0.0686852 0.0697007 0.0474085 0.0752727 0.0726715 0.0732525 0.0757042 0.0746099 0.0786786 0.0735724 0.0778513 0.0723181 0.0720206 0.0698674 0.0925898 
DS2_06S    0.0445885 0.0384214 0.0312712 0.0454439 0.0337296 0.0253708 0.0292687 0.0298229 0.0348869 0.0000000 0.0253637 0.0358569 0.0271779 0.0310772 0.0304398 0.0257231 0.0297465 0.0292934 0.0280891 0.0319838 0.0295871 0.0540670 0.0261533 0.0177544 0.0346586 0.0271577 0.0288409 0.0417324 0.0316263 0.0376813 0.0404027 0.0178404 0.0334462 0.0397702 0.0245719 0.0471018 0.0294940 0.0300549 0.0396271 0.0423675 0.0445461 0.0794450 0.0463462 0.0448914 0.0577611 0.0464204 0.0404561 0.0725204 0.0462517 0.0664630 0.0430288 0.0445820 0.0428399 0.0419454 0.0427172 0.0398294 0.0417252 0.0429584 0.0419540 0.0421812 0.0727693 0.0257552 0.0231086 0.0236651 0.0572083 0.0385703 0.0679302 0.0427429 0.0440196 0.0441880 0.0456974 0.0437622 0.0465157 0.0493939 0.0386785 0.0318837 0.0335013 0.0339456 0.0460292 0.0405507 0.0386200 0.0374791 0.0276037 0.0426943 0.0389517 0.0418953 0.0372044 0.0422136 0.0467923 0.0404779 0.0487138 0.0420279 0.0406706 0.0315222 0.0571955 
DS2_07S    0.0558988 0.0484190 0.0433895 0.0580429 0.0432694 0.0301502 0.0397237 0.0383989 0.0179123 0.0253637 0.0000000 0.0291076 0.0308243 0.0355754 0.0331303 0.0373250 0.0389888 0.0349220 0.0388366 0.0461795 0.0360604 0.0614925 0.0311088 0.0278253 0.0400428 0.0377744 0.0373641 0.0526815 0.0382136 0.0456112 0.0467922 0.0265337 0.0467801 0.0464355 0.0349177 0.0528973 0.0396763 0.0417863 0.0450594 0.0482325 0.0500254 0.0757052 0.0493214 0.0475750 0.0638289 0.0496632 0.0450841 0.0770414 0.0523360 0.0706572 0.0479181 0.0460948 0.0554633 0.0517460 0.0502445 0.0451718 0.0515760 0.0480015 0.0487682 0.0503299 0.0784642 0.0292588 0.0240820 0.0319733 0.0624864 0.0468862 0.0714091 0.0463892 0.0509415 0.0492116 0.0496232 0.0456157 0.0583893 0.0558027 0.0434789 0.0390011 0.0413587 0.0449216 0.0579726 0.0405692 0.0449828 0.0402446 0.0243786 0.0483570 0.0441898 0.0442793 0.0487861 0.0481189 0.0470771 0.0503646 0.0527602 0.0462341 0.0467491 0.0446205 0.0652435 
DS2_08S    0.0771578 0.0764308 0.0649664 0.0732324 0.0543120 0.0368325 0.0625202 0.0505174 0.0420291 0.0358569 0.0291076 0.0000000 0.0532659 0.0579825 0.0504584 0.0556557 0.0642733 0.0550887 0.0578814 0.0665821 0.0562265 0.0871188 0.0457370 0.0477463 0.0618315 0.0606266 0.0538810 0.0774421 0.0613416 0.0749018 0.0715480 0.0467665 0.0739794 0.0661505 0.0532212 0.0757825 0.0619614 0.0584575 0.0733515 0.0713494 0.0719593 0.1079783 0.0787702 0.0755586 0.0969840 0.0766367 0.0767064 0.1065876 0.0811633 0.1012941 0.0774034 0.0722280 0.0778112 0.0751633 0.0737492 0.0716083 0.0749998 0.0761854 0.0744841 0.0762705 0.1073229 0.0548351 0.0447448 0.0592162 0.0868674 0.0736163 0.1033081 0.0680107 0.0801384 0.0759588 0.0774497 0.0711244 0.0866934 0.0840440 0.0685052 0.0659927 0.0664768 0.0662936 0.0810032 0.0707167 0.0709504 0.0673640 0.0495931 0.0715561 0.0699038 0.0729754 0.0748593 0.0739172 0.0742868 0.0710258 0.0747971 0.0723736 0.0723266 0.0626833 0.0906142 
DS2_10S    0.0584781 0.0481293 0.0433201 0.0584332 0.0433378 0.0355764 0.0395346 0.0338469 0.0471332 0.0271779 0.0308243 0.0532659 0.0000000 0.0392773 0.0318640 0.0394233 0.0439766 0.0354810 0.0342259 0.0425526 0.0365991 0.0598291 0.0310034 0.0247660 0.0383940 0.0396284 0.0307912 0.0474088 0.0411013 0.0449751 0.0476383 0.0246080 0.0454352 0.0471135 0.0350064 0.0505968 0.0401721 0.0380257 0.0500497 0.0491176 0.0552337 0.0849065 0.0514408 0.0526366 0.0668182 0.0530529 0.0507697 0.0789238 0.0553014 0.0693292 0.0528470 0.0524020 0.0520563 0.0478650 0.0552950 0.0495354 0.0493512 0.0501115 0.0517892 0.0493894 0.0820039 0.0341553 0.0285519 0.0359060 0.0681119 0.0453840 0.0709556 0.0496641 0.0518282 0.0484546 0.0465825 0.0472065 0.0587782 0.0587463 0.0471127 0.0428365 0.0446864 0.0447304 0.0565775 0.0479717 0.0450135 0.0426105 0.0182175 0.0496529 0.0445208 0.0484748 0.0487736 0.0494861 0.0543499 0.0503150 0.0566295 0.0533919 0.0442876 0.0458608 0.0668292 
DS3_03S    0.0416489 0.0423060 0.0307957 0.0471560 0.0358905 0.0419333 0.0293876 0.0262293 0.0596255 0.0310772 0.0355754 0.0579825 0.0392773 0.0000000 0.0259586 0.0290706 0.0295249 0.0272504 0.0234024 0.0406625 0.0189189 0.0617587 0.0296043 0.0220072 0.0338387 0.0289430 0.0328885 0.0490214 0.0280856 0.0305440 0.0486079 0.0198780 0.0387207 0.0328190 0.0249345 0.0512695 0.0212081 0.0257621 0.0321812 0.0390784 0.0421791 0.0755482 0.0444999 0.0368980 0.0569336 0.0442145 0.0414029 0.0669255 0.0471489 0.0662636 0.0461660 0.0401450 0.0418806 0.0375688 0.0425585 0.0371460 0.0372463 0.0394067 0.0398337 0.0366211 0.0711060 0.0211634 0.0178452 0.0216243 0.0594983 0.0376658 0.0625366 0.0367049 0.0444717 0.0392005 0.0403232 0.0403760 0.0514175 0.0519876 0.0374510 0.0304349 0.0337608 0.0348907 0.0487875 0.0398506 0.0386284 0.0312660 0.0223952 0.0344930 0.0325196 0.0345471 0.0364169 0.0389072 0.0402024 0.0391596 0.0428027 0.0386877 0.0353862 0.0319748 0.0545444 
DS3_27S    0.0503101 0.0422431 0.0373681 0.0460558 0.0319099 0.0341547 0.0330829 0.0260814 0.0546797 0.0304398 0.0331303 0.0504584 0.0318640 0.0259586 0.0000000 0.0197574 0.0271538 0.0190496 0.0094354 0.0368423 0.0213764 0.0233335 0.0200758 0.0165155 0.0115414 0.0311029 0.0313382 0.0243625 0.0206741 0.0206498 0.0238424 0.0212842 0.0314385 0.0284161 0.0232387 0.0299728 0.0353559 0.0189936 0.0425002 0.0418253 0.0457861 0.0745164 0.0451716 0.0416047 0.0631756 0.0460725 0.0451056 0.0692147 0.0475493 0.0614611 0.0459091 0.0424003 0.0430846 0.0415508 0.0453470 0.0481004 0.0457609 0.0445927 0.0408730 0.0396496 0.0698797 0.0297200 0.0237007 0.0239424 0.0545033 0.0380359 0.0605599 0.0388015 0.0387946 0.0437020 0.0400403 0.0385839 0.0488569 0.0513518 0.0441022 0.0361038 0.0382405 0.0308493 0.0450144 0.0369524 0.0378270 0.0368212 0.0266866 0.0415633 0.0334313 0.0408890 0.0399223 0.0399182 0.0371735 0.0387676 0.0450606 0.0408553 0.0376310 0.0376861 0.0585333 
DS3_28S    0.0541151 0.0368645 0.0346715 0.0486672 0.0347728 0.0373752 0.0289974 0.0330147 0.0489573 0.0257231 0.0373250 0.0556557 0.0394233 0.0290706 0.0197574 0.0000000 0.0296649 0.0254662 0.0202483 0.0281067 0.0217401 0.0323874 0.0176031 0.0153725 0.0189348 0.0192432 0.0287976 0.0211404 0.0233606 0.0308418 0.0210700 0.0192745 0.0263635 0.0269027 0.0249341 0.0276736 0.0290163 0.0186203 0.0455309 0.0462774 0.0523123 0.0845823 0.0534281 0.0483057 0.0670294 0.0539278 0.0469117 0.0734824 0.0558261 0.0729111 0.0512148 0.0502525 0.0502031 0.0457576 0.0513846 0.0476572 0.0535525 0.0465857 0.0483115 0.0474282 0.0758098 0.0333003 0.0239084 0.0318479 0.0624192 0.0467199 0.0676702 0.0462619 0.0434534 0.0491200 0.0492223 0.0484363 0.0527009 0.0534943 0.0454367 0.0444441 0.0422879 0.0365389 0.0556509 0.0444580 0.0427888 0.0436493 0.0328940 0.0469578 0.0430827 0.0477827 0.0494366 0.0466907 0.0466046 0.0468266 0.0534729 0.0471634 0.0494882 0.0394655 0.0668800 
DS3_29S    0.0480284 0.0446743 0.0370041 0.0491573 0.0435605 0.0446785 0.0347401 0.0352903 0.0604476 0.0297465 0.0389888 0.0642733 0.0439766 0.0295249 0.0271538 0.0296649 0.0000000 0.0171061 0.0207635 0.0266197 0.0195675 0.0339487 0.0282427 0.0140350 0.0243033 0.0356010 0.0347252 0.0220158 0.0268403 0.0268889 0.0328651 0.0147930 0.0249583 0.0277266 0.0235810 0.0345799 0.0328351 0.0200381 0.0397559 0.0452254 0.0484336 0.0812243 0.0468282 0.0468666 0.0598083 0.0498767 0.0416325 0.0714569 0.0488935 0.0693324 0.0466836 0.0450910 0.0485289 0.0436993 0.0472415 0.0436326 0.0455673 0.0457528 0.0475570 0.0508786 0.0790606 0.0279034 0.0251219 0.0249556 0.0627389 0.0402863 0.0692788 0.0434586 0.0454947 0.0512281 0.0519320 0.0471224 0.0509317 0.0504365 0.0411063 0.0368927 0.0441905 0.0378440 0.0510134 0.0431484 0.0418148 0.0428873 0.0301918 0.0451602 0.0418264 0.0445955 0.0463725 0.0449686 0.0457406 0.0444828 0.0448651 0.0452793 0.0484861 0.0370721 0.0639698 
DS3_30S    0.0434537 0.0368955 0.0301505 0.0458930 0.0361814 0.0352980 0.0335693 0.0266741 0.0589021 0.0292934 0.0349220 0.0550887 0.0354810 0.0272504 0.0190496 0.0254662 0.0171061 0.0000000 0.0182877 0.0304273 0.0171673 0.0213904 0.0226356 0.0121521 0.0152040 0.0296182 0.0335746 0.0169089 0.0223900 0.0215004 0.0283157 0.0166817 0.0254814 0.0229768 0.0151942 0.0349156 0.0326295 0.0140910 0.0419369 0.0419780 0.0500877 0.0756079 0.0435871 0.0433745 0.0634702 0.0467191 0.0443414 0.0689222 0.0460084 0.0671854 0.0462654 0.0435770 0.0468548 0.0417885 0.0435735 0.0418176 0.0468915 0.0436782 0.0429873 0.0481961 0.0724519 0.0289292 0.0269803 0.0283189 0.0600289 0.0384218 0.0663361 0.0411684 0.0465910 0.0435389 0.0490118 0.0440136 0.0472637 0.0515186 0.0395431 0.0352744 0.0416753 0.0370978 0.0488433 0.0384137 0.0450056 0.0406466 0.0310631 0.0399007 0.0393428 0.0440424 0.0458426 0.0428006 0.0452704 0.0458356 0.0471609 0.0421936 0.0468440 0.0387533 0.0655244 
DS3_31S    0.0446179 0.0363936 0.0346742 0.0392656 0.0328550 0.0386872 0.0302330 0.0231012 0.0573883 0.0280891 0.0388366 0.0578814 0.0342259 0.0234024 0.0094354 0.0202483 0.0207635 0.0182877 0.0000000 0.0353404 0.0173282 0.0250309 0.0225748 0.0154600 0.0103081 0.0262054 0.0319975 0.0213403 0.0197937 0.0178247 0.0223583 0.0194624 0.0264537 0.0293031 0.0140331 0.0220033 0.0304508 0.0201851 0.0430098 0.0424244 0.0460057 0.0759727 0.0458154 0.0424454 0.0635509 0.0475934 0.0456921 0.0675416 0.0502263 0.0616770 0.0480854 0.0432226 0.0398366 0.0397062 0.0442794 0.0432571 0.0437485 0.0451307 0.0407762 0.0391809 0.0678553 0.0252164 0.0197173 0.0245882 0.0535322 0.0359266 0.0634274 0.0416649 0.0370478 0.0393388 0.0423778 0.0399079 0.0467903 0.0487113 0.0422120 0.0377966 0.0396784 0.0361972 0.0448753 0.0406970 0.0370465 0.0352679 0.0261077 0.0407983 0.0359553 0.0385865 0.0394551 0.0405407 0.0393353 0.0397357 0.0410426 0.0380238 0.0374878 0.0366644 0.0573326 
DS3_32S    0.0577912 0.0505752 0.0380832 0.0533812 0.0456794 0.0429073 0.0406269 0.0367182 0.0643711 0.0319838 0.0461795 0.0665821 0.0425526 0.0406625 0.0368423 0.0281067 0.0266197 0.0304273 0.0353404 0.0000000 0.0346837 0.0466814 0.0339149 0.0239072 0.0302401 0.0347646 0.0341823 0.0349638 0.0331858 0.0435398 0.0423244 0.0208976 0.0292973 0.0369322 0.0314531 0.0411965 0.0328149 0.0319920 0.0486645 0.0504021 0.0571596 0.0864387 0.0595549 0.0554822 0.0681952 0.0563378 0.0498882 0.0758275 0.0549712 0.0671656 0.0533516 0.0483221 0.0532457 0.0493263 0.0527578 0.0521251 0.0513004 0.0516545 0.0499188 0.0537932 0.0786210 0.0357447 0.0298503 0.0316347 0.0708754 0.0483277 0.0728394 0.0518177 0.0490712 0.0493094 0.0571833 0.0505693 0.0526999 0.0561418 0.0457604 0.0459093 0.0482665 0.0443423 0.0531765 0.0510385 0.0429731 0.0479537 0.0375167 0.0503175 0.0511542 0.0509508 0.0550602 0.0501501 0.0577965 0.0513794 0.0568515 0.0569556 0.0490596 0.0458682 0.0747768 
DS3_33S    0.0485831 0.0425237 0.0369452 0.0457556 0.0438159 0.0443834 0.0411859 0.0331846 0.0566003 0.0295871 0.0360604 0.0562265 0.0365991 0.0189189 0.0213764 0.0217401 0.0195675 0.0171673 0.0173282 0.0346837 0.0000000 0.0261721 0.0186382 0.0152015 0.0151772 0.0313186 0.0327632 0.0218352 0.0189111 0.0197631 0.0208698 0.0204140 0.0273086 0.0230818 0.0189627 0.0276270 0.0244189 0.0259524 0.0417053 0.0464251 0.0487818 0.0763856 0.0464205 0.0458445 0.0633694 0.0470851 0.0458399 0.0683055 0.0482232 0.0667476 0.0473832 0.0472078 0.0507249 0.0466534 0.0465017 0.0418705 0.0467092 0.0464624 0.0454123 0.0540166 0.0793181 0.0309849 0.0281956 0.0316940 0.0641685 0.0397413 0.0661845 0.0443117 0.0447251 0.0474440 0.0491622 0.0442087 0.0528044 0.0545247 0.0431612 0.0369796 0.0423951 0.0388712 0.0529289 0.0407578 0.0458576 0.0398899 0.0327449 0.0422408 0.0402057 0.0439588 0.0439707 0.0449662 0.0487125 0.0478802 0.0462785 0.0428305 0.0452372 0.0429731 0.0633439 
DS3_34S    0.0739738 0.0665956 0.0643586 0.0713093 0.0641972 0.0652811 0.0602200 0.0529094 0.0792669 0.0540670 0.0614925 0.0871188 0.0598291 0.0617587 0.0233335 0.0323874 0.0339487 0.0213904 0.0250309 0.0466814 0.0261721 0.0000000 0.0253789 0.0185359 0.0139995 0.0571528 0.0522710 0.0259022 0.0355700 0.0239066 0.0185781 0.0256920 0.0287657 0.0277474 0.0237535 0.0284244 0.0571126 0.0221692 0.0697266 0.0758952 0.0815102 0.1124367 0.0774914 0.0735046 0.0956439 0.0791794 0.0721006 0.1015186 0.0751414 0.0987328 0.0776344 0.0755726 0.0738095 0.0767647 0.0709412 0.0722613 0.0777182 0.0719563 0.0771242 0.0798987 0.1086109 0.0533721 0.0495258 0.0530070 0.0935302 0.0707533 0.0999895 0.0735539 0.0701141 0.0713092 0.0791987 0.0768150 0.0795537 0.0841964 0.0711904 0.0634464 0.0689892 0.0620847 0.0765548 0.0717554 0.0676438 0.0697765 0.0579649 0.0694839 0.0713866 0.0763599 0.0741376 0.0723208 0.0788861 0.0735675 0.0758370 0.0726526 0.0739067 0.0671845 0.0921439 
DS3_35S    0.0481321 0.0431162 0.0378402 0.0451480 0.0382886 0.0270121 0.0371088 0.0292234 0.0470515 0.0261533 0.0311088 0.0457370 0.0310034 0.0296043 0.0200758 0.0176031 0.0282427 0.0226356 0.0225748 0.0339149 0.0186382 0.0253789 0.0000000 0.0135476 0.0195199 0.0309446 0.0283259 0.0207720 0.0231637 0.0299433 0.0191346 0.0190267 0.0208783 0.0244572 0.0222084 0.0241899 0.0283584 0.0247606 0.0419885 0.0453919 0.0473964 0.0798942 0.0448525 0.0451991 0.0628531 0.0459247 0.0435181 0.0718018 0.0497760 0.0642227 0.0476987 0.0470643 0.0501783 0.0448663 0.0455343 0.0474791 0.0475013 0.0434014 0.0447526 0.0450123 0.0754513 0.0308570 0.0244221 0.0286663 0.0586110 0.0419264 0.0688566 0.0418799 0.0483798 0.0446173 0.0473737 0.0446647 0.0511845 0.0536340 0.0395373 0.0374925 0.0406842 0.0260808 0.0498722 0.0400599 0.0411290 0.0393491 0.0268144 0.0412349 0.0379689 0.0461283 0.0417342 0.0419551 0.0449281 0.0405676 0.0448532 0.0404383 0.0440572 0.0369234 0.0597275 
DS3_36S    0.0396717 0.0287019 0.0287066 0.0353226 0.0336533 0.0301851 0.0288538 0.0245407 0.0449095 0.0177544 0.0278253 0.0477463 0.0247660 0.0220072 0.0165155 0.0153725 0.0140350 0.0121521 0.0154600 0.0239072 0.0152015 0.0185359 0.0135476 0.0000000 0.0119961 0.0095500 0.0217080 0.0102437 0.0164619 0.0169750 0.0136909 0.0128431 0.0163777 0.0195633 0.0134063 0.0186912 0.0228224 0.0129764 0.0299359 0.0336501 0.0396142 0.0679539 0.0347331 0.0363195 0.0489259 0.0375871 0.0327271 0.0587362 0.0370423 0.0526840 0.0380841 0.0362369 0.0392717 0.0354644 0.0352535 0.0347504 0.0364841 0.0335746 0.0338955 0.0403506 0.0652573 0.0217961 0.0229235 0.0206386 0.0506839 0.0327304 0.0582072 0.0337891 0.0323247 0.0368878 0.0421199 0.0402799 0.0400200 0.0444166 0.0310516 0.0283539 0.0328895 0.0309145 0.0450347 0.0355577 0.0319992 0.0285950 0.0243121 0.0313431 0.0275182 0.0325956 0.0354631 0.0339955 0.0390950 0.0348960 0.0380284 0.0353945 0.0366966 0.0306987 0.0503938 
DS3_37S    0.0548073 0.0485416 0.0441588 0.0516544 0.0432480 0.0440227 0.0393686 0.0355139 0.0596484 0.0346586 0.0400428 0.0618315 0.0383940 0.0338387 0.0115414 0.0189348 0.0243033 0.0152040 0.0103081 0.0302401 0.0151772 0.0139995 0.0195199 0.0119961 0.0000000 0.0294614 0.0314038 0.0149633 0.0177820 0.0126936 0.0138015 0.0222031 0.0222527 0.0204418 0.0128914 0.0129623 0.0359233 0.0166762 0.0505484 0.0478593 0.0558753 0.0834721 0.0532145 0.0533726 0.0679384 0.0518412 0.0484820 0.0766871 0.0533243 0.0750031 0.0515078 0.0544788 0.0502505 0.0493982 0.0518893 0.0540429 0.0539168 0.0500383 0.0498641 0.0513715 0.0746281 0.0361782 0.0302917 0.0326606 0.0641401 0.0468827 0.0715597 0.0505688 0.0481690 0.0528474 0.0533313 0.0529342 0.0563422 0.0579357 0.0491011 0.0449513 0.0499997 0.0410318 0.0559764 0.0498871 0.0462546 0.0442916 0.0342770 0.0485919 0.0468589 0.0495151 0.0507987 0.0496440 0.0489956 0.0510946 0.0543855 0.0512999 0.0496077 0.0463001 0.0703868 
DS3_38S    0.0494604 0.0380308 0.0368488 0.0470525 0.0386275 0.0405146 0.0371695 0.0303652 0.0542662 0.0271577 0.0377744 0.0606266 0.0396284 0.0289430 0.0311029 0.0192432 0.0356010 0.0296182 0.0262054 0.0347646 0.0313186 0.0571528 0.0309446 0.0095500 0.0294614 0.0000000 0.0338787 0.0457219 0.0336780 0.0338594 0.0390173 0.0191157 0.0375518 0.0379227 0.0275087 0.0450858 0.0262493 0.0326498 0.0393022 0.0465856 0.0513228 0.0883278 0.0540053 0.0453654 0.0649293 0.0539053 0.0470800 0.0804454 0.0559813 0.0759064 0.0563580 0.0499283 0.0456396 0.0462802 0.0478112 0.0434787 0.0461704 0.0407895 0.0419537 0.0475557 0.0777149 0.0257149 0.0214322 0.0229460 0.0601051 0.0403985 0.0701432 0.0461823 0.0456563 0.0453757 0.0498996 0.0446478 0.0569741 0.0537087 0.0412197 0.0384492 0.0421765 0.0410325 0.0535552 0.0468173 0.0388815 0.0466988 0.0293799 0.0480847 0.0466470 0.0496296 0.0470631 0.0461884 0.0508929 0.0481126 0.0516437 0.0501908 0.0476331 0.0405839 0.0626851 
DS3_39S    0.0448776 0.0356842 0.0376355 0.0504668 0.0327198 0.0318765 0.0321630 0.0274560 0.0547699 0.0288409 0.0373641 0.0538810 0.0307912 0.0328885 0.0313382 0.0287976 0.0347252 0.0335746 0.0319975 0.0341823 0.0327632 0.0522710 0.0283259 0.0217080 0.0314038 0.0338787 0.0000000 0.0362281 0.0319151 0.0409881 0.0396992 0.0181576 0.0314009 0.0396957 0.0310584 0.0434327 0.0324535 0.0292164 0.0416309 0.0420619 0.0431108 0.0729895 0.0456825 0.0414706 0.0550543 0.0452476 0.0428489 0.0739780 0.0432826 0.0586880 0.0426168 0.0450257 0.0479491 0.0468723 0.0484334 0.0416124 0.0443438 0.0431499 0.0442351 0.0433839 0.0736939 0.0289658 0.0219557 0.0245665 0.0544351 0.0439984 0.0603865 0.0406071 0.0445084 0.0392090 0.0425321 0.0401014 0.0521284 0.0488532 0.0437750 0.0363758 0.0393556 0.0399705 0.0479278 0.0396384 0.0396290 0.0378112 0.0236864 0.0450425 0.0386873 0.0405192 0.0407640 0.0468919 0.0451891 0.0386054 0.0470268 0.0403754 0.0408396 0.0373535 0.0596733 
DS3_40S    0.0573727 0.0501369 0.0492952 0.0577835 0.0502422 0.0467414 0.0436673 0.0443692 0.0702573 0.0417324 0.0526815 0.0774421 0.0474088 0.0490214 0.0243625 0.0211404 0.0220158 0.0169089 0.0213403 0.0349638 0.0218352 0.0259022 0.0207720 0.0102437 0.0149633 0.0457219 0.0362281 0.0000000 0.0203540 0.0252932 0.0194587 0.0155863 0.0219648 0.0208701 0.0249351 0.0219550 0.0379888 0.0167549 0.0527119 0.0550620 0.0644231 0.0980221 0.0590112 0.0594764 0.0722367 0.0616135 0.0538982 0.0887624 0.0588428 0.0841197 0.0601505 0.0592437 0.0600639 0.0591396 0.0612330 0.0603483 0.0644571 0.0547303 0.0571362 0.0576081 0.0906949 0.0381639 0.0315827 0.0341602 0.0702169 0.0524101 0.0819816 0.0573148 0.0505990 0.0541042 0.0586238 0.0584001 0.0595913 0.0653191 0.0518632 0.0483193 0.0549235 0.0462026 0.0624759 0.0552894 0.0527918 0.0496552 0.0412668 0.0560190 0.0539577 0.0566734 0.0589976 0.0583399 0.0559804 0.0584149 0.0617300 0.0601482 0.0587352 0.0504717 0.0802497 
DS3_42S    0.0463440 0.0450394 0.0354863 0.0476853 0.0390125 0.0379704 0.0374376 0.0316658 0.0618105 0.0316263 0.0382136 0.0613416 0.0411013 0.0280856 0.0206741 0.0233606 0.0268403 0.0223900 0.0197937 0.0331858 0.0189111 0.0355700 0.0231637 0.0164619 0.0177820 0.0336780 0.0319151 0.0203540 0.0000000 0.0292244 0.0229339 0.0171870 0.0241775 0.0297577 0.0203889 0.0298597 0.0332380 0.0269353 0.0426355 0.0441191 0.0490994 0.0765180 0.0441850 0.0436689 0.0609071 0.0437518 0.0430742 0.0714873 0.0520209 0.0641506 0.0461330 0.0436957 0.0408553 0.0408847 0.0425618 0.0431751 0.0434193 0.0443739 0.0421994 0.0404969 0.0699984 0.0263490 0.0220956 0.0229728 0.0565823 0.0411915 0.0602792 0.0425861 0.0422142 0.0407379 0.0427619 0.0406265 0.0503412 0.0465229 0.0409965 0.0324885 0.0389929 0.0335732 0.0470480 0.0388772 0.0395951 0.0333705 0.0275814 0.0411866 0.0376056 0.0419342 0.0416871 0.0408612 0.0457036 0.0411295 0.0442702 0.0423681 0.0415742 0.0361163 0.0584834 
DS3_43S    0.0516624 0.0528412 0.0493579 0.0543657 0.0432851 0.0468511 0.0446596 0.0355333 0.0691754 0.0376813 0.0456112 0.0749018 0.0449751 0.0305440 0.0206498 0.0308418 0.0268889 0.0215004 0.0178247 0.0435398 0.0197631 0.0239066 0.0299433 0.0169750 0.0126936 0.0338594 0.0409881 0.0252932 0.0292244 0.0000000 0.0214671 0.0206919 0.0301134 0.0392798 0.0191450 0.0236353 0.0240760 0.0296067 0.0525117 0.0583580 0.0662522 0.0938927 0.0599041 0.0568608 0.0717903 0.0580872 0.0575850 0.0816850 0.0588980 0.0867266 0.0559154 0.0564419 0.0562273 0.0599873 0.0599759 0.0571439 0.0591742 0.0559810 0.0570488 0.0624783 0.0886379 0.0377052 0.0357488 0.0369519 0.0695154 0.0512201 0.0846055 0.0555021 0.0558571 0.0611561 0.0613742 0.0601903 0.0624764 0.0710930 0.0514249 0.0466565 0.0575674 0.0528422 0.0653435 0.0579635 0.0534086 0.0548938 0.0417001 0.0544272 0.0548678 0.0582487 0.0543751 0.0551362 0.0566072 0.0553450 0.0544397 0.0509881 0.0568720 0.0520204 0.0698997 
DS3_54S    0.0679290 0.0542091 0.0561786 0.0576745 0.0525210 0.0525016 0.0440221 0.0443963 0.0647789 0.0404027 0.0467922 0.0715480 0.0476383 0.0486079 0.0238424 0.0210700 0.0328651 0.0283157 0.0223583 0.0423244 0.0208698 0.0185781 0.0191346 0.0136909 0.0138015 0.0390173 0.0396992 0.0194587 0.0229339 0.0214671 0.0000000 0.0249823 0.0245020 0.0337764 0.0260112 0.0132051 0.0409436 0.0352932 0.0555843 0.0604618 0.0625195 0.0933985 0.0648203 0.0599142 0.0758448 0.0565967 0.0592458 0.0841565 0.0620932 0.0825242 0.0572229 0.0608960 0.0626280 0.0606672 0.0572331 0.0622294 0.0640970 0.0599426 0.0611929 0.0650022 0.0909108 0.0430537 0.0388934 0.0408261 0.0742334 0.0576458 0.0864763 0.0586989 0.0571453 0.0632250 0.0645755 0.0624797 0.0655078 0.0684858 0.0561975 0.0520295 0.0527628 0.0505236 0.0664203 0.0596396 0.0547445 0.0555842 0.0422887 0.0546266 0.0523665 0.0595863 0.0585884 0.0568796 0.0600555 0.0610044 0.0613260 0.0569669 0.0617319 0.0519433 0.0777887 
DS3_55S    0.0303359 0.0258550 0.0248739 0.0305196 0.0264967 0.0293642 0.0255613 0.0213293 0.0416731 0.0178404 0.0265337 0.0467665 0.0246080 0.0198780 0.0212842 0.0192745 0.0147930 0.0166817 0.0194624 0.0208976 0.0204140 0.0256920 0.0190267 0.0128431 0.0222031 0.0191157 0.0181576 0.0155863 0.0171870 0.0206919 0.0249823 0.0000000 0.0178051 0.0239616 0.0158397 0.0263111 0.0198389 0.0161204 0.0210590 0.0237532 0.0263347 0.0520468 0.0259207 0.0263458 0.0371976 0.0275336 0.0253917 0.0460579 0.0290284 0.0391788 0.0262354 0.0243914 0.0320785 0.0275643 0.0265198 0.0257808 0.0235928 0.0263480 0.0219832 0.0250006 0.0476295 0.0202078 0.0185652 0.0187132 0.0359787 0.0262764 0.0350566 0.0264468 0.0305740 0.0277378 0.0276099 0.0245438 0.0281889 0.0270344 0.0219923 0.0166353 0.0231311 0.0240669 0.0242664 0.0228047 0.0233589 0.0241362 0.0184404 0.0234382 0.0217296 0.0261690 0.0259727 0.0264908 0.0293890 0.0242092 0.0276314 0.0222663 0.0247269 0.0232421 0.0403035 
DS3_58S    0.0583893 0.0469315 0.0443754 0.0464324 0.0433806 0.0398131 0.0314349 0.0350263 0.0651419 0.0334462 0.0467801 0.0739794 0.0454352 0.0387207 0.0314385 0.0263635 0.0249583 0.0254814 0.0264537 0.0292973 0.0273086 0.0287657 0.0208783 0.0163777 0.0222527 0.0375518 0.0314009 0.0219648 0.0241775 0.0301134 0.0245020 0.0178051 0.0000000 0.0344512 0.0184169 0.0207573 0.0378587 0.0266007 0.0509981 0.0495134 0.0586467 0.0865456 0.0554544 0.0535779 0.0687390 0.0567595 0.0502317 0.0846386 0.0523148 0.0698279 0.0517588 0.0530256 0.0519746 0.0500886 0.0529222 0.0513911 0.0535094 0.0498505 0.0533451 0.0569026 0.0834128 0.0357817 0.0307960 0.0352183 0.0682826 0.0483397 0.0670096 0.0524248 0.0487687 0.0509053 0.0538282 0.0542395 0.0563731 0.0578315 0.0500945 0.0426129 0.0484867 0.0428781 0.0581806 0.0495702 0.0446971 0.0483419 0.0357334 0.0499052 0.0508077 0.0533540 0.0544564 0.0555524 0.0505660 0.0498280 0.0559620 0.0541154 0.0511728 0.0449059 0.0739230 
DS3_59S    0.0548449 0.0503938 0.0450504 0.0540591 0.0490439 0.0516765 0.0423676 0.0422317 0.0681792 0.0397702 0.0464355 0.0661505 0.0471135 0.0328190 0.0284161 0.0269027 0.0277266 0.0229768 0.0293031 0.0369322 0.0230818 0.0277474 0.0244572 0.0195633 0.0204418 0.0379227 0.0396957 0.0208701 0.0297577 0.0392798 0.0337764 0.0239616 0.0344512 0.0000000 0.0324661 0.0374230 0.0407369 0.0144830 0.0457958 0.0517751 0.0551376 0.0886988 0.0475495 0.0523066 0.0670248 0.0495013 0.0473075 0.0771028 0.0567311 0.0704931 0.0570387 0.0493779 0.0583944 0.0545474 0.0495450 0.0512485 0.0473061 0.0529446 0.0503922 0.0542596 0.0799857 0.0399829 0.0325142 0.0381127 0.0718779 0.0489365 0.0751422 0.0487942 0.0549757 0.0534748 0.0590906 0.0516951 0.0610922 0.0604403 0.0512427 0.0468403 0.0520333 0.0481078 0.0593865 0.0451776 0.0516329 0.0418231 0.0393883 0.0501682 0.0453010 0.0533234 0.0494345 0.0522440 0.0525021 0.0539434 0.0563070 0.0479071 0.0502396 0.0461945 0.0709023 
DS3_60S    0.0449254 0.0396810 0.0342899 0.0402644 0.0328451 0.0352301 0.0315408 0.0205730 0.0519562 0.0245719 0.0349177 0.0532212 0.0350064 0.0249345 0.0232387 0.0249341 0.0235810 0.0151942 0.0140331 0.0314531 0.0189627 0.0237535 0.0222084 0.0134063 0.0128914 0.0275087 0.0310584 0.0249351 0.0203889 0.0191450 0.0260112 0.0158397 0.0184169 0.0324661 0.0000000 0.0209867 0.0287256 0.0240943 0.0398445 0.0445442 0.0474478 0.0697135 0.0415230 0.0424927 0.0612946 0.0457245 0.0450059 0.0657261 0.0474286 0.0629505 0.0434630 0.0428419 0.0463598 0.0424078 0.0428563 0.0448534 0.0419931 0.0407290 0.0432711 0.0470523 0.0736320 0.0293182 0.0244410 0.0309065 0.0586049 0.0367888 0.0676509 0.0385691 0.0430798 0.0438479 0.0460313 0.0452360 0.0516161 0.0530916 0.0406867 0.0372548 0.0373159 0.0394089 0.0489621 0.0396023 0.0414164 0.0387438 0.0301552 0.0403274 0.0384972 0.0411102 0.0401538 0.0425204 0.0435506 0.0434086 0.0444772 0.0391019 0.0415708 0.0376920 0.0596286 
DS3_61S    0.0640399 0.0564224 0.0533635 0.0603493 0.0558313 0.0530711 0.0419796 0.0431315 0.0703146 0.0471018 0.0528973 0.0757825 0.0505968 0.0512695 0.0299728 0.0276736 0.0345799 0.0349156 0.0220033 0.0411965 0.0276270 0.0284244 0.0241899 0.0186912 0.0129623 0.0450858 0.0434327 0.0219550 0.0298597 0.0236353 0.0132051 0.0263111 0.0207573 0.0374230 0.0209867 0.0000000 0.0480989 0.0336594 0.0628667 0.0632718 0.0670272 0.0954647 0.0666482 0.0664260 0.0777415 0.0625827 0.0608045 0.0894454 0.0635958 0.0861772 0.0664392 0.0672413 0.0637209 0.0627378 0.0625734 0.0644502 0.0670065 0.0634569 0.0665936 0.0638484 0.0939568 0.0465041 0.0369830 0.0413087 0.0830919 0.0615212 0.0878037 0.0627912 0.0559574 0.0595771 0.0655351 0.0617367 0.0651724 0.0718194 0.0606422 0.0557801 0.0618168 0.0504491 0.0692734 0.0637772 0.0503074 0.0580596 0.0476786 0.0615252 0.0606154 0.0645220 0.0631353 0.0562404 0.0562691 0.0608507 0.0642048 0.0615163 0.0630954 0.0535183 0.0815587 
DS3_62S    0.0445883 0.0443806 0.0337523 0.0461211 0.0322195 0.0352143 0.0336664 0.0277249 0.0573882 0.0294940 0.0396763 0.0619614 0.0401721 0.0212081 0.0353559 0.0290163 0.0328351 0.0326295 0.0304508 0.0328149 0.0244189 0.0571126 0.0283584 0.0228224 0.0359233 0.0262493 0.0324535 0.0379888 0.0332380 0.0240760 0.0409436 0.0198389 0.0378587 0.0407369 0.0287256 0.0480989 0.0000000 0.0329908 0.0365570 0.0431778 0.0450549 0.0865418 0.0519817 0.0470439 0.0626961 0.0515818 0.0490998 0.0702825 0.0484434 0.0632422 0.0456404 0.0452448 0.0445726 0.0397334 0.0490468 0.0452751 0.0438372 0.0422779 0.0405809 0.0443896 0.0711393 0.0271477 0.0227314 0.0262689 0.0582628 0.0380718 0.0657561 0.0482007 0.0435810 0.0469105 0.0508762 0.0464634 0.0503093 0.0527863 0.0424510 0.0392113 0.0433226 0.0400462 0.0471402 0.0439202 0.0432403 0.0395042 0.0275931 0.0450520 0.0417960 0.0431011 0.0448219 0.0438720 0.0450840 0.0418915 0.0443742 0.0409994 0.0431652 0.0378534 0.0597227 
DS3_63S    0.0414935 0.0395804 0.0313063 0.0456771 0.0340095 0.0412849 0.0294959 0.0322564 0.0652409 0.0300549 0.0417863 0.0584575 0.0380257 0.0257621 0.0189936 0.0186203 0.0200381 0.0140910 0.0201851 0.0319920 0.0259524 0.0221692 0.0247606 0.0129764 0.0166762 0.0326498 0.0292164 0.0167549 0.0269353 0.0296067 0.0352932 0.0161204 0.0266007 0.0144830 0.0240943 0.0336594 0.0329908 0.0000000 0.0361314 0.0361468 0.0428378 0.0801053 0.0418847 0.0369461 0.0543469 0.0406479 0.0395949 0.0663051 0.0471414 0.0594610 0.0451888 0.0384176 0.0430624 0.0395098 0.0425061 0.0450092 0.0410555 0.0400541 0.0423380 0.0399987 0.0695433 0.0257340 0.0213018 0.0257786 0.0569904 0.0390116 0.0642246 0.0366334 0.0416297 0.0402612 0.0456581 0.0388539 0.0513410 0.0494381 0.0394882 0.0340004 0.0355328 0.0369431 0.0440357 0.0348506 0.0356186 0.0335351 0.0255286 0.0384885 0.0349628 0.0388550 0.0412778 0.0404683 0.0377310 0.0391119 0.0453329 0.0391272 0.0397243 0.0347138 0.0605893 
LS1_01S    0.0500227 0.0476455 0.0399874 0.0531352 0.0437085 0.0482295 0.0486618 0.0436723 0.0702438 0.0396271 0.0450594 0.0733515 0.0500497 0.0321812 0.0425002 0.0455309 0.0397559 0.0419369 0.0430098 0.0486645 0.0417053 0.0697266 0.0419885 0.0299359 0.0505484 0.0393022 0.0416309 0.0527119 0.0426355 0.0525117 0.0555843 0.0210590 0.0509981 0.0457958 0.0398445 0.0628667 0.0365570 0.0361314 0.0000000 0.0319835 0.0311798 0.0672868 0.0362552 0.0327463 0.0449820 0.0335621 0.0267308 0.0543640 0.0391608 0.0528104 0.0390679 0.0326449 0.0384267 0.0308671 0.0402323 0.0318362 0.0342272 0.0357716 0.0350063 0.0391737 0.0637801 0.0195349 0.0193811 0.0228706 0.0568026 0.0312063 0.0563757 0.0313747 0.0360349 0.0378905 0.0344759 0.0380749 0.0418865 0.0432213 0.0364621 0.0246669 0.0279319 0.0340122 0.0388073 0.0332023 0.0341852 0.0258940 0.0224069 0.0272562 0.0261618 0.0312134 0.0352665 0.0337029 0.0356003 0.0341535 0.0360198 0.0356132 0.0331230 0.0287705 0.0516393 
LS1_02S    0.0513922 0.0490249 0.0406899 0.0564344 0.0421076 0.0568962 0.0441931 0.0454666 0.0762106 0.0423675 0.0482325 0.0713494 0.0491176 0.0390784 0.0418253 0.0462774 0.0452254 0.0419780 0.0424244 0.0504021 0.0464251 0.0758952 0.0453919 0.0336501 0.0478593 0.0465856 0.0420619 0.0550620 0.0441191 0.0583580 0.0604618 0.0237532 0.0495134 0.0517751 0.0445442 0.0632718 0.0431778 0.0361468 0.0319835 0.0000000 0.0202063 0.0674121 0.0376163 0.0361863 0.0487877 0.0351138 0.0360561 0.0618236 0.0424493 0.0536924 0.0437922 0.0342248 0.0400568 0.0296294 0.0424324 0.0355450 0.0372256 0.0348851 0.0344005 0.0394259 0.0644614 0.0224212 0.0173108 0.0237839 0.0559715 0.0375979 0.0538110 0.0319444 0.0451701 0.0375352 0.0370674 0.0354289 0.0473096 0.0447758 0.0379736 0.0310420 0.0300753 0.0342667 0.0409383 0.0357165 0.0327089 0.0303866 0.0247225 0.0299905 0.0293091 0.0314619 0.0336595 0.0385566 0.0328441 0.0307789 0.0378012 0.0352832 0.0325974 0.0313003 0.0448119 
LS3_01S    0.0525550 0.0543220 0.0477566 0.0612361 0.0473278 0.0560715 0.0538105 0.0499080 0.0793580 0.0445461 0.0500254 0.0719593 0.0552337 0.0421791 0.0457861 0.0523123 0.0484336 0.0500877 0.0460057 0.0571596 0.0487818 0.0815102 0.0473964 0.0396142 0.0558753 0.0513228 0.0431108 0.0644231 0.0490994 0.0662522 0.0625195 0.0263347 0.0586467 0.0551376 0.0474478 0.0670272 0.0450549 0.0428378 0.0311798 0.0202063 0.0000000 0.0693848 0.0440085 0.0419589 0.0529924 0.0406797 0.0421976 0.0654477 0.0462809 0.0614076 0.0447214 0.0416620 0.0464430 0.0368769 0.0375545 0.0351378 0.0416586 0.0406450 0.0358784 0.0392757 0.0700691 0.0241961 0.0226342 0.0236784 0.0561232 0.0363652 0.0640196 0.0338787 0.0455675 0.0416986 0.0382475 0.0359394 0.0498689 0.0499411 0.0373704 0.0312748 0.0311614 0.0404384 0.0479592 0.0361626 0.0384153 0.0354025 0.0280109 0.0317868 0.0302519 0.0367845 0.0370639 0.0352413 0.0371576 0.0342546 0.0386244 0.0378056 0.0342795 0.0322163 0.0540999 
