0.01996922742227330919 0.15278180250816661423 0.82724897006956010781 
0.03194587806283632342 0.03345746536162932938 0.93459665657553436802 
0.00000025456314972821 0.00000000100000000000 0.99999974443685024639 
0.00000000100000000000 0.07159751195372399124 0.92840248704627603704 
0.00000000099999999999 0.11568274276546637591 0.88431725623453349971 
0.09430458511882519601 0.02227547459652119352 0.88341994028465364863 
0.05262096860534143383 0.05973038045532104434 0.88764865093933742468 
0.00000000100000000000 0.15410065515881735121 0.84589934384118259381 
0.00000020025098334022 0.00000000100000000000 0.99999979874901667731 
0.00000000099999999999 0.00000000099999999999 0.99999999799999994554 
0.00000004859198920289 0.05382076720329463659 0.94617918420471625041 
0.00000000099999999998 0.00000000099999999998 0.99999999799999994554 
0.22576843299913085250 0.10536543673494244699 0.66886613026592667275 
0.01764771988750588050 0.13926638327540782902 0.84308589683708634599 
0.00000000100000000000 0.15402130110117895345 0.84597869789882107483 
0.12762011978900023035 0.00000000100000000000 0.87237987921099979793 
0.05447861365857172011 0.00000000917204490739 0.94552137716938333689 
0.09201449662703811705 0.11539190995257345151 0.79259359342038859797 
0.01812163982406175128 0.12423288860856974980 0.85764547156736847811 
0.00000000100000000000 0.24492724779567121018 0.75507275120432881810 
0.00000000099999999999 0.04265079867973403660 0.95734920032026604719 
0.17166111440944717415 0.04690443820203738651 0.78143444738851552955 
0.00000000099999999999 0.00000000099999999999 0.99999999800000005656 
0.00433207513768938280 0.10316044209643041030 0.89250748276588021124 
0.15881658119042724175 0.05335730005947894594 0.78782611875009378455 
0.00145726448062821127 0.00000000099999999999 0.99854273451937192174 
0.00000000100000000000 0.15528347465767938784 0.84471652434232069595 
0.04175887707406159693 0.11715427041498985283 0.84108685251094850166 
0.00000000099999999999 0.04227861601691249027 0.95772138298308762128 
0.00000000100000000000 0.04221641258318507145 0.95778358641681493602 
0.06101168029153383049 0.01658227923603029438 0.92240604047243590635 
0.04618208629563454182 0.05823280503140207398 0.89558510867296348135 
0.10032682658892598526 0.00000085988406324944 0.89967231352701071412 
0.06905572422023491252 0.00000000099999999999 0.93094427477976515739 
0.16168953840933514288 0.10644061296111564929 0.73186984862954918007 
0.00016881646183511742 0.00000000099999999999 0.99983118253816483101 
0.04973335126118609562 0.00000000100000000000 0.95026664773881386328 
0.09737504723189076283 0.02776951137367898031 0.87485544139443038869 
0.08274744778877300699 0.09336639535094190534 0.82388615686028510154 
0.00000000099999999999 0.00000000099999999999 0.99999999799999994554 
0.00000429096218953420 0.00000000278700555163 0.99999570625080491659 
0.00000000100000000000 0.00970380323756381453 0.99029619576243610446 
0.08977147769161120117 0.00000052083547848675 0.91022800147291027528 
0.12686264844239389382 0.04739326132349024751 0.82574409023411576847 
0.00002816136571291945 0.03539902235212488008 0.96457281628216218206 
0.13058976078478390370 0.04211067426560742566 0.82729956494960865676 
0.00000000099999999999 0.00000000099999999999 0.99999999800000005656 
0.03892036832556929754 0.00000783001984257907 0.96107180165458816479 
0.12166802594182350716 0.04831846980674978781 0.83001350425142661482 
0.04092451655952617645 0.46117970305534966569 0.49789578038512422031 
0.00000000099999999999 0.00000000099999999999 0.99999999799999994554 
0.00000000099999999997 0.00000000099999999997 0.99999999800000005656 
0.00000000099999999999 0.00000000099999999999 0.99999999799999994554 
0.04212750576824644128 0.00000000099999999999 0.95787249323175349680 
0.00000000099999999999 0.00000000099999999999 0.99999999800000005656 
0.00000000099999999998 0.00000000099999999998 0.99999999799999994554 
0.11225073960542568396 0.00000000100000000000 0.88774925939457427493 
0.00000000099999999998 0.00000000099999999998 0.99999999799999994554 
0.00000000099999999999 0.00000000099999999999 0.99999999800000005656 
0.00000000099999999998 0.00000000099999999998 0.99999999800000005656 
0.00000000099999999997 0.00000000099999999997 0.99999999799999994554 
0.00000000099999999998 0.00000000099999999998 0.99999999800000005656 
0.00000000099999999996 0.00000000099999999996 0.99999999799999994554 
0.06768739546894626813 0.00000000099999999999 0.93231260353105382954 
0.64607729151509696308 0.10234761264991029672 0.25157509583499282346 
0.19912262001901193109 0.73700811048926262448 0.06386926949172537504 
0.39520250181601579431 0.60448654562149040093 0.00031095256249388532 
0.00000000099999999999 0.00000000099999999999 0.99999999799999994554 
0.00000000099999999998 0.00000000099999999998 0.99999999799999994554 
0.00000000100000000000 0.92646257444833224337 0.07353742455166768777 
0.00000000099999999999 0.82770457816863829414 0.17229542083136173414 
0.10244351286363069520 0.82575937549516376102 0.07179711164120554379 
0.00000000099999999999 0.99999999800000005656 0.00000000099999999999 
0.07609229510605899915 0.91894634822354348547 0.00496135667039751017 
0.00000000100000000000 0.94834726929426416131 0.05165272970573590167 
0.06027026020992565930 0.87528045873577153824 0.06444928105430285104 
0.10323107359679364881 0.71574495358016865243 0.18102397282303772652 
0.00000000099999999999 0.99999999799999994554 0.00000000099999999999 
0.00000753317401020892 0.98769343847350143939 0.01229902835248827299 
0.00000000099999999999 0.99999999799999994554 0.00000000099999999999 
0.00000001701225047670 0.92581907237477956141 0.07418091061296992750 
0.00000000100000000000 0.85843270871592314286 0.14156729028407688542 
0.18795132563308458717 0.65884649501171566044 0.15320217935519989116 
0.07842645032459176491 0.86655912538710522242 0.05501442428830301962 
0.04338034134374840062 0.92965862185667702544 0.02696103679957454272 
0.00647727697933366594 0.85929714879341023703 0.13422557422725614473 
0.00000000099999999999 0.99999999799999994554 0.00000000099999999999 
0.01636620739711379391 0.91855738327773062135 0.06507640932515559862 
0.16095924342484346781 0.00504621016459031683 0.83399454641056625093 
0.09762735342466967448 0.67850928264822973901 0.22386336392710054488 
0.08608536109520957547 0.91391463790479043894 0.00000000100000000000 
0.00000000100000000000 0.94128819219817982944 0.05871180680182026129 
0.08322224811109064924 0.87651339626880908629 0.04026435562010022978 
0.00000000315826979681 0.90377999195253311271 0.09622000488919711658 
0.08938980691575942883 0.90030296471864768026 0.01030722836559283019 
0.08464911668174028569 0.88934121365351170851 0.02600966966474811334 
0.06969178116033294956 0.08858220640779661259 0.84172601243187039621 
0.08174418029189313428 0.00286961985005224031 0.91538619985805458334 
0.00119119033267318323 0.99850489454582203042 0.00030391512150479931 
0.00000000099999999996 0.00000000099999999996 0.99999999799999994554 
0.13658176726412968316 0.86341823173587040063 0.00000000100000000000 
0.00000000099999999997 0.99999999800000005656 0.00000000099999999997 
0.13721252994576096929 0.68422095738176413882 0.17856651267247494741 
0.06399233887564081957 0.93600766012435920871 0.00000000100000000000 
0.00103850161974699466 0.99896149738025297182 0.00000000099999999998 
0.00000000099999999998 0.99999999800000005656 0.00000000099999999998 
0.00782233589967906880 0.99217717285363238311 0.00000049124668859123 
0.02727533449346014952 0.97272466450653982672 0.00000000099999999999 
0.05235699224707616312 0.86436061508902783945 0.08328239266389599049 
0.00000000099999999999 0.99999999800000005656 0.00000000099999999999 
0.00000000099999999998 0.99999999800000005656 0.00000000099999999998 
0.01823359518455320433 0.82036273356490452269 0.16140367125054230768 
0.00000000099999999999 0.99999999800000005656 0.00000000099999999999 
0.03079095432024678280 0.96920904467975321772 0.00000000099999999999 
0.16253179177885465623 0.75629655462653799791 0.08117165359460727647 
0.19483219100300191995 0.80516780799699805282 0.00000000100000000000 
0.17654526459507816072 0.61265636299665982012 0.21079837240826196365 
0.00000000100000000000 0.99999999800000005656 0.00000000100000000000 
0.00000000099999999999 0.99999999800000005656 0.00000000099999999999 
0.01562615674975992991 0.98437384225024016082 0.00000000099999999998 
0.12058591350760899941 0.83866520776766284584 0.04074887872472814088 
0.15332289733949525101 0.84559581497241587122 0.00108128768808883114 
0.08565952510729124558 0.78177741586857574241 0.13256305902413295650 
0.11810787242067437297 0.88189212657932569694 0.00000000099999999999 
0.29637330481622847778 0.70362669418377132846 0.00000000100000000000 
0.13519250993492687440 0.81555813539436161630 0.04924935467071141909 
0.12433377166085458898 0.82122295368691156092 0.05444327465223391255 
0.01327651847646990450 0.98672348052353009429 0.00000000099999999999 
0.09719495012260942479 0.80025853428574267312 0.10254651559164787433 
0.09377257599676425137 0.75261676515865061354 0.15361065884458513509 
0.06629624037440139117 0.86514213699552688919 0.06856162263007165025 
0.00000000099999999999 0.93217461502505960524 0.06782538397494057569 
0.06401095017117551522 0.89817957922619917621 0.03780947060262522530 
0.08207095059351468547 0.91792904840648525955 0.00000000099999999999 
0.03921629984568078542 0.91497401214734130903 0.04580968800697780147 
0.82839045438857961123 0.17160954461142030603 0.00000000099999999999 
0.85730386103820765964 0.14269613796179239640 0.00000000099999999999 
0.99003753801950133973 0.00996246098049865039 0.00000000099999999999 
0.86069308085092233185 0.01196929389435175302 0.12733762525472588911 
0.70376576088679887455 0.29623423714537366891 0.00000000196782746361 
0.00507348304062170234 0.09282266222973226122 0.90210385472964604858 
0.87640639966387401394 0.00000000100000000000 0.12359359933612593108 
0.65111215963257096373 0.11140250142484130202 0.23748533894258763710 
0.79283110661052424994 0.20414740367126241183 0.00302148971821335254 
0.04494769313737072974 0.81219555617925909274 0.14285675068337017057 
0.99999999799999994554 0.00000000099999999998 0.00000000099999999998 
0.69305575058367552277 0.19044001252470968422 0.11650423689161483465 
0.99999999800000005656 0.00000000099999999999 0.00000000099999999999 
0.82222318716295017538 0.17777681183704985290 0.00000000099999999999 
0.99999999800000005656 0.00000000099999999999 0.00000000099999999999 
0.99999999800000005656 0.00000000099999999999 0.00000000099999999999 
0.68696408363092542615 0.31303591536907443560 0.00000000099999999999 
0.70899363892880173932 0.29035088457746738300 0.00065547649373086001 
0.99999999799999994554 0.00000000099999999999 0.00000000099999999999 
0.99999999799999994554 0.00000000099999999997 0.00000000099999999997 
0.99718481613728049417 0.00281518286271951372 0.00000000100000000000 
0.99957740863029287404 0.00042259036970714422 0.00000000099999999999 
0.99999999799999994554 0.00000000100000000000 0.00000000100000000000 
0.85272684255845798695 0.08367662333462595747 0.06359653410691595843 
0.76324789793995462261 0.21161528990673847406 0.02513681215330687904 
0.35236455788962062208 0.00000005241035874442 0.64763538970002054729 
0.01254445127183606915 0.06395338734860654684 0.92350216137955731810 
0.99999999800000005656 0.00000000099999999998 0.00000000099999999998 
0.79574726551310781542 0.20425273348689207409 0.00000000100000000000 
0.83844249613578059055 0.00000000100000000000 0.16155750286421946549 
0.99999999799999994554 0.00000000099999999998 0.00000000099999999998 
0.99999999800000005656 0.00000000099999999998 0.00000000099999999998 
0.92680765619958316304 0.00000000099999999999 0.07319234280041672647 
0.99999999799999994554 0.00000000099999999998 0.00000000099999999998 
0.99999999799999994554 0.00000000099999999998 0.00000000099999999998 
0.99999999799999994554 0.00000000099999999999 0.00000000099999999999 
0.23333743611358484515 0.13289488933203044696 0.63376767455438476340 
0.99999999800000005656 0.00000000099999999998 0.00000000099999999998 
0.84822938982072870751 0.00000000100000000000 0.15177060917927132078 
0.99999999799999994554 0.00000000100000000000 0.00000000100000000000 
0.27237183234152978484 0.35217565960120095214 0.37545250805726926302 
0.99998769198921011458 0.00001204957022138231 0.00000025844056850820 
0.00000000100000000000 0.00000000100000000000 0.99999999800000005656 
0.89985840615199230719 0.01626598884175988260 0.08387560500624774429 
0.99999999799999994554 0.00000000099999999999 0.00000000099999999999 
0.99999999799999994554 0.00000000099999999995 0.00000000099999999995 
0.99999999799999994554 0.00000000099999999997 0.00000000099999999997 
0.99999999799999994554 0.00000000100000000000 0.00000000100000000000 
0.85165531881072498166 0.14834468018927496336 0.00000000100000000000 
0.99999999799999994554 0.00000000100000000000 0.00000000100000000000 
0.99999999799999994554 0.00000000099999999998 0.00000000099999999998 
0.99999999799999994554 0.00000000099999999998 0.00000000099999999998 
0.99999999799999994554 0.00000000099999999998 0.00000000099999999998 
0.13192530410852656986 0.30117161279482507208 0.56690308309664838582 
0.00000035414716875428 0.56673854515263688558 0.43326110070019435705 
0.00000000100000000000 0.99999999792912963592 0.00000000107087036723 
0.99999999799999994554 0.00000000099999999999 0.00000000099999999999 
0.99999999800000005656 0.00000000099999999999 0.00000000099999999999 
0.23935164963061109078 0.76052668503256448673 0.00012166533682431510 
0.08820832858641275420 0.90516996584564313189 0.00662170556794422580 
0.41621384323325016918 0.56422487283871203267 0.01956128392803767671 
0.04000907543334035477 0.78704479861686837960 0.17294612594979125175 
0.99999999799999994554 0.00000000099999999998 0.00000000099999999998 
0.05743950724601975394 0.68036784567759767128 0.26219264707638262335 
0.00004330380412621974 0.99995669519587382368 0.00000000100000000000 
0.00010307637627618132 0.99989692262372376064 0.00000000100000000000 
0.00000000099999999999 0.99999999800000005656 0.00000000099999999999 
0.00000000167221286946 0.98968553322200103484 0.01031446510578608831 
0.00000000099999999998 0.99999999800000005656 0.00000000099999999998 
0.00000000099999999999 0.99912866662634025605 0.00087133237365974350 
0.00000000100000000000 0.72968379719087772539 0.27031620180912246942 
0.00000000100000000000 0.66714186384209483993 0.33285813515790518835 
0.10634917766938159489 0.83533712745855792647 0.05831369487206052721 
0.00000000099999999999 0.99999999800000005656 0.00000000099999999999 
0.00344757175950593728 0.91318175429622983064 0.08337067394426422862 
0.00000000099999999999 0.99999999800000005656 0.00000000099999999999 
0.84823574286432834590 0.09897916599328550336 0.05278509114238616462 
0.22039620952883989813 0.57069084794070656930 0.20891294253045347706 
0.03747549628450481951 0.96252450271549505612 0.00000000099999999999 
0.00000000099999999999 0.99999999800000005656 0.00000000099999999999 
0.10887912104514678446 0.89112087795485317443 0.00000000100000000000 
0.20752025603337395654 0.75387575529526573703 0.03860398867136040357 
0.15352087934142408243 0.78594325759962879729 0.06053586305894716885 
0.00000000099999999999 0.99999999799999994554 0.00000000099999999999 
0.05475332090698339232 0.94524667809301654575 0.00000000100000000000 
0.07455962774887306410 0.59668985197000523613 0.32875052028112178304 
0.12838696443208219566 0.15273734533888400078 0.71887569022903385907 
0.43006827374479317250 0.15156326382366466787 0.41836846243154213187 
0.26088742783145801862 0.73911257116854200966 0.00000000100000000000 
0.04901237272765324865 0.40923077264437446310 0.54175685462797229519 
0.12970075533576747029 0.70517082197322034087 0.16512842269101229986 
0.13253539931925589768 0.78883091334791910487 0.07863368733282499745 
0.23142221065060955554 0.68950298838999490858 0.07907480095939548037 
0.18716407428279233094 0.02526576182759292938 0.78757016388961476050 
0.00000000099999999999 0.00000000099999999999 0.99999999799999994554 
0.00000000099999999999 0.00000000099999999999 0.99999999800000005656 
0.00000000099999999997 0.00000000099999999997 0.99999999800000005656 
0.07269298676289487338 0.84319864901096619469 0.08410836422613895969 
0.17675781837512802297 0.66068204187598378319 0.16256013974888819384 
0.12823598149466547413 0.81294809678068757908 0.05881592172464691903 
0.14944282381693446693 0.79306025366326138304 0.05749692251980418473 
0.00002763935708569569 0.90048058053536383927 0.09949178010755049817 
0.16675876730028596495 0.76731887677883803267 0.06592235592087594687 
0.25514087525166828652 0.64124511988980670285 0.10361400485852492737 
0.04459112920270807967 0.94647234480057806927 0.00893652599671387014 
0.10539618422958886568 0.82389078186493802658 0.07071303390547313550 
0.16099220082234427798 0.75635216553985185062 0.08265563363780396855 
0.25200350518060066207 0.45074968548396371348 0.29724680933543562444 
0.01243322822236173596 0.78046251311768377601 0.20710425865995457650 
0.07952324291442081083 0.89275530237059541605 0.02772145471498380434 
