0.99999999500000003039 0.00000000099999999993 0.00000000099999999993 0.00000000099999999993 0.00000000099999999993 0.00000000099999999993 
0.61677731248585299095 0.00000000099999999999 0.00000000099999999999 0.00000000099999999999 0.38264735663722970749 0.00057532787691744029 
0.64131625754853593957 0.00000000099999999996 0.00000000099999999996 0.00000000099999999996 0.35868373845146422907 0.00000000099999999996 
0.74949331704191923809 0.00000000099999999998 0.00000000099999999998 0.00000000099999999998 0.00000140106332742461 0.25050527889475349141 
0.70842451050805099744 0.08377795139658789081 0.00000000099999999997 0.00000000099999999997 0.20779753509536108558 0.00000000099999999997 
0.71249366853078377471 0.00001550374107552536 0.01544167790752383994 0.00000000099999999999 0.27204914782061673240 0.00000000099999999999 
0.99999999500000003039 0.00000000099999999997 0.00000000099999999997 0.00000000099999999997 0.00000000099999999997 0.00000000099999999997 
0.64523301312050862499 0.02480924703182359192 0.00000000099999999997 0.00000000099999999997 0.00000000099999999997 0.32995773684766782630 
0.55687583962205100541 0.00000000099999999999 0.00000000099999999999 0.00000000099999999999 0.00235056925333379128 0.44077358812461542303 
0.62122719443371110515 0.00000000099999999997 0.00000000099999999997 0.00000000099999999997 0.00000161050349413961 0.37877119206279474817 
0.74344769776457253485 0.00000000099999999996 0.00000000099999999996 0.00000000099999999996 0.00000000099999999996 0.25655229823542768930 
0.59591887187364578349 0.00000000099999999995 0.00000000099999999995 0.00001879195694801483 0.00000000099999999995 0.40406233316940637357 
0.60833655859844482094 0.00000131471642310932 0.11306536402296907262 0.10721768290877545238 0.17137907875338756480 0.00000000100000000000 
0.70908291990333094379 0.05704927946776185838 0.01875378039132672911 0.00020158613274180552 0.21491243310483867934 0.00000000099999999999 
0.53467276923270501410 0.03433777613419689706 0.00000000100000000000 0.03875215334859535843 0.23089701687678174102 0.16134028340772110788 
0.99999360603396558744 0.00000000099999999996 0.00000638996603448071 0.00000000099999999996 0.00000000099999999996 0.00000000099999999996 
0.55670743755975704570 0.00000000099999999999 0.00000000413272195220 0.00000000099999999999 0.36325173162157592399 0.08004082468594511668 
0.83627605704781915463 0.00000000099999999999 0.00062422969164674575 0.10346827190727966861 0.00002726597483580632 0.05960417437841859095 
0.49980936061505287782 0.02884250138399506794 0.00000394118466696088 0.02540872204528480879 0.24999710469055824724 0.19593837008044204251 
0.68960010604619592645 0.00000001977526300208 0.00000000099999999999 0.11132342285939154924 0.00000000099999999999 0.19907644931914963982 
0.84434438275784295946 0.00000000099999999997 0.00000000099999999997 0.00000000099999999997 0.00000000099999999997 0.15565561324215723693 
0.89182790991160876271 0.00000000099999999997 0.10817208608839114226 0.00000000099999999997 0.00000000099999999997 0.00000000099999999997 
0.83279532273978595924 0.00000000099999999995 0.00000000099999999995 0.00000000099999999995 0.16720467326021398735 0.00000000099999999995 
0.96425384116536361212 0.00000000099999999997 0.00000000099999999997 0.00000000099999999997 0.00000000099999999997 0.03574615483463653570 
0.62211898332378279264 0.00000000099999999998 0.06437185337383415085 0.06714356702625323692 0.24636559427612969575 0.00000000099999999998 
0.82470062333450411263 0.00000000099999999995 0.00000000099999999995 0.00000000099999999995 0.16940630945416057518 0.00589306421133533979 
0.55132247262635625251 0.08610333143115314614 0.00000000099999999999 0.00000012334444112074 0.20757839290549315314 0.15499567869255648223 
0.56971398686273466705 0.01323257662948112631 0.00081407269071612654 0.02932819734977811302 0.38691116437934341965 0.00000000208794654023 
0.79038990543660525567 0.00000000099999999998 0.00000000099999999998 0.00000000099999999998 0.05623382757334904891 0.15337626399004569699 
0.37656139287690842954 0.00070356111801459116 0.00000000100414527367 0.00009545215330887512 0.62263959184762274202 0.00000000100000000000 
0.42760334048648657168 0.00000045495075120159 0.03815403513453783507 0.00047708383750725886 0.53352193754816679139 0.00024314804255038441 
0.81532563208901220886 0.00000000100000000000 0.00008014478993367904 0.04623084497298702439 0.00001223806741832912 0.13835113908064872179 
0.63325218427140705924 0.00000240157142953913 0.00056487897212531449 0.00000000099999999997 0.36618053318503807070 0.00000000099999999997 
0.99999999500000003039 0.00000000099999999993 0.00000000099999999993 0.00000000099999999993 0.00000000099999999993 0.00000000099999999993 
0.84535737623559947806 0.00000000099999999999 0.08243953819357158208 0.01056977777345931638 0.00000000099999999999 0.06163330579736964188 
0.45300381668009220837 0.00000000099999999998 0.00000000099999999998 0.00000000099999999998 0.54406820830010604872 0.00292797201980164604 
0.62808384825742746838 0.00000000099999999999 0.00000000100124636739 0.00000000099999999999 0.37162266853506875641 0.00029348020625745511 
0.65117558741470338290 0.00000019730793324239 0.05525818478915243970 0.00000450376259381096 0.28502459834700233365 0.00853692837861469087 
0.99684278200902554090 0.00000000099999999996 0.00000000099999999996 0.00000000099999999996 0.00000000099999999996 0.00315721399097468759 
0.90572658109419124095 0.00000000099999999995 0.00000000099999999995 0.00000000099999999995 0.09427341490580876116 0.00000000099999999995 
0.23419225851822553230 0.02481781053661779451 0.00000000100068351353 0.00000000100000000000 0.74098944769733954274 0.00000048124713363797 
0.00000022182908179558 0.00000388869402432441 0.00001401578084580346 0.00000775563333932321 0.99997181983108951453 0.00000229823161918685 
0.91671165098784457292 0.00001356375516890566 0.00381050383122641563 0.00004608451897721673 0.07698277873100457802 0.00243541817577829899 
0.00073739116038364105 0.09664533963073036749 0.05491187485824120668 0.00003003879661832604 0.78491808815277730460 0.06275726740124923375 
0.22904774501173882917 0.00000017196899135746 0.00000000100000000000 0.00058426450578639554 0.46813461017717411528 0.30223320733630920643 
0.00000000099999999994 0.00000000099999999994 0.00000000099999999994 0.00000000099999999994 0.00000000099999999994 0.99999999499999991937 
0.00000000099999999993 0.00000000099999999993 0.00000000099999999993 0.00000000099999999993 0.00000000099999999993 0.99999999499999991937 
0.16669677160247389769 0.00000000100000000000 0.00000125855766630075 0.01119120770407016144 0.74844599260108546357 0.07366476853470413366 
0.00000000099999999999 0.00209217387989433937 0.00544576178112415356 0.01879341489828592615 0.48611584144095953963 0.48755280699973596592 
0.00000000099999999997 0.00000000099999999997 0.00000000099999999997 0.41602975269212899567 0.58397024330787095092 0.00000000099999999997 
0.00000000099999999994 0.00000000099999999994 0.00000000099999999994 0.00000000099999999994 0.70842195295923438003 0.29157804304076573310 
0.00000000099999999979 0.00000000099999999979 0.00000000099999999979 0.00000000099999999979 0.00000000099999999979 0.99999999499999991937 
0.00000000099999999988 0.00000000099999999988 0.00000000099999999988 0.00000000099999999988 0.00000000099999999988 0.99999999499999991937 
0.00000022184924246805 0.00000388869817281043 0.00001401579226287835 0.00000775563986779571 0.99997181979256488660 0.00000229822788925995 
0.00000022184519154511 0.00000388869955025676 0.00001401578841907452 0.00000775563399737835 0.99997181980005445112 0.00000229823278727490 
0.00000000099999999988 0.00000000099999999988 0.00000000099999999988 0.00000000099999999988 0.00000000099999999988 0.99999999499999991937 
0.00001965231696602280 0.04208194659791344300 0.05443995066462458537 0.00000000099999999999 0.68583764586651640993 0.21762080355397947495 
0.00000000099999999995 0.00000000099999999995 0.00000000099999999995 0.00000000099999999995 0.32861813488054636423 0.67138186111945374890 
0.00000000099999999995 0.00000000099999999995 0.00000000099999999995 0.00000000099999999995 0.24145371963605638532 0.75854627636394367229 
0.00000000099999999989 0.00000000099999999989 0.00000000099999999989 0.00000000099999999989 0.99999999500000003039 0.00000000099999999989 
0.18577995859894022579 0.00000000099999999994 0.00000000099999999994 0.00000000099999999994 0.81422003740105963754 0.00000000099999999994 
0.10298273829643152244 0.00000000099999999996 0.00000000099999999996 0.00000000099999999996 0.73451695803478078695 0.16250030066878765056 
0.00000022183899250824 0.00000388868157557896 0.00001401577112587320 0.00000775561727644417 0.99997181986762662120 0.00000229822340306973 
0.00000000099999999996 0.00000000099999999996 0.00000000099999999996 0.00000000099999999996 0.99999999499999991937 0.00000000099999999996 
0.07761208455263352013 0.00136630828664561273 0.40320201296155683268 0.28836656092365242632 0.00172922482650182869 0.22772380844900977359 
0.00000000099999999998 0.00000000099999999998 0.06413417513203538423 0.93515602659716523526 0.00070951100727507249 0.00000028526352422973 
0.00000000641522309985 0.00000000099999999999 0.00001124048602029516 0.99995902813428116929 0.00002972296447529727 0.00000000099999999999 
0.00000000099999999995 0.00000000099999999995 0.00000000099999999995 0.00000000099999999995 0.99999999500000003039 0.00000000099999999995 
0.14119110399100270881 0.00000000100000000000 0.00000000100515896203 0.00000000100021642424 0.85880888662777810083 0.00000000637584378540 
0.08402658736864582201 0.48156001349851135229 0.00000000099999999999 0.39278948749597514256 0.04162390963686772583 0.00000000099999999999 
0.14478786059559192734 0.65045053563590926604 0.00000000099999999999 0.15089687868683973604 0.00000473575509750725 0.05385998832656164331 
0.00010529087812805237 0.47922632239846346680 0.06913982629222742426 0.34034399596922809694 0.10754775667879147572 0.00363680778316152449 
0.00000000099999999995 0.00864453155693908903 0.00000000099999999995 0.99135546444306088532 0.00000000099999999995 0.00000000099999999995 
0.09848770534376805053 0.55932474532506160081 0.03028996024318299229 0.31189758708798731579 0.00000000099999999998 0.00000000099999999998 
0.15936886183142665030 0.71381910116375590913 0.00000000099999999997 0.12681203400481744215 0.00000000099999999997 0.00000000099999999997 
0.14149412571183320186 0.63950231969052750980 0.02153890258814764383 0.19746462740054626650 0.00000002360894522256 0.00000000100000000000 
0.19901998673014764663 0.66634347938382654242 0.09613027429230550092 0.00029040713396675366 0.02418564885619837318 0.01403020360355515181 
0.00000000099999999998 0.00000090530456240476 0.00000000099999999998 0.99999909069543746476 0.00000000099999999998 0.00000000099999999998 
0.04904502117195663757 0.54029377071903783580 0.00002365256276465728 0.35158725872139290347 0.00000000100000000000 0.05905029582484803280 
0.05211946043766203102 0.66622366018745970973 0.00000000099999999998 0.27491595207938307466 0.00000000099999999998 0.00674092529549519259 
0.17073415403294922577 0.49960461285397134157 0.00000000099999999998 0.32966123011307946200 0.00000000099999999998 0.00000000099999999998 
0.10697150481410970524 0.45195523778918483826 0.00000000100000000000 0.37161658551084608693 0.00008512386871351149 0.06937154701714595695 
0.00000283045506369805 0.29158903007831260545 0.10529271855799064717 0.38786526825992639900 0.21525015164870647810 0.00000000100000000000 
0.19456612331028949603 0.48562084410057987371 0.03333091108760895954 0.28648211950152180361 0.00000000099999999997 0.00000000099999999997 
0.00002335366241098443 0.89547592905809658692 0.01639976909358623405 0.02162510741554765983 0.06647570009382428036 0.00000014067653421231 
0.19622957936746623919 0.65332313936650088237 0.00000000099999999999 0.15044724874255635538 0.00000003052347647412 0.00000000099999999999 
0.00000000099999999997 0.99999460269279794034 0.00000539330720208678 0.00000000099999999997 0.00000000099999999997 0.00000000099999999997 
0.03326542736036099818 0.66686812751691415535 0.00000250454664730766 0.23385716106223072841 0.06600677851384680050 0.00000000099999999999 
0.02913053916639010352 0.00135466496073367664 0.08829283119006721414 0.00137081463721483226 0.87737790045271824013 0.00247324959287598123 
0.09569464290910494053 0.50494887032996582654 0.06014127436711654007 0.17533586399855144444 0.16290040867426827664 0.00097893972099305396 
0.00000011128812241542 0.66346363301459976292 0.05714094036626657380 0.27832743321995617736 0.00106788111105512941 0.00000000099999999999 
0.00000000099999999999 0.71991252873071132079 0.00000000099999999999 0.19671156487252050571 0.07389851071936413829 0.00947739367740404494 
0.10531571718186545639 0.73776653238536804569 0.05819886268134821100 0.09871881541340556121 0.00000007133801264465 0.00000000099999999999 
0.16480088155266953143 0.61119045116833614628 0.00000000180645310811 0.22400843340666398706 0.00000000927507849324 0.00000022279079872357 
0.00000143891981250287 0.51852605411383423384 0.05358989183865517369 0.35459133732279285445 0.00000051007516184132 0.07329076772974323084 
0.07611295321587979723 0.81818184303776819721 0.06558409746705638754 0.02671903945607857073 0.00000000099999999999 0.01340206582321707383 
0.00000139661925269431 0.00936069992921395762 0.00014675810866609582 0.00001559597013783397 0.99036015963899437509 0.00011538973373504785 
0.00689705458716256218 0.00164300544471646473 0.01508097991439547383 0.01460441818196025164 0.87580010117459150543 0.08597444069717370685 
0.06630506693013867026 0.80384360205368599051 0.00090869658418479078 0.12894263243199055591 0.00000000099999999999 0.00000000099999999999 
0.00000000099999999984 0.00000000099999999984 0.00000000099999999984 0.00000000099999999984 0.99999999500000003039 0.00000000099999999984 
0.00000000099999999992 0.00000000099999999992 0.00000000099999999992 0.99999999499999991937 0.00000000099999999992 0.00000000099999999992 
0.00000000099999999992 0.00000000099999999992 0.00000000099999999992 0.99999999499999991937 0.00000000099999999992 0.00000000099999999992 
0.05959155607160052104 0.40325627273526132299 0.09271454313126081814 0.28114208575545451829 0.15915547857212966609 0.00414006373429310313 
0.01425265665300340032 0.64775016867376500329 0.04381801971349276459 0.29376396609481914002 0.00041518786491954963 0.00000000099999999999 
0.00000000099999999996 0.34353249344805097953 0.00000000234800129274 0.65646750120394770089 0.00000000099999999996 0.00000000099999999996 
0.00002335365677976090 0.52086159684500965561 0.00000000099999999998 0.47911490683580409966 0.00000000099999999998 0.00000014066240651016 
0.00000000099999999996 0.00000000099999999996 0.00000000099999999996 0.99999999499999991937 0.00000000099999999996 0.00000000099999999996 
0.00000000099999999981 0.00000000099999999981 0.00000000099999999981 0.99999999500000003039 0.00000000099999999981 0.00000000099999999981 
0.05254588417523689547 0.00000000099999999998 0.00000000099999999998 0.94738822618899432015 0.00000000099999999998 0.00006588663576870183 
0.00000000099999999993 0.00000000099999999993 0.00000000099999999993 0.99999999499999991937 0.00000000099999999993 0.00000000099999999993 
0.00000000104731011642 0.33259190499932084206 0.00000000099999999997 0.66740809095336894874 0.00000000099999999997 0.00000000099999999997 
0.00000000254701126225 0.40470242827167146604 0.00000000361125761492 0.40986584492850025585 0.09658201575633255931 0.08884970488522675458 
0.00000000099999999998 0.41332527736128893414 0.00000000099999999998 0.55471393512777000812 0.03196078451094083034 0.00000000099999999998 
0.00000000099999999997 0.44944750355937213016 0.00784317823195406806 0.54270931520867382591 0.00000000099999999997 0.00000000099999999997 
0.09957352368299843270 0.49470761059631529477 0.14615355644826708015 0.25720188236837593365 0.00236342590404331476 0.00000000099999999999 
0.00002335366185618536 0.29068169636058455163 0.16305080694318152545 0.54624338852580434089 0.00000061383309028570 0.00000014067548300117 
0.00000000099999999999 0.49049798030839775187 0.09479326101101209767 0.11186266058712265870 0.30284609609346746506 0.00000000099999999999 
0.00000000099999999999 0.85976411220125326107 0.00000868750580936521 0.14011453044813892976 0.00011266784479826280 0.00000000099999999999 
0.00000000099999999997 0.73665407532626792086 0.00000000099999999997 0.26334592067373219226 0.00000000099999999997 0.00000000099999999997 
0.00000000099999999990 0.00000000099999999990 0.00000000099999999990 0.99999999500000003039 0.00000000099999999990 0.00000000099999999990 
0.07381686049049902831 0.61475145205375003599 0.09389702642489784756 0.21208435037125544786 0.00143620241932867370 0.00401410824026908041 
0.00000440229100423213 0.54713694990438344057 0.13035160586776961544 0.27629459381927617967 0.04621244711756648804 0.00000000100000000000 
0.00066747872265965650 0.53173857317305672776 0.07351962558805721915 0.26205936730038104088 0.09792488429139306616 0.03409007092445226483 
0.00000000099999999997 0.71694662506733664031 0.09605528185237839633 0.18699809008028506208 0.00000000099999999997 0.00000000099999999997 
0.00000000099999999999 0.73226870795659448898 0.23204004331715472054 0.00000854936200276723 0.03568269736424808242 0.00000000099999999999 
0.00000000099999999999 0.81421608687597579745 0.12469067289898339013 0.00152384609488432927 0.05956939213015648854 0.00000000099999999999 
0.00000000099999999998 0.79125158543163043312 0.07704427716699610573 0.00483631074832142818 0.12686782465305207479 0.00000000099999999998 
0.00000000099999999997 0.72260940906875537060 0.00300536614155040788 0.27438522178969432241 0.00000000099999999997 0.00000000099999999997 
0.00000000099999999999 0.55507100572556256068 0.05221668649549996571 0.24561078964689717075 0.00014763657526573241 0.14695388055677480188 
0.00000000099999999999 0.53711560630962840168 0.04097600214396039664 0.22680303446418711988 0.00000003435093570124 0.19510532173128841693 
0.08662877724014880765 0.56217133262208829336 0.04581980583663753520 0.27673589863461545146 0.00008269818352805527 0.02856148748298178303 
0.11747009464099650300 0.74215109454994876437 0.00000000099999999998 0.14037880780905478972 0.00000000099999999998 0.00000000099999999998 
0.00000371486455225857 0.90525757283149677068 0.00902657753217252570 0.00000000099999999999 0.08571213277177849865 0.00000000099999999999 
0.00002335366373970225 0.77262008697554607206 0.08323434226306773709 0.14412205296844277091 0.00000002346523353502 0.00000014066397011227 
0.00000000099999999999 0.26664617009375790602 0.00000000099999999999 0.66740332727051110417 0.00000000099999999999 0.06595049963573092200 
0.00000000099999999998 0.16886675740583761973 0.77633263909005512104 0.03237296890600756261 0.02242763259809967685 0.00000000099999999998 
0.00000000099999999999 0.06785112753239370964 0.81843402248034458069 0.09217139772577621903 0.00009595139776009387 0.02144749986372542633 
0.00000000099999999997 0.00624630472904157824 0.95216595853318086728 0.04158773373777748666 0.00000000099999999997 0.00000000099999999997 
0.00001600935067965345 0.02047792510725312057 0.48981199400189651127 0.24424526406785060373 0.22955158403971470671 0.01589722343260553325 
0.00001206107268792105 0.03682698584155811444 0.71016575623816935448 0.23899100793574651336 0.01196536268853917555 0.00203882622329888165 
0.27631786485017423294 0.00884170579172172295 0.00029679028698218857 0.04310808224143932582 0.37622908929764337094 0.29520646753203927393 
0.00000000099999999999 0.00000799083539957364 0.85361557815321098541 0.00000000099999999999 0.00000000568420426514 0.14637642332718522886 
0.01689401375259335508 0.05981136730634253190 0.32036808106452591138 0.11305712601297904230 0.02445062969197822969 0.46541878217158094699 
0.05393224968895805188 0.12309063224175997853 0.76820567014602392231 0.05477140776988698168 0.00000000100000000000 0.00000003915337104978 
0.12185666460739516537 0.23820311788881662340 0.00913664706783773491 0.57455665412373890799 0.00733087757989704138 0.04891603873231460675 
0.00000000099999999996 0.00000000099999999996 0.99999999157533170369 0.00000000099999999996 0.00000000442466835110 0.00000000099999999996 
0.00000729401110986242 0.00000772795498066096 0.65350632495584726200 0.17173489340688416482 0.00000000100000000000 0.17474375867117800110 
0.00000019007766005846 0.00000000099999999999 0.99994440224251346372 0.00005534306396689300 0.00000006261585964885 0.00000000099999999999 
0.00000000099999999996 0.03302442212824183154 0.79726247597655242050 0.16971309889520569403 0.00000000099999999996 0.00000000099999999996 
0.00000000099999999996 0.00000000099999999996 0.91922827958270647564 0.08077171641729335994 0.00000000099999999996 0.00000000099999999996 
0.00000000099999999997 0.00000000099999999997 0.99999999499999991937 0.00000000099999999997 0.00000000099999999997 0.00000000099999999997 
0.00000000099999999998 0.00007878739337606667 0.69841092071095178806 0.30151028889567210722 0.00000000099999999998 0.00000000099999999998 
0.00002335366339293308 0.11641973456385139307 0.66231896181130422985 0.14538128461746196995 0.07585652466756732937 0.00000014067642214219 
0.00000000099999999999 0.00000000567464144468 0.95025029250295589556 0.04974935283006593628 0.00000034699233678050 0.00000000099999999999 
0.00000000099999999992 0.00000000099999999992 0.99999999500000003039 0.00000000099999999992 0.00000000099999999992 0.00000000099999999992 
0.00037783712861278634 0.03293379782611258189 0.94495431567874077494 0.01377860952984201644 0.00051556682238681258 0.00743987301430491452 
0.00000000099999999998 0.01451641066768795223 0.98317084622637407332 0.00005873261455285259 0.00225400849138516221 0.00000000099999999998 
0.05028796538761586693 0.00000008172484794177 0.94731757669152694135 0.00239437419600929593 0.00000000099999999999 0.00000000099999999999 
0.12012286817821112017 0.00000007068120625898 0.77847283978600867460 0.10140421935457386016 0.00000000099999999999 0.00000000099999999999 
0.02844836761566119435 0.15834885835739670457 0.73594416179618282747 0.04268711937821679375 0.03457149185254245610 0.00000000100000000000 
0.01610154750548879396 0.00738943431380847601 0.33591287415536780214 0.00000000421193421826 0.63615059293698417164 0.00444554687641649220 
0.00000983399617632877 0.02805063088395359783 0.00010596773157190929 0.00006948296228093222 0.96432507102992148784 0.00743901339609570611 
0.00000000099999999997 0.00000000099999999997 0.99998867169029381774 0.00000000099999999997 0.00000000099999999997 0.00001132430970617466 
0.00000000099999999997 0.00000000099999999997 0.69927607506810030014 0.20718381806005400914 0.00000000099999999997 0.09354010387184545638 
0.01901558870240474888 0.00005488374413933459 0.82449354504616301220 0.00000001995413467986 0.00000000100000000000 0.15643596155315825369 
0.00000000099999999995 0.00000000099999999995 0.99999999500000003039 0.00000000099999999995 0.00000000099999999995 0.00000000099999999995 
0.00000000099999999995 0.00000000099999999995 0.99999999499999991937 0.00000000099999999995 0.00000000099999999995 0.00000000099999999995 
0.00000006821580611265 0.00000000099999999999 0.88211506805076600468 0.00000000099999999999 0.11788486073342782645 0.00000000099999999999 
0.00000000099999999996 0.00000000099999999996 0.99999999499999991937 0.00000000099999999996 0.00000000099999999996 0.00000000099999999996 
0.00000000099999999997 0.00000000099999999997 0.99999998703162984448 0.00000000099999999997 0.00000000099999999997 0.00000000896837022416 
0.00000102202512952676 0.00000000099999999999 0.99999896747663719054 0.00000000099999999999 0.00000000749823328011 0.00000000099999999999 
0.31542140570073545769 0.04663215232626193724 0.21949226355419343415 0.00066679467455831953 0.00000000099999999999 0.41778738274425092358 
0.00000000099999999996 0.00000000099999999996 0.94959248874761292836 0.00000000099999999996 0.00000067623053529370 0.05040683202185163719 
0.00000000099999999999 0.00000006989199051695 0.74927029949253431962 0.00000000099999999999 0.00033421460859816985 0.25039541400687687078 
0.00000000907785348710 0.00000066911474451068 0.99986500042271952982 0.00013305925944789260 0.00000006036988728321 0.00000120175534731275 
0.09149148204562396192 0.23812356353145264221 0.24831231186989133342 0.05032199764745560328 0.00000000099999999999 0.37175064390557666094 
0.00009071801486325504 0.00007568660824181245 0.88168126833044391244 0.00472054365383918397 0.00000013429582792787 0.11343164909678390972 
0.60374170187634523810 0.00000000099999999999 0.00000000099999999999 0.00000000099999999999 0.00469085004157243721 0.39156744508208252142 
0.06516196563010977216 0.00000000099999999998 0.80009001611492924777 0.07532132118771214802 0.00000000099999999998 0.05942669506724879147 
0.00000000099999999998 0.00000000099999999998 0.99999879291622195687 0.00000000099999999998 0.00000000099999999998 0.00000120308377812900 
0.00000000099999999989 0.00000000099999999989 0.99999999500000003039 0.00000000099999999989 0.00000000099999999989 0.00000000099999999989 
0.00000000099999999993 0.00000000099999999993 0.99999999499999991937 0.00000000099999999993 0.00000000099999999993 0.00000000099999999993 
0.00000002698742322102 0.00012160810326697446 0.99987611066889059419 0.00000041652193496991 0.00000156278470724387 0.00000027493377712227 
0.00847243157418143579 0.15187642081565930208 0.83940604832682585990 0.00024509728333337982 0.00000000099999999999 0.00000000099999999999 
0.00000000100000000000 0.00000011252135680261 0.97750443412762877404 0.00000002479593661841 0.02249518478300257043 0.00000024277207515186 
0.00000000099999999995 0.00000000099999999995 0.99999999500000003039 0.00000000099999999995 0.00000000099999999995 0.00000000099999999995 
0.00000000099999999995 0.00000000099999999995 0.99999999499999991937 0.00000000099999999995 0.00000000099999999995 0.00000000099999999995 
0.00000000099999999995 0.00000000099999999995 0.99999999500000003039 0.00000000099999999995 0.00000000099999999995 0.00000000099999999995 
0.00058624379897079715 0.23033151126039619339 0.03929907539853987747 0.05319910396266640251 0.00868070753683933619 0.66790335804258738062 
0.00000519713132394646 0.35140421059882986921 0.00000368376023952816 0.00119077136251174716 0.00001177327145244840 0.64738436387564246566 
0.00000462500262587204 0.88714717753641259002 0.00000000100000000000 0.06327136640774114196 0.00001877562323398564 0.04955805442998638399 
0.00000000100109800247 0.00000000099999999999 0.99999965612112218238 0.00000000099999999999 0.00000033987777989241 0.00000000099999999999 
0.00000000099999999997 0.00000000099999999997 0.99999999284869978133 0.00000000099999999997 0.00000000315130019987 0.00000000099999999997 
0.00002911484711390891 0.00658811018541336727 0.13665552033669234322 0.80023812174517194862 0.00380499762437722490 0.05268413526123123802 
0.04843935342839099378 0.53381790483545876747 0.05695423686636873900 0.35992010699616477920 0.00086073210364170710 0.00000766576997506529 
0.01998555010632252146 0.60059291567416128732 0.37941494728417474169 0.00000002953234297236 0.00000052325932359150 0.00000603414367498713 
0.00000001466819764248 0.58983774584561221577 0.01367719367420424000 0.18403297209696928283 0.21241980106773875048 0.00003227264727788318 
0.00000000099999999996 0.00000000099999999996 0.99999999499999991937 0.00000000099999999996 0.00000000099999999996 0.00000000099999999996 
0.00900551128959813964 0.67826365828273571523 0.05143643500097200977 0.00398007613662204000 0.00210287449923410134 0.25521144479083796019 
0.00000000099999999998 0.99999916320773274414 0.00000000099999999998 0.00000000099999999998 0.00000000099999999998 0.00000083279226728506 
0.00000000099999999998 0.99999999332634903482 0.00000000267365095365 0.00000000099999999998 0.00000000099999999998 0.00000000099999999998 
0.00000000099999999995 0.99999999500000014141 0.00000000099999999995 0.00000000099999999995 0.00000000099999999995 0.00000000099999999995 
0.00009201397672031011 0.99759985415704954814 0.00000009094584527670 0.00000000100000000000 0.00227738169347689806 0.00003065822690803134 
0.00000000109587525514 0.93288383869535063120 0.00000000099999999995 0.00000000099999999995 0.00000000099999999995 0.06711615720877422975 
0.00000000109745499081 0.92094097132879104706 0.00000000099999999996 0.00000000099999999996 0.00000000099999999996 0.07905902457375407755 
0.16682919754415492797 0.66757242316380838165 0.00000000099999999999 0.00059152301259899048 0.00000000099999999999 0.16500685427943781458 
0.15572810533337128058 0.69872491070070763541 0.00000000099999999998 0.00000000099999999998 0.00000000099999999998 0.14554698096592119660 
0.00026454170781513748 0.74773711862354719226 0.08331272426785166219 0.07559974446260667169 0.09308586993817945243 0.00000000099999999999 
0.00002335366034646814 0.99997650266547843945 0.00000000099999999998 0.00000000099999999998 0.00000000099999999998 0.00000014067417513215 
0.12596879719532688702 0.54046414306397405625 0.00028388903090324454 0.33321250726690065935 0.00000002797378490041 0.00007063546911014135 
0.00002335365954334889 0.88056081862599966392 0.00000000099999999998 0.11941568505057131855 0.00000000099999999998 0.00000014066388567439 
0.00000257480917724687 0.25055142181922834821 0.43699416194097451260 0.00036930463382633288 0.31200242272015804579 0.00008011407663540599 
0.00000001335912068402 0.64126221962311580338 0.14178661827021704633 0.00000046829140965181 0.14741446323680801322 0.06953621721932884414 
0.00000000099999999998 0.75835342542518424658 0.04056654606993114615 0.20108002550488474069 0.00000000099999999998 0.00000000099999999998 
0.00000000099999999998 0.99999999500000003039 0.00000000099999999998 0.00000000099999999998 0.00000000099999999998 0.00000000099999999998 
0.00000000099999999999 0.99999661963089891970 0.00000202334723924658 0.00000000099999999999 0.00000106798438676197 0.00000028703747499095 
0.00610132649023342657 0.75857130013959295223 0.22116854508841074511 0.00764510568702406103 0.00651363195871724684 0.00000009063602149520 
0.00000000099999999999 0.71522391795935125192 0.14477958227742596109 0.00130694092614395464 0.13868955683707873128 0.00000000099999999999 
0.00000000099999999995 0.99999999500000014141 0.00000000099999999995 0.00000000099999999995 0.00000000099999999995 0.00000000099999999995 
0.00000000100000000000 0.99035789585727973527 0.00462240753760554453 0.00000518632928764164 0.00000006193772510268 0.00501444733810210534 
0.00000000100000000000 0.56299994943786779711 0.02150030575085571521 0.04482900176788909979 0.00945912074398795773 0.36121162129939943242 
0.00000000099999999995 0.00000000099999999995 0.00000000099999999995 0.00000000099999999995 0.00000000099999999995 0.99999999499999991937 
0.00000000099999999999 0.00217627703538772737 0.34083183567478037013 0.00000489528083278689 0.00000000099999999999 0.65698699000899896117 
0.00000000099999999999 0.65745618837783925681 0.22989908330243896684 0.11238502486709531225 0.00025970145262642504 0.00000000099999999999 
0.20533268621500913587 0.00000000099999999997 0.00000000099999999997 0.38895449191182368542 0.00000000099999999997 0.40571281887316723580 
0.19896718478749714221 0.36395528988786302049 0.10620294836218319157 0.29801127467850657693 0.00030242468366152673 0.03256087760028866102 
0.04483982866582186810 0.10730210931735296997 0.09045115382264194703 0.70306560976226606385 0.00182041242262392109 0.05252088600929332579 
0.05707272035578497132 0.56109506919654450474 0.21850300225576205215 0.10806503203962200543 0.05526417515228643218 0.00000000099999999999 
0.78511121834674069131 0.02212079603652277945 0.04572717161575962086 0.00130349498468487063 0.14573731801629213889 0.00000000100000000000 
0.00000022183201277200 0.00000388868201774851 0.00001401577462909838 0.00000775564756059000 0.99997181983738447908 0.00000229822639526156 
0.00000001376677252518 0.00000000099999999995 0.00000000099999999995 0.00000000099999999995 0.99999998223322739133 0.00000000099999999995 
0.00000000099999999992 0.00000000099999999992 0.00000000099999999992 0.00000000099999999992 0.99999999499999991937 0.00000000099999999992 
0.11014012247466280214 0.67255001501454125812 0.05829823341767906286 0.15781065304616015421 0.00120097504695690404 0.00000000099999999999 
0.11157635120207552715 0.58252497453441132169 0.13530927038162668397 0.05851213057190470662 0.00000000100000000000 0.11207727230998169865 
0.09787180925456369363 0.73409819884668714440 0.12229000791311020468 0.04572854788189607833 0.00000000100000000000 0.00001143510374286334 
0.02116818308167743926 0.78558178035578807297 0.16358472927863793034 0.00950190951504089644 0.01984887067483284695 0.00031452709402285303 
0.09309033332128076321 0.90578107310090094639 0.00000680406425267432 0.00000000133893286568 0.00000146742576804445 0.00112032074886471347 
0.02902674000562774012 0.71793154526871039156 0.14287377503769876919 0.04181084052406143503 0.00000553847133069353 0.06835156069257083966 
0.00002335365857831582 0.62172915793409500029 0.17592360440977936054 0.00800261850133702178 0.19432112482607324933 0.00000014067013693126 
0.00002335366382138563 0.96336027852360095469 0.03342051089045689621 0.00000000099999999999 0.00319571524620590767 0.00000014067591489453 
0.11886496687342167078 0.57299602940538219009 0.07820624104536022525 0.22983711320188804361 0.00009564847394789866 0.00000000099999999999 
0.12458092766663639295 0.72180045438817808101 0.10821272359469474855 0.00164434489669423975 0.00000001096058781542 0.04376153849320873340 
0.00000002985054746040 0.38472504429669013293 0.18375133957736553003 0.00506190625826964061 0.00003077710283105776 0.42643090291429619487 
0.21401436785368374571 0.72534720473142322295 0.00021304766108696689 0.00000028035491099988 0.00000000100000000000 0.06042509839889519119 
0.03186498255099073224 0.60074612989556830378 0.03206592825933214652 0.28495042707254419900 0.00000037711636233953 0.05037215510520215433 
