0.00000000099999999991 0.00000000099999999991 0.00000000099999999991 0.00000000099999999991 0.00000000099999999991 0.00000000099999999991 0.99999999299999986491 0.00000000099999999991 
0.00000000099999999999 0.00000000099999999999 0.01429734939578915232 0.37936172438334669899 0.00000000099999999999 0.00000000099999999999 0.60634092122086391541 0.00000000099999999999 
0.00000000099999999995 0.00000000099999999995 0.00000000099999999995 0.34293440279882514421 0.00000000099999999995 0.00000000099999999995 0.65706559120117469242 0.00000000099999999995 
0.00000000099999999997 0.00000000099999999997 0.00000000099999999997 0.00000000099999999997 0.23130350483322500987 0.00000000099999999997 0.76869648916677502104 0.00000000099999999997 
0.00000004317403015089 0.00000000099999999996 0.00000000099999999996 0.21878132386441712098 0.00000000099999999996 0.06603223581912200102 0.71518639314243070970 0.00000000099999999996 
0.00000000099999999998 0.00000000099999999998 0.05886499171291410121 0.26118696937655755397 0.00000000099999999998 0.00000000099999999998 0.67994803391052827113 0.00000000099999999998 
0.00000000099999999995 0.00000000099999999995 0.00000000099999999995 0.00000000099999999995 0.00000000099999999995 0.00000000099999999995 0.99999999299999986491 0.00000000099999999995 
0.00000000099999999995 0.00000000099999999995 0.00000000099999999995 0.00000000099999999995 0.16531538593934655412 0.19285243603413057545 0.64183217302652273428 0.00000000099999999995 
0.00000000099999999998 0.00000000099999999998 0.00000000099999999998 0.00000000099999999998 0.32352433026293425655 0.11426694901855409536 0.56220871571851172011 0.00000000099999999998 
0.00000000099999999997 0.00000000099999999997 0.00000000099999999997 0.00000000099999999997 0.27630939954559269323 0.00000000099999999997 0.72369059445440730993 0.00000000099999999997 
0.00000000099999999995 0.00000000099999999995 0.00000000099999999995 0.00000000099999999995 0.13806663768603114062 0.05361118110596665293 0.80832217620800228541 0.00000000099999999995 
0.00000000099999999992 0.06446218510563628268 0.00000000099999999992 0.00000000099999999992 0.28557714055563127031 0.00000000099999999992 0.64996066933873219984 0.00000000099999999992 
0.00000000099999999999 0.08462129999901076005 0.02937289109261321737 0.15234964391866454014 0.00000000099999999999 0.00000000099999999999 0.60239292643528308258 0.13126323555442814817 
0.09168982768362404778 0.00000000099999999998 0.00000000099999999998 0.19053564644952419860 0.00000000099999999998 0.00000000099999999998 0.68334280977404260327 0.03443171209280902062 
0.00068499516195163384 0.05481753300858505790 0.03495489536396349101 0.21782125296963381067 0.12368302449108324603 0.00000000099999999999 0.56803829700478269960 0.00000000099999999999 
0.00000000099999999994 0.00000000099999999994 0.00000000099999999994 0.00000000099999999994 0.00000000099999999994 0.00000000099999999994 0.89637396603217334157 0.10362602796782657832 
0.00000000099999999996 0.00000000099999999996 0.00000000099999999996 0.35862284025308682756 0.05894529926380900203 0.00000000099999999996 0.52877164389294972757 0.05366021259015442413 
0.00000000099999999998 0.12738560346955782321 0.01098551339457840351 0.00000000099999999998 0.00000000099999999998 0.00000000099999999998 0.86162887813586375163 0.00000000099999999998 
0.00000000099999999999 0.05187311613524189791 0.00004470109987061803 0.24731800213374163788 0.16797038133135747118 0.05253116649999633320 0.48026263079979197856 0.00000000099999999999 
0.00000000099999999998 0.12856736208524319198 0.00000084993639307191 0.00000000099999999998 0.14335573138806734228 0.03800381702984775845 0.69007223656044858195 0.00000000099999999998 
0.00000000099999999996 0.00000000099999999996 0.00000000099999999996 0.00000000099999999996 0.13110071146650167928 0.00000000099999999996 0.86889928253349824061 0.00000000099999999996 
0.00000000099999999994 0.00000000099999999994 0.12283223921805527801 0.00000000099999999994 0.00000000099999999994 0.00000000099999999994 0.87716775478194464188 0.00000000099999999994 
0.00000000099999999994 0.00000000099999999994 0.00000000099999999994 0.14257075187118131709 0.00000000099999999994 0.00000000099999999994 0.85742924212881865831 0.00000000099999999994 
0.00000000099999999995 0.00000000099999999995 0.00000000099999999995 0.00000000099999999995 0.00000000099999999995 0.00000000099999999995 0.99999999299999986491 0.00000000099999999995 
0.00000000099999999997 0.02834699270354238548 0.00000000099999999997 0.22329461909311848489 0.00000000099999999997 0.00000000099999999997 0.63582007413795227357 0.11253831006538679571 
0.00000000099999999993 0.00000000099999999993 0.00000000099999999993 0.13621736648191604124 0.00000000099999999993 0.00000000099999999993 0.86378262751808387865 0.00000000099999999993 
0.00000000099999999998 0.00000000099999999998 0.00000000099999999998 0.19140710552581544079 0.17916115908342247764 0.12686469410427106408 0.50256703728649099183 0.00000000099999999998 
0.00000000099999999997 0.00000000099999999997 0.12115035987831286601 0.35213551053666569679 0.00000000099999999997 0.00000000099999999997 0.52671412458502131493 0.00000000099999999997 
0.00000000099999999996 0.00000000099999999996 0.00000000099999999996 0.00000000099999999996 0.18105059623189764806 0.00000000099999999996 0.81894939776810216081 0.00000000099999999996 
0.01091708061455223290 0.00000000099999999998 0.00000000099999999998 0.60583304554228145644 0.00000000099999999998 0.00000000099999999998 0.38324986884316619706 0.00000000099999999998 
0.00000000099999999997 0.00000000099999999997 0.11206885294446580770 0.51314491658212701974 0.00106969472499649420 0.00000000099999999997 0.37371653174841062972 0.00000000099999999997 
0.00000000099999999998 0.00000000099999999998 0.00000000099999999998 0.00000000099999999998 0.00000001725619523755 0.00000000099999999998 0.91297888236847379861 0.08702109537533096739 
0.00000000099999999997 0.00000000099999999997 0.01085738402831356447 0.36110654212122755835 0.00000000099999999997 0.00000000099999999997 0.62782975806662810747 0.00020631178383064534 
0.00000000099999999989 0.00000000099999999989 0.00000000099999999989 0.00000000099999999989 0.00000000099999999989 0.00000000099999999989 0.99999999299999997593 0.00000000099999999989 
0.00000000099999999998 0.00010595493867405672 0.11779685122207878001 0.00000000099999999998 0.01650637127634270451 0.00000000099999999998 0.86559081856290454038 0.00000000099999999998 
0.00000000099999999996 0.00000000099999999996 0.00000000099999999996 0.49982627140086827167 0.04946775366034274202 0.00000000099999999996 0.45070596993878903058 0.00000000099999999996 
0.00000000099999999997 0.00000000099999999997 0.00000000099999999997 0.33161984267816857486 0.04005734406394897279 0.00000000099999999997 0.62791815785427362862 0.00040465140360869569 
0.00000000099999999998 0.00000000099999999998 0.08274490359205001477 0.27668717901841510809 0.00000000099999999998 0.04924542184528471478 0.59132249154425009507 0.00000000099999999998 
0.00000000099999999994 0.00000000099999999994 0.00000000099999999994 0.00000000099999999994 0.03598470886094560367 0.00000000099999999994 0.96401528513905443418 0.00000000099999999994 
0.00000000099999999992 0.00000000099999999992 0.00000000099999999992 0.08362045677153830125 0.00000000099999999992 0.00000000099999999992 0.91637953722846177129 0.00000000099999999992 
0.00000000099999999998 0.00000000099999999998 0.02432210455712502037 0.73263977561652227077 0.00000000099999999998 0.01953642290559729974 0.22350169292075547367 0.00000000099999999998 
0.00000000099999999989 0.00000000099999999989 0.00000000099999999989 0.99999999299999997593 0.00000000099999999989 0.00000000099999999989 0.00000000099999999989 0.00000000099999999989 
0.00000000099999999999 0.00000000099999999999 0.00000000099999999999 0.00000245649845332018 0.00000000099999999999 0.00000000099999999999 0.99999751066037734226 0.00000002784116936377 
0.02846811946205056801 0.04850768408430432277 0.00931498193037877224 0.82271937528529781591 0.01574541617761338747 0.00000000100000000000 0.00000000100000000000 0.07524442106035533762 
0.00000000099999999999 0.00000000099999999999 0.01219099275447808016 0.44332780451513775777 0.32454939365062945855 0.00000000099999999999 0.21993180507975476634 0.00000000099999999999 
0.00000000099999999993 0.00000000099999999993 0.00000000099999999993 0.00000000099999999993 0.99999999299999997593 0.00000000099999999993 0.00000000099999999993 0.00000000099999999993 
0.00000000099999999990 0.00000000099999999990 0.00000000099999999990 0.00000000099999999990 0.99999999300000008695 0.00000000099999999990 0.00000000099999999990 0.00000000099999999990 
0.00000000099999999998 0.04549693298318843032 0.00000000099999999998 0.69413137587665840744 0.08181099941392344643 0.00000000099999999998 0.17856068772622959995 0.00000000099999999998 
0.00000000099999999999 0.02448658078346446776 0.00000000099999999999 0.46799019212725995187 0.45655630622383530648 0.00000000099999999999 0.00000000099999999999 0.05096691686544034539 
0.00000000099999999996 0.41742584080060757268 0.00000000099999999996 0.58257415319939254150 0.00000000099999999996 0.00000000099999999996 0.00000000099999999996 0.00000000099999999996 
0.00000000099999999992 0.00000000099999999992 0.00000000099999999992 0.61927669454362965773 0.38072329945637034543 0.00000000099999999992 0.00000000099999999992 0.00000000099999999992 
0.00000000099999999970 0.00000000099999999970 0.00000000099999999970 0.00000000099999999970 0.99999999300000008695 0.00000000099999999970 0.00000000099999999970 0.00000000099999999970 
0.00000000099999999978 0.00000000099999999978 0.00000000099999999978 0.00000000099999999978 0.99999999299999997593 0.00000000099999999978 0.00000000099999999978 0.00000000099999999978 
0.00000000099999999994 0.00000000099999999994 0.00000000099999999994 0.99999999299999997593 0.00000000099999999994 0.00000000099999999994 0.00000000099999999994 0.00000000099999999994 
0.00000000099999999993 0.00000000099999999993 0.00000000099999999993 0.99999999299999997593 0.00000000099999999993 0.00000000099999999993 0.00000000099999999993 0.00000000099999999993 
0.00000000099999999982 0.00000000099999999982 0.00000000099999999982 0.00000000099999999982 0.99999999299999997593 0.00000000099999999982 0.00000000099999999982 0.00000000099999999982 
0.02340823063122117464 0.00000000099999999999 0.00000000099999999999 0.67381952059865002358 0.22110565040945470705 0.00000000099999999999 0.00000000099999999999 0.08166659436067402744 
0.00000000099999999991 0.00000000099999999991 0.00000000099999999991 0.23487247528705251787 0.76512751871294737427 0.00000000099999999991 0.00000000099999999991 0.00000000099999999991 
0.00000000099999999989 0.00000000099999999989 0.00000000099999999989 0.00000000099999999989 0.99999999300000008695 0.00000000099999999989 0.00000000099999999989 0.00000000099999999989 
0.00000000099999999984 0.00000000099999999984 0.00000000099999999984 0.99999999299999997593 0.00000000099999999984 0.00000000099999999984 0.00000000099999999984 0.00000000099999999984 
0.00000000099999999991 0.00000000099999999991 0.00000000099999999991 0.80373518231006313428 0.00000000099999999991 0.00000000099999999991 0.19626481168993684112 0.00000000099999999991 
0.00000000099999999994 0.00000000099999999994 0.00000000099999999994 0.66632665332740426134 0.23048396070484683529 0.00000000099999999994 0.10318938096774890600 0.00000000099999999994 
0.00000000099999999983 0.00000000099999999983 0.00000000099999999983 0.99999999299999997593 0.00000000099999999983 0.00000000099999999983 0.00000000099999999983 0.00000000099999999983 
0.00000000099999999994 0.00000000099999999994 0.00000000099999999994 0.99999999299999997593 0.00000000099999999994 0.00000000099999999994 0.00000000099999999994 0.00000000099999999994 
0.00000000100000000000 0.27998634541062189518 0.00000000100000000000 0.00000000100000000000 0.00006886851025885721 0.00000000100000000000 0.03119480411275638368 0.68874997796636283631 
0.00000000099999999994 0.90594004213913048584 0.00000000099999999994 0.00000000099999999994 0.00000000099999999994 0.00000000099999999994 0.00000000099999999994 0.09405995186086968385 
0.00000000099999999998 0.99999999300000008695 0.00000000099999999998 0.00000000099999999998 0.00000000099999999998 0.00000000099999999998 0.00000000099999999998 0.00000000099999999998 
0.00000000099999999993 0.00000000099999999993 0.00000000099999999993 0.99999999300000008695 0.00000000099999999993 0.00000000099999999993 0.00000000099999999993 0.00000000099999999993 
0.00000000099999999993 0.00000000099999999993 0.00000000099999999993 0.85174098574883072565 0.00000000099999999993 0.00000000099999999993 0.14825900825116930526 0.00000000099999999993 
0.68632137856297947831 0.23537313510834476094 0.00000000099999999997 0.03034102168235770433 0.00000000099999999997 0.00000000099999999997 0.04796446064631807588 0.00000000099999999997 
0.66058574872392217259 0.06177291437382829292 0.00000000099999999999 0.00000000099999999999 0.03954333872990455773 0.10312406928374980020 0.13497392588859533080 0.00000000099999999999 
0.70296966724445497654 0.11651493347249647359 0.00000000100000000000 0.07759069618195671425 0.00647618726020060109 0.03140869479459523772 0.00000000100000000000 0.06503981904629620170 
0.44936653504492757305 0.45870685452918114056 0.03954825329638769066 0.00000000099999999997 0.00000000099999999997 0.05237835312950363947 0.00000000099999999997 0.00000000099999999997 
0.54815518328630852274 0.10551267750063363093 0.18643070954288432084 0.00000000099999999997 0.00000000099999999997 0.12713144388419558850 0.03276998278597795938 0.00000000099999999997 
0.79347697637864222919 0.00000000099999999996 0.00000000099999999996 0.00000000099999999996 0.00000000099999999996 0.11215025003295243933 0.09437276858840532023 0.00000000099999999996 
0.73096879443558715472 0.09626540264673519309 0.04419803749085735034 0.00000000099999999999 0.00000000099999999999 0.01482501871691004405 0.11344858627401706308 0.00029415843589307054 
0.78411758405592413279 0.00000000099999999999 0.00000000099999999999 0.00000000099999999999 0.06600959528076663640 0.00000000099999999999 0.12775374406063830235 0.02211907260267105199 
0.47404775593839065806 0.49263907941060786078 0.00000000099999999998 0.00000000099999999998 0.00000000099999999998 0.03331315965100171278 0.00000000099999999998 0.00000000099999999998 
0.59380581056991799116 0.29591715526171036288 0.00000000099999999999 0.00000000099999999999 0.05806227002695589501 0.00000000099999999999 0.05221475986425763716 0.00000000127715814904 
0.63452569779227707691 0.16688624953788416816 0.00000000099999999997 0.00000000099999999997 0.00000000099999999997 0.19858804766983878531 0.00000000099999999997 0.00000000099999999997 
0.51347707763921013324 0.22767413445490600199 0.00000000099999999998 0.00000000099999999998 0.00000000099999999998 0.13020875236899293048 0.12864003153689096415 0.00000000099999999998 
0.53326153022319200403 0.31901864474874047639 0.00000000099999999999 0.00000000099999999999 0.05125987275039764479 0.00000000099999999999 0.09645994827766991853 0.00000000099999999999 
0.35756343838979975924 0.29137509134922673359 0.00000000099999999999 0.17764931930561789208 0.00000000099999999999 0.02829439758850141665 0.00000000099999999999 0.14511775036685423124 
0.66398435778053011003 0.12342577400098342366 0.00000000099999999995 0.00000000099999999995 0.00000000099999999995 0.00000000099999999995 0.15591605330188074152 0.05667381091660588649 
0.87577856829944733530 0.00000000099999999998 0.00000000099999999998 0.04000332533493697329 0.00000000099999999998 0.07998268264018700002 0.00000000099999999998 0.00423541972542886089 
0.73117339363502187322 0.05224758371512311372 0.00000000099999999999 0.00000000099999999999 0.00000000099999999999 0.08355564629761735862 0.13302337235223768430 0.00000000099999999999 
0.96642430104237175836 0.00000000099999999995 0.00000000099999999995 0.00000000099999999995 0.00000000099999999995 0.03357569295762827255 0.00000000099999999995 0.00000000099999999995 
0.70693838276140863464 0.12986875602996736379 0.03572588192705342114 0.04597844206369666037 0.00000000099999999999 0.06565401538018572625 0.01583451983768820875 0.00000000099999999999 
0.00000000100000000000 0.00000000100000000000 0.00000000708273817669 0.99961521220214999417 0.00000000100000000000 0.00000000100000000000 0.00000000100000000000 0.00038477571511179309 
0.62152455458159783230 0.05995378702729983050 0.00008559622803843023 0.16276768571822905485 0.00000000100000000000 0.05350461584883199617 0.07201603006325497935 0.03014772953274796885 
0.85650023426558941075 0.11486208206778578123 0.00000000099999999998 0.00000000099999999998 0.00000000099999999998 0.02863767866662500841 0.00000000099999999998 0.00000000099999999998 
0.85161191386164114547 0.09158656945633496249 0.00000000099999999998 0.02304811273144955278 0.03375339995057428238 0.00000000099999999998 0.00000000099999999998 0.00000000099999999998 
0.84921563565635838078 0.00000000099999999999 0.07411868982418277907 0.00000000099999999999 0.00000000099999999999 0.03749379445381843812 0.03917187606564054986 0.00000000099999999999 
0.82192919571482425667 0.04418181227546437440 0.00000000099999999998 0.00000000099999999998 0.00000000099999999998 0.00000000099999999998 0.13186638209369860864 0.00202260591601281228 
0.54631785133031107726 0.23085411322023671743 0.04211275400966534022 0.00000000100000000000 0.04885668651033458348 0.12249649405134381552 0.00000000100000000000 0.00936209887810855387 
0.88843807956210774091 0.00000000099999999998 0.04560895444942120874 0.00000000099999999998 0.06595296098847108768 0.00000000099999999998 0.00000000099999999998 0.00000000099999999998 
0.00000000099999999999 0.00000000099999999999 0.00000000099999999999 0.96160681145322601804 0.00000000099999999999 0.03839318254677393655 0.00000000099999999999 0.00000000099999999999 
0.00000000100000000000 0.00000000100000000000 0.00018164049574429739 0.94296354428517015211 0.05685481021908574822 0.00000000100000000000 0.00000000100000000000 0.00000000100000000000 
0.99999999300000008695 0.00000000099999999997 0.00000000099999999997 0.00000000099999999997 0.00000000099999999997 0.00000000099999999997 0.00000000099999999997 0.00000000099999999997 
0.00000000099999999976 0.00000000099999999976 0.00000000099999999976 0.99999999300000008695 0.00000000099999999976 0.00000000099999999976 0.00000000099999999976 0.00000000099999999976 
0.00000000099999999988 0.99999999300000008695 0.00000000099999999988 0.00000000099999999988 0.00000000099999999988 0.00000000099999999988 0.00000000099999999988 0.00000000099999999988 
0.00000000099999999988 0.99999999300000019797 0.00000000099999999988 0.00000000099999999988 0.00000000099999999988 0.00000000099999999988 0.00000000099999999988 0.00000000099999999988 
0.30534386066180435604 0.24323791877805964190 0.12289022445138413075 0.14466691008832033294 0.00000000099999999999 0.13562431361907523186 0.04823677040135646021 0.00000000099999999999 
0.67365011651572503926 0.22948683625219995497 0.08456801378829639781 0.00000000099999999998 0.00000000099999999998 0.01229502944377871936 0.00000000099999999998 0.00000000099999999998 
0.00000000099999999993 0.74956580468381117655 0.00000000099999999993 0.00000000099999999993 0.00000000099999999993 0.25043418931618882661 0.00000000099999999993 0.00000000099999999993 
0.42731420282113752318 0.49620263703810468803 0.00000000099999999993 0.00000000099999999993 0.00000000099999999993 0.07648315514075797183 0.00000000099999999993 0.00000000099999999993 
0.00000000099999999994 0.99999999300000008695 0.00000000099999999994 0.00000000099999999994 0.00000000099999999994 0.00000000099999999994 0.00000000099999999994 0.00000000099999999994 
0.00000000099999999973 0.99999999300000008695 0.00000000099999999973 0.00000000099999999973 0.00000000099999999973 0.00000000099999999973 0.00000000099999999973 0.00000000099999999973 
0.00000000099999999995 0.94816535924949241210 0.00000000099999999995 0.00000000099999999995 0.00000000099999999995 0.00000000099999999995 0.05183463475050772984 0.00000000099999999995 
0.00000000099999999990 0.99999999300000008695 0.00000000099999999990 0.00000000099999999990 0.00000000099999999990 0.00000000099999999990 0.00000000099999999990 0.00000000099999999990 
0.00000000099999999995 0.80099328992727680809 0.00000000099999999995 0.00000000099999999995 0.00000000099999999995 0.19900670407272333384 0.00000000099999999995 0.00000000099999999995 
0.51851595297763519721 0.32792619307833670295 0.00000000099999999998 0.03324836858078840385 0.12030948136323968423 0.00000000099999999998 0.00000000099999999998 0.00000000099999999998 
0.51270637722750767029 0.48729361677249249940 0.00000000099999999995 0.00000000099999999995 0.00000000099999999995 0.00000000099999999995 0.00000000099999999995 0.00000000099999999995 
0.46261428409597243894 0.46180061653209752981 0.00000000099999999997 0.00000000099999999997 0.00000000099999999997 0.04459832093886856308 0.00000000099999999997 0.03098677443306165416 
0.56642917038094164894 0.19123973538736982469 0.14939346042164727835 0.00000000099999999999 0.00000000099999999999 0.00000000099999999999 0.08105697614483461932 0.01188065466520671180 
0.18314321582437886882 0.62010087485770459814 0.00000000099999999999 0.00000000099999999999 0.00000000099999999999 0.04340593646228250307 0.00000000099999999999 0.15334996885563420554 
0.66195016411452445304 0.00000000099999999998 0.01575431615977807703 0.27533727333864099762 0.00000000099999999998 0.00000000099999999998 0.00000000099999999998 0.04695824238705638420 
0.98788081986707332316 0.01211917390702019204 0.00000000099999999996 0.00000000099999999996 0.00000000099999999996 0.00000000099999999996 0.00000000099999999996 0.00000000122590648836 
0.89558291545813395462 0.10441707854186609017 0.00000000099999999993 0.00000000099999999993 0.00000000099999999993 0.00000000099999999993 0.00000000099999999993 0.00000000099999999993 
0.00000000099999999987 0.99999999300000008695 0.00000000099999999987 0.00000000099999999987 0.00000000099999999987 0.00000000099999999987 0.00000000099999999987 0.00000000099999999987 
0.72390053769656559357 0.11174332810607648381 0.14380746111127870601 0.00000000099999999999 0.02054866908607930545 0.00000000099999999999 0.00000000099999999999 0.00000000099999999999 
0.67762137141234990434 0.15297481029783441264 0.10636529546223999487 0.03416064906938948847 0.00000000099999999999 0.00317664234492485726 0.00000000099999999999 0.02570122941326154903 
0.64925354114722966248 0.20721759241843587529 0.00000000099999999999 0.05895108779773534230 0.05630444478372979150 0.00000000099999999999 0.00000000099999999999 0.02827333085286937164 
0.82401075983682292581 0.08526236655129759701 0.00000000099999999995 0.00000000099999999995 0.00000000099999999995 0.00000000099999999995 0.00000000099999999995 0.09072686861187967411 
0.83100440484950943709 0.00000000099999999997 0.00000000099999999997 0.00000000099999999997 0.00000000099999999997 0.00000000099999999997 0.00000000099999999997 0.16899558915049064933 
0.95380405342005036839 0.00000000099999999998 0.00000000099999999998 0.00896627383932545319 0.00000000099999999998 0.00000000099999999998 0.00000000099999999998 0.03722966774062438922 
0.89770728845536518214 0.00000000099999999997 0.00000000099999999997 0.05990012476688857945 0.00000000099999999997 0.00000000099999999997 0.00000000099999999997 0.04239258177774632430 
0.84650145044805424899 0.14114799599629992977 0.00000000099999999997 0.00000000099999999997 0.00000000099999999997 0.00790978700060886164 0.00000000099999999997 0.00444076255503722799 
0.61127163368158765611 0.15539946576527791100 0.08808245984131905792 0.00000000099999999998 0.14524643671181550197 0.00000000099999999998 0.00000000099999999998 0.00000000099999999998 
0.61497944044805619157 0.08518198038904795100 0.10311254183434592768 0.00000000099999999997 0.19672603332855009839 0.00000000099999999997 0.00000000099999999997 0.00000000099999999997 
0.70578357643489031403 0.13255487122893480634 0.09191463557478943280 0.00000000099999999999 0.03935647599042073341 0.00818610082013695832 0.02220433795082775788 0.00000000099999999999 
0.70645958460903723886 0.05109752823778778569 0.00000000099999999997 0.00000000099999999997 0.00000000099999999997 0.14450950055208156009 0.09793338260109343829 0.00000000099999999997 
0.86953240419041477605 0.00000000099999999998 0.00000000099999999998 0.05490457249472307372 0.00000000099999999998 0.07556301831486213205 0.00000000099999999998 0.00000000099999999998 
0.74356010270180838972 0.05514384760146463782 0.00000000099999999997 0.00000000099999999997 0.00000000099999999997 0.14386396166315168488 0.00000000099999999997 0.05743208403357536601 
0.07919436349157780997 0.64885187907581587385 0.08950438373732479136 0.00000000099999999998 0.00332691125505544302 0.17912245944022617272 0.00000000099999999998 0.00000000099999999998 
0.00000000099999999994 0.00000000099999999994 0.99999999300000008695 0.00000000099999999994 0.00000000099999999994 0.00000000099999999994 0.00000000099999999994 0.00000000099999999994 
0.00000000099999999998 0.01967819897717685770 0.38944328690144003335 0.00000000099999999998 0.00000000099999999998 0.11997924846945896837 0.00000000099999999998 0.47089926165192425023 
0.00000000099999999994 0.00000000099999999994 0.99999999299999997593 0.00000000099999999994 0.00000000099999999994 0.00000000099999999994 0.00000000099999999994 0.00000000099999999994 
0.00174911661472027273 0.00116101524524153069 0.15973718725057031720 0.12210708895220587222 0.13825745709753367585 0.00000000100000000000 0.00000000100000000000 0.57698813283972827382 
0.00000000100000000000 0.27344869772562524490 0.00000000100000000000 0.00000000100000000000 0.00000000100000000000 0.00000000108306940128 0.00000000100000000000 0.72655129619130520702 
0.00000000239991966128 0.05623925139028164433 0.00652548029059091261 0.35214051016537123440 0.26291368650560464904 0.00023626034049054360 0.32194480790774127055 0.00000000100000000000 
0.00000000099999999998 0.00000000099999999998 0.51582984267581966087 0.00000000099999999998 0.13793711270760880550 0.00000000099999999998 0.00000000099999999998 0.34623303961657148076 
0.00000000100000000000 0.00000010344677593639 0.25215950827999089601 0.00000000100000000000 0.74784038327323310025 0.00000000100000000000 0.00000000100000000000 0.00000000100000000000 
0.00000000099999999999 0.00000000099999999999 0.49074499469564797360 0.00000000099999999999 0.00000000099999999999 0.14394216020747188645 0.00000000099999999999 0.36531284009688008707 
0.42620254506891336321 0.31193199845525959590 0.00000000099999999999 0.00000000099999999999 0.01677005595957500872 0.00000000099999999999 0.11788028945886219745 0.12721510805739005834 
0.00000000099999999990 0.00000000099999999990 0.00000000099999999990 0.00000000099999999990 0.00000000099999999990 0.00000000099999999990 0.00000000099999999990 0.99999999300000008695 
0.00000000099999999999 0.10912718285562753029 0.41377419359467010329 0.00000000099999999999 0.13295515691764595023 0.05160350258298124909 0.00000000099999999999 0.29253996104907514786 
0.00000000099999999994 0.00000000099999999994 0.99999999300000008695 0.00000000099999999994 0.00000000099999999994 0.00000000099999999994 0.00000000099999999994 0.00000000099999999994 
0.12170904792190674615 0.01191776219924538596 0.56766631604987838333 0.00000000099999999995 0.00000000099999999995 0.00000000099999999995 0.00000000099999999995 0.29870686982896954564 
0.00000000099999999989 0.00000000099999999989 0.99999999300000008695 0.00000000099999999989 0.00000000099999999989 0.00000000099999999989 0.00000000099999999989 0.00000000099999999989 
0.00000000099999999995 0.00000000099999999995 0.99999999299999997593 0.00000000099999999995 0.00000000099999999995 0.00000000099999999995 0.00000000099999999995 0.00000000099999999995 
0.00000000099999999986 0.00000000099999999986 0.99999999300000008695 0.00000000099999999986 0.00000000099999999986 0.00000000099999999986 0.00000000099999999986 0.00000000099999999986 
0.15144104561007870613 0.05136727938831484735 0.67849090258726607594 0.03067666089858264028 0.00027169942076389045 0.00593553719457817677 0.00000000100000000000 0.08181687390041558761 
0.00000000099999999994 0.00000000099999999994 0.99999999300000008695 0.00000000099999999994 0.00000000099999999994 0.00000000099999999994 0.00000000099999999994 0.00000000099999999994 
0.00000000099999999981 0.00000000099999999981 0.99999999300000008695 0.00000000099999999981 0.00000000099999999981 0.00000000099999999981 0.00000000099999999981 0.00000000099999999981 
0.00000000099999999999 0.00000000099999999999 0.92429672377117400028 0.00000000099999999999 0.00000000099999999999 0.07570327022882601675 0.00000000099999999999 0.00000000099999999999 
0.00000000099999999996 0.00000000099999999996 0.53442047573684736683 0.00000000099999999996 0.00000000099999999996 0.00000000099999999996 0.00000000099999999996 0.46557951826315263633 
0.00000000099999999995 0.00000000099999999995 0.77057594577679333625 0.00000000099999999995 0.00000000099999999995 0.00000000099999999995 0.00000000099999999995 0.22942404822320672242 
0.00000000099999999996 0.00000000099999999996 0.99999999300000008695 0.00000000099999999996 0.00000000099999999996 0.00000000099999999996 0.00000000099999999996 0.00000000099999999996 
0.14098588346987186992 0.00000000100000000000 0.65756823920491080937 0.03679483152750329805 0.00000000100000000000 0.02314695743096929770 0.00000030415171295921 0.14150378221503187581 
0.00000000099999999999 0.00000000099999999999 0.37854430625754442730 0.62145568774245574240 0.00000000099999999999 0.00000000099999999999 0.00000000099999999999 0.00000000099999999999 
0.00001571315847514305 0.00000000099999999999 0.00000000099999999999 0.98049102416310762731 0.01949325767841728410 0.00000000099999999999 0.00000000099999999999 0.00000000099999999999 
0.00000000099999999987 0.00000000099999999987 0.99999999299999997593 0.00000000099999999987 0.00000000099999999987 0.00000000099999999987 0.00000000099999999987 0.00000000099999999987 
0.00000000099999999996 0.00000000099999999996 0.84947261099464588252 0.00000000099999999996 0.04226531282228897235 0.10826207118306520327 0.00000000099999999996 0.00000000099999999996 
0.00000000099999999997 0.00000000099999999997 0.56933682386178796619 0.00000000099999999997 0.14827156087729856382 0.00000000099999999997 0.00000000099999999997 0.28239161026091358364 
0.00000000099999999994 0.00000000099999999994 0.32461165004829450886 0.00000000099999999994 0.00000000099999999994 0.00000000099999999994 0.00000000099999999994 0.67538834395170543878 
0.00000000099999999992 0.00000000099999999992 0.00000000099999999992 0.00000000099999999992 0.00000000099999999992 0.00000000099999999992 0.00000000099999999992 0.99999999299999997593 
0.00000000099999999996 0.00000000099999999996 0.00000000099999999996 0.08360837531246112508 0.00000000099999999996 0.00000000099999999996 0.00000000099999999996 0.91639161868753893359 
0.00000000099999999992 0.00000000099999999992 0.00000000099999999992 0.00000000099999999992 0.00000000099999999992 0.00000000099999999992 0.00000000099999999992 0.99999999299999997593 
0.00000000099999999994 0.00000000099999999994 0.00000000099999999994 0.00000000099999999994 0.00000000099999999994 0.00000000099999999994 0.00000000099999999994 0.99999999299999997593 
0.00000000099999999996 0.00000000099999999996 0.88964116177378893546 0.00000000099999999996 0.00000000099999999996 0.00000000099999999996 0.00000000099999999996 0.11035883222621117872 
0.00000000099999999999 0.00000086060484886147 0.08432160898000154448 0.00000000099999999999 0.34554734122764252380 0.08230427034101332751 0.34130688203000170144 0.14651903481649186656 
0.00000000099999999996 0.00000000099999999996 0.47314933587667939996 0.00000000099999999996 0.04165179774496018811 0.00000000099999999996 0.00000000099999999996 0.48519886137836037987 
0.00000000099999999998 0.00000000099999999998 0.00000000099999999998 0.00000000099999999998 0.10260662315759955243 0.06610241592334412108 0.00000000099999999998 0.83129095591905632912 
0.00000000099999999997 0.00000000099999999997 0.00000000099999999997 0.00000000099999999997 0.00000000099999999997 0.00000000099999999997 0.00000000099999999997 0.99999999300000008695 
0.00000000099999999998 0.00000000099999999998 0.17348307239460467044 0.00000000099999999998 0.26950124642108347350 0.33949011374105447780 0.10473828776716680167 0.11278727667609053653 
0.00000000099999999999 0.00000000099999999999 0.00000000099999999999 0.00000000099999999999 0.02630186348992806164 0.00000000099999999999 0.01725749028736874718 0.95644064122270333606 
0.00000000099999999998 0.00000000099999999998 0.00000000099999999998 0.00000000099999999998 0.31909498642262157375 0.00000000099999999998 0.68090500757737837390 0.00000000099999999998 
0.00000000099999999997 0.08561125777783575030 0.00000000099999999997 0.00000000099999999997 0.00000000099999999997 0.00000000099999999997 0.06789171309410822752 0.84649702412805605256 
0.00000000099999999994 0.00000000099999999994 0.00000000099999999994 0.00000000099999999994 0.00000000099999999994 0.00000000099999999994 0.00000000099999999994 0.99999999299999997593 
0.00000000099999999980 0.00000000099999999980 0.00000000099999999980 0.00000000099999999980 0.00000000099999999980 0.00000000099999999980 0.00000000099999999980 0.99999999300000008695 
0.00000000099999999986 0.00000000099999999986 0.00000000099999999986 0.00000000099999999986 0.00000000099999999986 0.00000000099999999986 0.00000000099999999986 0.99999999299999997593 
0.00000000099999999998 0.00000000099999999998 0.00000000099999999998 0.00000000099999999998 0.00000000099999999998 0.00000000099999999998 0.00000000099999999998 0.99999999299999997593 
0.13215414477136885885 0.00000000099999999998 0.60081678055784870640 0.00000000099999999998 0.00000000099999999998 0.00000000099999999998 0.00000000099999999998 0.26702906967078254841 
0.00000000099999999998 0.00000000099999999998 0.00000000099999999998 0.00000000099999999998 0.00000000099999999998 0.00000000099999999998 0.00000000099999999998 0.99999999300000008695 
0.00000000099999999989 0.00000000099999999989 0.00000000099999999989 0.00000000099999999989 0.00000000099999999989 0.00000000099999999989 0.00000000099999999989 0.99999999299999997593 
0.00000000099999999989 0.00000000099999999989 0.00000000099999999989 0.00000000099999999989 0.00000000099999999989 0.00000000099999999989 0.00000000099999999989 0.99999999300000008695 
0.00000000099999999992 0.00000000099999999992 0.00000000099999999992 0.00000000099999999992 0.00000000099999999992 0.00000000099999999992 0.00000000099999999992 0.99999999300000008695 
0.28783016915113918133 0.00000000100000000000 0.00000000100000000000 0.00000000100000000000 0.62917909247874270751 0.07940278918822862853 0.00000000100000000000 0.00358794518188932819 
0.37606215618923022337 0.00000000099999999999 0.00000000099999999999 0.00000000099999999999 0.62393783781076972428 0.00000000099999999999 0.00000000099999999999 0.00000000099999999999 
0.99999999300000008695 0.00000000099999999998 0.00000000099999999998 0.00000000099999999998 0.00000000099999999998 0.00000000099999999998 0.00000000099999999998 0.00000000099999999998 
0.00000000099999999997 0.00000000099999999997 0.40981726726665029803 0.00000000099999999997 0.00000000099999999997 0.00000000099999999997 0.00000000099999999997 0.59018272673334959411 
0.00000000099999999996 0.00000000099999999996 0.00000000099999999996 0.00000000099999999996 0.00000000099999999996 0.00000000099999999996 0.00000000099999999996 0.99999999300000008695 
0.00000000099999999999 0.68339841876254148190 0.00000000099999999999 0.00000000099999999999 0.00000000099999999999 0.00000000099999999999 0.00000000099999999999 0.31660157523745874331 
0.69952668709430843030 0.24512841431859222485 0.00000000099999999999 0.00000000099999999999 0.00000000099999999999 0.00000000099999999999 0.00987531194513764296 0.04546958264196174215 
0.61448976112594566601 0.00000000099999999999 0.00000000099999999999 0.00000000099999999999 0.00000000099999999999 0.00856970871523993205 0.00000033856695283332 0.37694018759186170842 
0.73023196671878309871 0.07830526201141366216 0.00000000100000000000 0.19141069620714562527 0.00000411348764116839 0.00004795857501646437 0.00000000100000000000 0.00000000100000000000 
0.00000000099999999993 0.00000000099999999993 0.22843934012397851263 0.00000000099999999993 0.00000000099999999993 0.00000000099999999993 0.00000000099999999993 0.77156065387602146277 
0.59459620192442996789 0.00000000100000000000 0.00000000100000000000 0.00000000100000000000 0.22963144592245060549 0.14140429163641465848 0.00010592339524169026 0.03426213412146317944 
0.00000000099999999990 0.00000000099999999990 0.00000000099999999990 0.00000000099999999990 0.00000000099999999990 0.99999999300000008695 0.00000000099999999990 0.00000000099999999990 
0.00000000099999999990 0.00000000099999999990 0.00000000099999999990 0.00000000099999999990 0.00000000099999999990 0.99999999300000008695 0.00000000099999999990 0.00000000099999999990 
0.00000000099999999979 0.00000000099999999979 0.00000000099999999979 0.00000000099999999979 0.00000000099999999979 0.99999999299999997593 0.00000000099999999979 0.00000000099999999979 
0.00000000099999999996 0.00000000099999999996 0.00000000099999999996 0.00000000099999999996 0.00000000099999999996 0.99999999299999997593 0.00000000099999999996 0.00000000099999999996 
0.00000000099999999972 0.00000000099999999972 0.00000000099999999972 0.00000000099999999972 0.00000000099999999972 0.99999999299999997593 0.00000000099999999972 0.00000000099999999972 
0.00000000099999999969 0.00000000099999999969 0.00000000099999999969 0.00000000099999999969 0.00000000099999999969 0.99999999300000008695 0.00000000099999999969 0.00000000099999999969 
0.00000000099999999988 0.00000000099999999988 0.00000000099999999988 0.00000000099999999988 0.00000000099999999988 0.99999999299999997593 0.00000000099999999988 0.00000000099999999988 
0.00000000099999999991 0.00000000099999999991 0.00000000099999999991 0.00000000099999999991 0.00000000099999999991 0.99999999299999997593 0.00000000099999999991 0.00000000099999999991 
0.76851509855413513428 0.01312292268220553899 0.06035157972768467882 0.07320559289396603997 0.00000000099999999999 0.07569918101329953242 0.00000000099999999999 0.00910562312870911127 
0.00000000099999999995 0.00000000099999999995 0.00000000099999999995 0.00000000099999999995 0.00000000099999999995 0.99999999300000008695 0.00000000099999999995 0.00000000099999999995 
0.50635905866165531464 0.22796755811629115795 0.02388601025956682555 0.00000000100000000000 0.00003800747488147919 0.15331440910256202703 0.08843495438504303530 0.00000000100000000000 
0.25338479091324483949 0.20008173402777051919 0.00000000099999999994 0.00000000099999999994 0.00000000099999999994 0.54653347005898456068 0.00000000099999999994 0.00000000099999999994 
0.00003524906345781743 0.00000000099999999999 0.00000000099999999999 0.29004126341461766714 0.00000000099999999999 0.00000000099999999999 0.00000000099999999999 0.70992348252192438718 
0.60771166544465893278 0.00000000099999999999 0.13629986625512083287 0.02888329874469588304 0.22709860792576924693 0.00000655862975506368 0.00000000099999999999 0.00000000099999999999 
0.77544347741995278689 0.11030577434121716096 0.11425074323883022132 0.00000000099999999996 0.00000000099999999996 0.00000000099999999996 0.00000000099999999996 0.00000000099999999996 
0.99999999300000019797 0.00000000099999999997 0.00000000099999999997 0.00000000099999999997 0.00000000099999999997 0.00000000099999999997 0.00000000099999999997 0.00000000099999999997 
0.00000000099999999995 0.00000000099999999995 0.00000000099999999995 0.00000000099999999995 0.00000000099999999995 0.99999999299999997593 0.00000000099999999995 0.00000000099999999995 
