0.99999999799999994554 0.00000000099999999995 0.00000000099999999995 
0.99999999799999994554 0.00000000099999999995 0.00000000099999999995 
0.82498512682958169417 0.05631329912783566982 0.11870157404258266376 
0.89039545002834485921 0.06881932179255938198 0.04078522817909570330 
0.95592366776281822993 0.00000000107228453743 0.04407633116489734909 
0.91250102579438552297 0.08749897320561440817 0.00000000100000000000 
0.94418395357967788151 0.05581604542032195942 0.00000000099999999998 
0.99999999800000005656 0.00000000099999999998 0.00000000099999999998 
0.97376286098656961165 0.02623713801343035765 0.00000000099999999999 
0.93563776892629524351 0.06365234655361230731 0.00070988452009237632 
0.99999999799999994554 0.00000000099999999999 0.00000000099999999999 
0.99349992397857977977 0.00000000099999999998 0.00650007502142026499 
0.99999999799999994554 0.00000000099999999998 0.00000000099999999998 
0.91186463082316371320 0.06966296963502957573 0.01847239954180671453 
0.95274843981275580962 0.04717198604169791504 0.00007957414554637120 
0.85567290324563072268 0.14432709575436913907 0.00000000099999999999 
0.99999999800000005656 0.00000000099999999997 0.00000000099999999997 
0.80055108920739159739 0.12650987514102635112 0.07293903565158199598 
0.99999999800000005656 0.00000000099999999996 0.00000000099999999996 
0.74709379386867813544 0.13235377887684993126 0.12055242725447191943 
0.93137692812822847621 0.02179953087801320827 0.04682354099375823225 
0.94619851007654687258 0.00000000099999999998 0.05380148892345312100 
0.99999567875684580720 0.00000000099999999998 0.00000432024315417191 
0.99818200859479555564 0.00181799040520427553 0.00000000099999999998 
0.97916829712309938483 0.00000000099999999998 0.02083170187690072672 
0.87077511943279595208 0.12922487956720402069 0.00000000099999999999 
0.96235084923153924041 0.03764914976846082256 0.00000000099999999998 
0.79435839325806467670 0.11441039280448751791 0.09123121393744772212 
0.90773056458064982355 0.09226943441935016310 0.00000000099999999999 
0.91344932739800199784 0.08141984735666819850 0.00513082524532977331 
0.67248200459317775124 0.32751799440682205500 0.00000000099999999999 
0.80096884592441253137 0.09465080512400693424 0.10438034895158052051 
0.85027503396700232496 0.03551504869432742933 0.11420991733867032203 
0.90804902263717113264 0.09195097636282889564 0.00000000100000000000 
0.94450148694939206617 0.05549851205060780945 0.00000000099999999998 
0.99999999799999994554 0.00000000099999999995 0.00000000099999999995 
0.99999999800000005656 0.00000000099999999996 0.00000000099999999996 
0.83183005898005035750 0.09971125404680225568 0.06845868697314724804 
0.84856384622626657155 0.11992746123296803284 0.03150869254076539561 
0.89883171939938588668 0.07356034539611489009 0.02760793520449937935 
0.92723647422764743364 0.03408327702768172707 0.03868024874467097113 
0.99999999799999994554 0.00000000099999999998 0.00000000099999999998 
0.99999999799999994554 0.00000000099999999997 0.00000000099999999997 
0.78380394143393417039 0.17970875272466851902 0.03648730584139723426 
0.00000000099999999985 0.99999999799999994554 0.00000000099999999985 
0.99999996257928480681 0.00000003642071516052 0.00000000100000000000 
0.00000000099999999984 0.99999999799999994554 0.00000000099999999984 
0.00000000099999999986 0.99999999800000005656 0.00000000099999999986 
0.43866897284956968273 0.43976216541945950533 0.12156886173097082582 
0.00000000099999999984 0.99999999800000005656 0.00000000099999999984 
0.59199282755030935288 0.23858874125653900533 0.16941843119315153077 
0.37491684455364832074 0.21543512659368821427 0.40964802885266343724 
0.10599331790363783479 0.28052086336227755048 0.61348581873408469800 
0.63426614144896853453 0.30010021929867580770 0.06563363925235565777 
0.34906007837548508332 0.40945072729774673048 0.24148919432676821395 
0.18683131763549684634 0.81316868136450304316 0.00000000099999999998 
0.00000000099999999999 0.99999999800000005656 0.00000000099999999999 
0.00003436198010512799 0.33638180423323305046 0.66358383378666185859 
0.27992422894879703810 0.06840158182522995678 0.65167418922597308839 
0.70658290996783967852 0.15959648360587944116 0.13382060642628093583 
0.63711211094875119798 0.28068932248310124455 0.08219856656814762685 
0.45526986177512751564 0.37493615718207690124 0.16979398104279555537 
0.00000000099999999988 0.00000000099999999988 0.99999999799999994554 
0.00000000099999999988 0.00000000099999999988 0.99999999799999994554 
0.00000000099999999986 0.00000000099999999986 0.99999999799999994554 
0.00000000099999999987 0.00000000099999999987 0.99999999799999994554 
0.00000000099999999985 0.00000000099999999985 0.99999999799999994554 
0.58224737574096818715 0.13664116714765625615 0.28111145711137552894 
0.03892200312770429521 0.22407930514776883135 0.73699869172452692201 
0.69702007604082683034 0.17336487108330680962 0.12961505287586636004 
0.00000000100000000000 0.21172014898565269525 0.78827985001434730528 
0.00000000099999999988 0.00000000099999999988 0.99999999799999994554 
0.83823858173899301605 0.07961651187459180268 0.08214490638641520903 
0.72761465813912595824 0.23076653735843111193 0.04161880450244292290 
0.57959556859296124109 0.30642820046948948676 0.11397623093754934154 
0.58685443694274774806 0.30648185887633361268 0.10666370418091881966 
0.40046644445767859422 0.50308298846349397415 0.09645056707882745939 
0.78682841548260062936 0.16838874462189512560 0.04478283989550421035 
0.99776288718472638806 0.00219828809898555159 0.00003882471628807535 
0.84912376431446368041 0.13698890786415710008 0.01388732782137929063 
0.89266601705241066522 0.10733398194758929367 0.00000000100000000000 
0.24329368610822735275 0.59502798387385447132 0.16167833001791817593 
0.48521098292480313585 0.36519480213397176316 0.14959421494122515650 
