0.24286159334229892592 0.12447309117699383030 0.63266531548070725766 
0.24382123524496962519 0.08420709024716277469 0.67197167450786754461 
0.16678250137689346055 0.07711843888004119019 0.75609905974306546028 
0.10133375143590155065 0.09648375977456884189 0.80218248878952957970 
0.18229783490654921652 0.07091823479460723778 0.74678393029884360121 
0.27362913041530939617 0.00000000100000000000 0.72637086858469068762 
0.10994745264668244478 0.18735793356065963411 0.70269461379265785173 
0.14692197763623732198 0.12629396304209597468 0.72678405932166667558 
0.23789139406373052688 0.08402303037030585398 0.67808557556596360527 
0.10366066810338253612 0.03021989160575293612 0.86611944029086462837 
0.00141378034528978581 0.10000695168592821371 0.89857926796878195841 
0.15321270166036821125 0.09841683240446325032 0.74837046593516853843 
0.13252086921841985112 0.00000000100000000000 0.86747912978158003838 
0.13591950598204427525 0.32985691243355896862 0.53422358158439686715 
0.20661062503171176430 0.09544326026010074848 0.69794611470818745946 
0.23683073213730915230 0.07107131260764909531 0.69209795525504180791 
0.07258616100755180267 0.24562595411642879073 0.68178788487601937884 
0.06935124295493523550 0.13154787362138459228 0.79910088342368013059 
0.22226735561624369475 0.19879676458386563720 0.57893587979989069581 
0.19640376695657021933 0.06331479923439629898 0.74028143380903355109 
0.35938970849559598308 0.01720754802746007547 0.62340274347694402124 
0.21988770934936863188 0.00051589661626095585 0.77959639403437042127 
0.20371973462254794329 0.21900676773014096654 0.57727349764731117343 
0.04729455596177757626 0.09545504124225734355 0.85725040279596520509 
0.18188580806789308997 0.12115999213474097640 0.69695419979736594751 
0.11113619361219730097 0.24565772346472400378 0.64320608292307879239 
0.00000002570300926637 0.19748282427644825443 0.80251715002054246906 
0.19137596841265780423 0.06775114835291229376 0.74087288323442990201 
0.20359937554595833320 0.14290687065448737236 0.65349375379955432219 
0.18352253997545917019 0.00000000100000000000 0.81647745902454071931 
0.12438560082474926782 0.04883273911778252679 0.82678166005746822620 
0.11933539990771127592 0.11687336354578919950 0.76379123654649949682 
0.17147118953714243772 0.09111691357242485134 0.73741189689043273869 
0.08711183241933348476 0.18970046415506205961 0.72318770342560434461 
0.06677865261496888916 0.14298693599282455424 0.79023441139220651497 
0.09245549439654246471 0.23477279337939574444 0.67277171222406173534 
0.12867998002994820994 0.18533927129995295124 0.68598074867009872779 
0.00000000099999999999 0.12700972080260453101 0.87299027819739538625 
0.11094360851809088875 0.11924687899716197859 0.76980951248474716042 
0.05971415690772252649 0.22502095498155447184 0.71526488811072297391 
0.23308032426436228746 0.10170676165761129150 0.66521291407802640716 
0.14271907419817722595 0.03828827323284510892 0.81899265256897768595 
0.12789007366509827501 0.18076265745921757389 0.69134726887568420661 
0.08386466512847544352 0.06604439145014859291 0.85009094342137603295 
0.00000000099999999998 0.00000000099999999998 0.99999999800000005656 
0.00000298593939383383 0.18104837951790711537 0.81894863454269906100 
0.00000000099999999998 0.00000000099999999998 0.99999999800000005656 
0.00000000099999999998 0.00000000099999999998 0.99999999799999994554 
0.12338864564414089853 0.14999100250604355256 0.72662035184981565994 
0.00000000099999999998 0.00000000099999999998 0.99999999799999994554 
0.10704928992156786949 0.04533778500909723536 0.84761292506933505475 
0.06863512079637477947 0.14497383491787069199 0.78639104428575445915 
0.00000000099999999999 0.00000000099999999999 0.99999999800000005656 
0.03216115169752131048 0.13577078450217611172 0.83206806380030251535 
0.04939231914278288671 0.15202248545420052328 0.79858519540301664552 
0.39159556135937445553 0.07076637921493093841 0.53763805942569464769 
0.00000000099999999998 0.00000000099999999998 0.99999999800000005656 
0.00000000099999999997 0.00000000099999999997 0.99999999799999994554 
0.00000000099999999998 0.00000000099999999998 0.99999999800000005656 
0.00000000099999999999 0.00000000099999999999 0.99999999799999994554 
0.00000000100000000000 0.14692862300419778920 0.85307137599580218357 
0.00010651286144211844 0.06898279258004988423 0.93091069455850805614 
0.00000000099999999995 0.00000000099999999995 0.99999999800000005656 
0.00000000099999999995 0.00000000099999999995 0.99999999799999994554 
0.00000000099999999995 0.00000000099999999995 0.99999999799999994554 
0.00000000099999999995 0.00000000099999999995 0.99999999800000005656 
0.00000000099999999994 0.00000000099999999994 0.99999999799999994554 
0.00000141199633652233 0.17048371506962622934 0.82951487293403725065 
0.00000000099999999997 0.00000000099999999997 0.99999999800000005656 
0.00000000099999999999 0.00000000099999999999 0.99999999799999994554 
0.00000000099999999997 0.00000000099999999997 0.99999999799999994554 
0.00000000099999999996 0.00000000099999999996 0.99999999800000005656 
0.00000000099999999999 0.07917049355771767216 0.92082950544228237000 
0.00000000100000000000 0.00000000100000000000 0.99999999800000005656 
0.00000000099999999998 0.00000000099999999998 0.99999999799999994554 
0.00000000099999999998 0.00000000099999999998 0.99999999799999994554 
0.00000000099999999997 0.00000000099999999997 0.99999999799999994554 
0.00000000100000000000 0.12252004121703051476 0.87747995778296938862 
0.09129848312745493522 0.81514848411868368050 0.09355303275386138429 
0.66061587306256364105 0.28743496500722054421 0.05194916193021587719 
0.66913743230763045311 0.33083287172741593363 0.00002969596495358464 
0.00000000099999999999 0.00000000099999999999 0.99999999800000005656 
0.00362545390945248841 0.00000000100000000000 0.99637454509054745877 
0.99999999800000005656 0.00000000099999999999 0.00000000099999999999 
0.99999999799999994554 0.00000000099999999999 0.00000000099999999999 
0.84193475493909331053 0.00284788840052049635 0.15521735666038610768 
0.74838142785565708870 0.18313088823616263667 0.06848768390818016361 
0.93028664349221479313 0.06971335550778527679 0.00000000099999999999 
0.83999189376752736447 0.15909574038396284701 0.00091236584850976196 
0.97618197986881083406 0.00000000100000000000 0.02381801913118928443 
0.99808913239912222526 0.00000000100000000000 0.00191086660087788672 
0.79596220977704501554 0.15475296614444825072 0.04928482407850683089 
0.71337958665235312594 0.12706166128979018426 0.15955875205785666204 
0.76754562059798414619 0.06688027351743666693 0.16557410588457924239 
0.99999999800000005656 0.00000000099999999999 0.00000000099999999999 
0.96738378929287638375 0.03261620970712362372 0.00000000100000000000 
0.90217038723318720983 0.09782961176681262416 0.00000000099999999999 
0.94174819005694099250 0.04161279146258139300 0.01663901848047753471 
0.99999999799999994554 0.00000000099999999999 0.00000000099999999999 
0.83005564554942268263 0.08931524299315404813 0.08062911145742333863 
0.79178604793866202982 0.11736420411570863687 0.09084974794562930556 
0.65833425350566876499 0.23684897232127519184 0.10481677417305604316 
0.58198143767366683488 0.29464538014295110768 0.12337318218338204356 
0.78988185212842954019 0.18038198448893885684 0.02973616338263163766 
0.88739452543105223903 0.11260547356894765048 0.00000000100000000000 
0.88166663520095645001 0.11833336379904356439 0.00000000100000000000 
0.99999999799999994554 0.00000000099999999998 0.00000000099999999998 
0.99999999800000005656 0.00000000099999999997 0.00000000099999999997 
0.80281508983716054484 0.06809367436501662096 0.12909123579782283420 
0.99999999799999994554 0.00000000099999999997 0.00000000099999999997 
0.89975590922303627650 0.07752107865142696119 0.02272301212553680394 
0.99999999799999994554 0.00000000099999999996 0.00000000099999999996 
0.00042691007804522151 0.20871411459013716749 0.79085897533181759300 
0.56808206624656376604 0.21884810180128869139 0.21306983195214751481 
0.77430339036777917627 0.22569660863222082425 0.00000000100000000000 
0.87185989106090733269 0.00421655703804453812 0.12392355190104813178 
0.81155889994596741577 0.14440208692427120019 0.04403901312976141180 
0.83354507846341974187 0.07159050445268116958 0.09486441708389913019 
0.83681906188559063153 0.12732048951393010183 0.03586044860047924582 
0.90787899255285697819 0.08718683323485464098 0.00493417421228833312 
0.81469736091941691303 0.06595104216102307126 0.11935159691956008510 
0.88438237506071148974 0.11548429297986299857 0.00013333195942544961 
0.14777706593591261042 0.10884565177769327249 0.74337728228639421424 
0.00000634320763977457 0.21063685421568839606 0.78935680257667173443 
0.84277099540405764344 0.14052410700436382407 0.01670489759157862616 
0.00000000099999999998 0.00000000099999999998 0.99999999800000005656 
0.82596372703301135232 0.17403627196698859270 0.00000000100000000000 
0.78603878362805557067 0.21396121537194445761 0.00000000099999999999 
0.99999999799999994554 0.00000000099999999999 0.00000000099999999999 
0.61571707814867648878 0.23905223378295384351 0.14523068806836977873 
0.89352900249515887499 0.10647099650484101452 0.00000000099999999999 
0.88761995693887940639 0.11238004206112058025 0.00000000099999999999 
0.99999999799999994554 0.00000000099999999997 0.00000000099999999997 
0.99999999800000005656 0.00000000099999999997 0.00000000099999999997 
0.99999999799999994554 0.00000000099999999997 0.00000000099999999997 
0.80601110520828733730 0.19398889379171266323 0.00000000100000000000 
0.85571603184358924210 0.14428396715641056414 0.00000000099999999999 
0.81858063734773767184 0.16126893489901789058 0.02015042775324449656 
0.82758894679431704855 0.17241105220568295198 0.00000000099999999999 
0.98450781302411494167 0.01549218597588486804 0.00000000100000000000 
0.99999999800000005656 0.00000000099999999999 0.00000000099999999999 
0.73242844790330885463 0.10283414597292497850 0.16473740612376619463 
0.91384487168175787541 0.08615512731824194470 0.00000000100000000000 
0.84347019901857078761 0.15652979998142926843 0.00000000099999999999 
0.69572571687529149997 0.26085076242141796987 0.04342352070329048158 
0.73149317935400759438 0.26850681964599243390 0.00000000100000000000 
0.59548245541681443793 0.27782048632015726719 0.12669705826302826712 
0.60070576167327949246 0.23621066867062204264 0.16308356965609843714 
0.59108175334720414185 0.24858928256638637699 0.16032896408640953667 
0.93245260317784095516 0.06754739582215898985 0.00000000100000000000 
0.88129975318160136410 0.11870024581839863642 0.00000000100000000000 
0.82530739284711074344 0.17469260615288917382 0.00000000099999999999 
0.77945617915726117531 0.16422045596654560873 0.05632336487619314658 
0.73928822402226979094 0.23525440921281426387 0.02545736676491591050 
0.66700650559440344267 0.17510760187970600410 0.15788589252589055323 
0.78222378743387399602 0.21777621156612603226 0.00000000099999999999 
0.64413954720229371631 0.31264044164776461088 0.04322001114994174220 
0.83874927982799107884 0.11472529109139346926 0.04652542908061529925 
0.66612733219482478386 0.24744767550487456464 0.08642499230030054047 
0.67324256902564938443 0.21101463077621065989 0.11574280019814002507 
0.85360382967253500830 0.14639616932746493672 0.00000000099999999999 
0.70641009573420887602 0.18426555370805478007 0.10932435055773641330 
0.65637997735836295377 0.15644388025121030994 0.18717614239042673629 
0.81848771195613378993 0.10394600146366939075 0.07756628658019680544 
0.67613530903029150920 0.13727403315656802607 0.18659065781314040922 
0.87712220633901805122 0.12287779266098196318 0.00000000100000000000 
0.93179888511554742614 0.00000000100000000000 0.06820111388445250500 
0.87184706724375982123 0.09510233719942190467 0.03305059555681828104 
0.85592540837032060619 0.14407459062967939434 0.00000000099999999999 
0.85118845331284709310 0.13310695223818011512 0.01570459444897268075 
0.00000214827245933491 0.99999785072754054926 0.00000000099999999999 
0.16663684726257768642 0.83336315173742225859 0.00000000100000000000 
0.00036790894818394929 0.99963209005181608013 0.00000000099999999999 
0.00140327513512005842 0.99859672386487996487 0.00000000099999999999 
0.00003208783424827709 0.82320379064465476482 0.17676412152109696740 
0.26877940044747988813 0.73122059855252008465 0.00000000100000000000 
0.18979776903013279021 0.05378876230785330226 0.75641346866201397692 
0.00000000100000000000 0.87239917334208005872 0.12760082565791994180 
0.26893122958249587873 0.62269904160434963458 0.10836972881315441730 
0.14558386175827542353 0.84028198189378588978 0.01413415634793875435 
0.71993764089881739920 0.17844318008557250033 0.10161917901561014210 
0.00000000099999999999 0.99999999799999994554 0.00000000099999999999 
0.18516509108677772777 0.70599087128014215153 0.10884403763308020396 
0.00000000099999999999 0.99999999800000005656 0.00000000099999999999 
0.17098913166100893068 0.82901086733899087555 0.00000000099999999999 
0.00000000099999999999 0.99999999800000005656 0.00000000099999999999 
0.00000000099999999999 0.99999999800000005656 0.00000000099999999999 
0.26024460051024450591 0.73975539848975546686 0.00000000099999999999 
0.24468431800229109574 0.72319428098186833154 0.03212140101584062130 
0.00000000099999999999 0.99999999800000005656 0.00000000099999999999 
0.00000000099999999996 0.99999999799999994554 0.00000000099999999996 
0.00000000099999999996 0.99999999800000005656 0.00000000099999999996 
0.00000000099999999995 0.99999999800000005656 0.00000000099999999995 
0.00000000099999999999 0.99999999799999994554 0.00000000099999999999 
0.00003801745035739432 0.99996198154964255345 0.00000000100000000000 
0.00932017409488269249 0.99067982490511730109 0.00000000099999999999 
0.03746244210465062008 0.96253755689534936657 0.00000000100000000000 
0.09122642861105681455 0.85667986302666965237 0.05209370836227346369 
0.17942169346816475017 0.79914739888040597915 0.02143090765142925333 
0.05183735333563951886 0.37219759678790154123 0.57596504987645902318 
0.05117023321976263417 0.08632020477562590832 0.86250956200461148526 
0.00000000099999999998 0.99999999799999994554 0.00000000099999999998 
0.01817876442385750468 0.98182123457614256523 0.00000000100000000000 
0.00000000100000000000 0.80389489804213476454 0.19610510095786526374 
0.00000000099999999998 0.99999999799999994554 0.00000000099999999998 
0.00000000099999999998 0.99999999799999994554 0.00000000099999999998 
0.00000000100000000000 0.88306243020448738079 0.11693756879551250871 
0.00000000099999999999 0.99999999800000005656 0.00000000099999999999 
0.00000000099999999999 0.99999999799999994554 0.00000000099999999999 
0.00000000099999999999 0.99999999800000005656 0.00000000099999999999 
0.14965144533812821392 0.29660046205979145872 0.55374809260208035511 
0.00000000099999999999 0.99999999799999994554 0.00000000099999999999 
0.00000000100000000000 0.83118195128450778064 0.16881804771549221988 
0.00000000100000000000 0.99999999800000005656 0.00000000100000000000 
0.34587057728390308009 0.31235930245983473119 0.34177012025626213321 
0.00003360490814241570 0.99995709371430918644 0.00000930137754841703 
0.00002664652532090378 0.07656032950495947342 0.92341302396971969291 
0.02634758355536234026 0.87531769327071828890 0.09833472317391935003 
0.00000000099999999999 0.99999999800000005656 0.00000000099999999999 
0.00000000099999999996 0.99999999800000005656 0.00000000099999999996 
0.00000000099999999998 0.99999999800000005656 0.00000000099999999998 
0.00000000100000000000 0.99999999800000005656 0.00000000100000000000 
0.00000000099999999999 0.99999999799999994554 0.00000000099999999999 
0.00000000099999999999 0.99999999800000005656 0.00000000099999999999 
0.00000000100000000000 0.99999999800000005656 0.00000000100000000000 
0.00000000099999999999 0.99999999800000005656 0.00000000099999999999 
0.00000000099999999998 0.99999999799999994554 0.00000000099999999998 
0.00000000099999999998 0.99999999799999994554 0.00000000099999999998 
0.00000000099999999997 0.99999999799999994554 0.00000000099999999997 
0.31918340546036166883 0.07729972925458998556 0.60351686528504844276 
0.56587215426955927988 0.00000187113167748962 0.43412597459876317574 
0.97819776934421931447 0.00000000100000000000 0.02180222965578082830 
0.00000000099999999999 0.99999999799999994554 0.00000000099999999999 
0.00000000099999999999 0.99999999800000005656 0.00000000099999999999 
0.56699709331724035266 0.43024461795053442481 0.00275828873222515140 
0.85176703907247441894 0.14050342835058809987 0.00772953257693744043 
0.57857711404630718377 0.42142288495369284451 0.00000000100000000000 
0.74199807957377439394 0.08301671561747157868 0.17498520480875401351 
0.00000000099999999997 0.99999999800000005656 0.00000000099999999997 
0.70131790254485848468 0.05432944562255460214 0.24435265183258700339 
0.88904766147182512359 0.11095233752817483530 0.00000000100000000000 
0.86284043491233819445 0.13715956408766186159 0.00000000100000000000 
0.91393148320115147332 0.08606851579884844394 0.00000000100000000000 
0.99990775231990680627 0.00000000100000000000 0.00009224668009334671 
0.99998175525499166660 0.00001824374500820296 0.00000000100000000000 
0.94004760120212116359 0.01125567738560135679 0.04869672141227744666 
0.65810855527145117883 0.10688664008761876445 0.23500480464093004285 
0.68315857144031311154 0.02031911675524114211 0.29652231180444582614 
0.73401076678131849107 0.23623213950032556641 0.02975709371835599110 
0.99048442697612837371 0.00951557202387173263 0.00000000100000000000 
0.81148992214321835625 0.10470883029764474492 0.08380124755913688495 
0.90658551239228535312 0.09341448660771455026 0.00000000099999999999 
0.35211508482563508293 0.64181843535299087922 0.00606647982137407515 
0.50997838560218877735 0.27791883579733411835 0.21210277860047710430 
0.86885131077620936235 0.13114868822379047164 0.00000000099999999999 
0.98651109863254182741 0.01348890036745817485 0.00000000100000000000 
0.79778844136820770139 0.20221155763179235465 0.00000000100000000000 
0.65937124060951890492 0.29090346165787395183 0.04972529773260708774 
0.69273389900883719505 0.25033848660681612408 0.05692761438434663923 
0.92337745496656165045 0.07662254403343828069 0.00000000100000000000 
0.86212695534381378337 0.13787304365618602287 0.00000000100000000000 
0.47436485573510261959 0.16410877397896997398 0.36152637028592743418 
0.16109223419113874454 0.07362778493527186163 0.76527998087358939383 
0.11557595883422061567 0.40007984134142515753 0.48434419982435422680 
0.61036578671604035939 0.36269929875575401823 0.02693491452820555646 
0.40439315211294296626 0.11612428138056381244 0.47948256650649334620 
0.65456089773054038083 0.21046260226029633866 0.13497650000916322499 
0.70283512333192166288 0.20539511856490030861 0.09176975810317804239 
0.65575735937916401763 0.28580907107628977792 0.05843356954454619751 
0.15984558954043950885 0.29443604765046532679 0.54571836280909513661 
0.87988328787910574658 0.06334013947654099086 0.05677657264435320011 
0.02728407753866347180 0.07015769683331811446 0.90255822562801835129 
0.00000000100000000000 0.08812630176435498619 0.91187369723564493107 
0.00000000099999999999 0.03269915975678257258 0.96730083924321741407 
0.77256618870959892220 0.16642241753568481899 0.06101139375471619636 
0.92635201683091095148 0.00000000100000000000 0.07364798216908907680 
0.64836881500069987183 0.19823017398247225196 0.15340101101682782070 
0.90518714953856682648 0.08471608970357186186 0.01009676075786131860 
0.88146829242302604523 0.05489815017169957789 0.06363355740527434912 
0.66997702652431923021 0.23817629328952150125 0.09184668018615931018 
0.90095050686356525915 0.00000000100000000000 0.09904949213643479689 
0.72282199326497831304 0.21061427319522607604 0.06656373353979556928 
0.59208330491424865372 0.32475696694922623342 0.08315972813652511286 
0.99999999799999994554 0.00000000099999999999 0.00000000099999999999 
0.99999999799999994554 0.00000000099999999999 0.00000000099999999999 
0.99999999799999994554 0.00000000099999999999 0.00000000099999999999 
0.76811292932047148252 0.15177115450147640741 0.08011591617805209620 
0.78309793442206432346 0.17820212855469336199 0.03869993702324234924 
0.68927587244915911047 0.22587272373529224123 0.08485140381554868994 
0.34461629885419786667 0.31770743415456731418 0.33767626699123487466 
0.74149470517345517084 0.02199501452949265481 0.23651028029705217781 
0.78511704286074102122 0.03615672675470163466 0.17872623038455742739 
0.99999999800000005656 0.00000000099999999999 0.00000000099999999999 
0.87596571590955052411 0.09150700245510093311 0.03252728163534863298 
