0.54966015007449675611 0.00000000099999999996 0.00000000099999999996 0.00000000099999999996 0.45033984592550319048 0.00000000099999999996 
0.53509231746529861695 0.00000000099999999996 0.00000000099999999996 0.00000000099999999996 0.46490767853470132964 0.00000000099999999996 
0.65460436135856647777 0.00000000100000000000 0.00000002137270833594 0.01553457803066654944 0.22659848438039739693 0.10326255385766121286 
0.73629019543800644509 0.00000000099999999998 0.00000000099999999998 0.00000000099999999998 0.24322956406711720989 0.02048023749487651313 
0.69060501250008932139 0.00000000099999999999 0.00000000099999999999 0.00000000099999999999 0.26554026545625392108 0.04385471904365693951 
0.61901275272216726986 0.00000000099999999996 0.00000000099999999996 0.00000000099999999996 0.38098724327783273225 0.00000000099999999996 
0.73966103937228544485 0.00000000099999999999 0.00000000099999999999 0.05557256661591337271 0.20476639101180130198 0.00000000099999999999 
0.66934299229431915013 0.00000000099999999997 0.00000000099999999997 0.00000000099999999997 0.33065700370568101851 0.00000000099999999997 
0.67697226769661011936 0.00000000099999999999 0.13128040740092170036 0.00000000099999999999 0.19174732190246820962 0.00000000099999999999 
0.81223952329479431889 0.00326815204563147546 0.00000000100000000000 0.00000000100000000000 0.14693865406837372523 0.03755366859120059381 
0.92156938241474717355 0.04409159430451167067 0.00000000100000000000 0.00000000100000000000 0.00000000100000000000 0.03433902028074117818 
0.67874275096306757593 0.00000000099999999999 0.00000000099999999999 0.00000000099999999999 0.27248584954253457502 0.04877139649439785757 
0.82780750554407434016 0.15876118844683198561 0.00000000099999999996 0.00000000099999999996 0.00000000099999999996 0.01343130300909368795 
0.52006307959334330260 0.07553186371813130906 0.00000000100000000000 0.17655585598104822642 0.21272518441577650816 0.01512401529170063347 
0.69202161786159244183 0.00000015239812082197 0.05090097647399749459 0.03405393026956101549 0.22302332199672819657 0.00000000100000000000 
0.70261262575568839139 0.08024172916813814005 0.00000000099999999999 0.00000000099999999999 0.21104889194725126589 0.00609675112892226791 
0.67434732724921342406 0.00000000099999999998 0.00000000099999999998 0.10416092202034434033 0.22149174773044216780 0.00000000099999999998 
0.70982138554322715684 0.00000000099999999999 0.00000000099999999999 0.00000913759506639458 0.20333614028690530362 0.08683333457480116313 
0.60122090378753734186 0.10086908630185302538 0.00000000099999999999 0.07803556548786109992 0.21987444242274856165 0.00000000099999999999 
0.65775440184291256163 0.01524923804886370651 0.06228327724644084490 0.00274901558997347724 0.15682913796277100915 0.10513492930903838019 
0.52352371659270857673 0.08187695132349566418 0.00000000099999999999 0.00000000099999999999 0.35995774991340628857 0.03464158017038947157 
0.65869420316294691187 0.00000000099999999999 0.00000000099999999999 0.00000000099999999999 0.29000904868103133394 0.05129674515602189455 
0.44046704081906962180 0.00000000099999999998 0.00000000099999999998 0.10114111420590345125 0.41342933805014969728 0.04496250492487696704 
0.81211627408831932318 0.00000000099999999997 0.00000000099999999997 0.00000000099999999997 0.18788372191168078995 0.00000000099999999997 
0.64418941827853426485 0.00000000099999999999 0.00000000099999999999 0.00000000099999999999 0.32102485504005784378 0.03478572368140801785 
0.63535106277633290883 0.02246043708529774086 0.00000000099999999999 0.11721484113617593181 0.21288738190200498512 0.01208627610018825523 
0.83280088925935769062 0.00000000099999999998 0.00000000099999999998 0.02287914948943820664 0.14431995825120402799 0.00000000099999999998 
0.67077275280336012830 0.00141644743958510306 0.00000000100000000000 0.00000000100000000000 0.24938757840023026424 0.07842321935682471101 
0.64119730490726467576 0.02655021315704993515 0.00000000100000000000 0.06723926053977971606 0.23922936375850917257 0.02578385663739641773 
0.71059590670621708419 0.02441514351517981921 0.00000000099999999999 0.00000000099999999999 0.19018294205021257781 0.07480600572839067597 
0.86107256695605838281 0.05882188885319818844 0.00000000100000000000 0.00000000100000000000 0.07885834706891016455 0.00124719512183334440 
0.66876159529959300354 0.03027360314997611448 0.00000000100000000000 0.05901883148145157382 0.13918547565038802416 0.10276049341859128106 
0.55716344799147510258 0.00000000099999999999 0.00000000099999999999 0.00000000099999999999 0.33160711065850512203 0.11122943835001997126 
0.75585401727877010725 0.00000000099999999999 0.10858938159160569370 0.05595968670968042707 0.07959691241994376609 0.00000000099999999999 
0.69137205113974431470 0.00000000099999999997 0.00000000099999999997 0.00000000099999999997 0.30862794486025579843 0.00000000099999999997 
0.62578373125290875922 0.00000000099999999997 0.00000000099999999997 0.03803400737968574974 0.33618225836740556201 0.00000000099999999997 
0.63338321276190945319 0.00000000099999999997 0.00000000099999999997 0.00000000099999999997 0.36661678323809049340 0.00000000099999999997 
0.81088641377713743807 0.00000000099999999999 0.00000000099999999999 0.05716318178111254311 0.04998414903735622083 0.08196625340439384066 
0.66182267556404528186 0.00000000099999999998 0.00000000099999999998 0.00000000099999999998 0.29201829711818516611 0.04615902431776951892 
0.73954844918118223251 0.01518156717366483943 0.02104881799398423958 0.12308363226887440722 0.08941578392376456352 0.01172174945852967956 
0.57716966279694670305 0.00000000099999999999 0.00000000099999999999 0.00000000099999999999 0.38200851097750654350 0.04082182322554673420 
0.76639398384151613541 0.00000000099999999997 0.00000000099999999997 0.00000000099999999997 0.23360601215848389445 0.00000000099999999997 
0.66611553158392722285 0.00000000099999999998 0.00000000099999999998 0.00000000099999999998 0.33388446441607277926 0.00000000099999999998 
0.85833517464125330676 0.00000000099999999999 0.06554384640184775235 0.00000000099999999999 0.05515312728308207485 0.02096784967381684628 
0.99999999500000014141 0.00000000099999999993 0.00000000099999999993 0.00000000099999999993 0.00000000099999999993 0.00000000099999999993 
0.86497491884560417930 0.00000000100000000000 0.00000000100000000000 0.00342159993277542417 0.13160347822162035691 0.00000000100000000000 
0.99999999500000003039 0.00000000099999999991 0.00000000099999999991 0.00000000099999999991 0.00000000099999999991 0.00000000099999999991 
0.99999999500000014141 0.00000000099999999992 0.00000000099999999992 0.00000000099999999992 0.00000000099999999992 0.00000000099999999992 
0.65510329311304138500 0.00000000100000000000 0.18313359739216891753 0.07595984043433967603 0.00000002538644928787 0.08580324267400071814 
0.99999999500000003039 0.00000000099999999991 0.00000000099999999991 0.00000000099999999991 0.00000000099999999991 0.00000000099999999991 
0.68831143589679910644 0.00761698386879526828 0.00018741135515731137 0.00000000100000000000 0.12167484128420888445 0.18220932659503971673 
0.43585718509629078898 0.05786517473687495527 0.01385385721866602346 0.10633827767243068940 0.05459019144519573069 0.33149531383054181566 
0.46590300323623456968 0.00000000099999999999 0.00000000099999999999 0.00000000099999999999 0.00000000099999999999 0.53409699276376543242 
0.83968892045164300608 0.06338116897945737793 0.01559341081317566075 0.01621831451784234296 0.00000000100000000000 0.06511818423788169607 
0.55957822754615049732 0.05083253601844182207 0.08905866900170894551 0.05695870116920893900 0.00000000100000000000 0.24357186526448987296 
0.58295400542509090425 0.41704599057490926439 0.00000000099999999997 0.00000000099999999997 0.00000000099999999997 0.00000000099999999997 
0.97463747219190788318 0.00000000099999999995 0.00000000099999999995 0.00000000099999999995 0.00000000099999999995 0.02536252380809235138 
0.45507818714560144269 0.00000000099999999996 0.00000000099999999996 0.00000000099999999996 0.00000000099999999996 0.54492180885439844840 
0.38435382757128044862 0.00000000099999999997 0.00000000099999999997 0.00000000099999999997 0.00000000099999999997 0.61564616842871955349 
0.82701839859493853080 0.00000000099999999996 0.00000000099999999996 0.00000000099999999996 0.00000000099999999996 0.17298159740506158233 
0.88353848707894988568 0.00000000099999999999 0.02151559230199822509 0.04329084410708203962 0.00000000099999999999 0.05165507451196988536 
0.74615341028390858025 0.00000000099999999998 0.07927317740363783172 0.00000000099999999998 0.00000000099999999998 0.17457340931245379778 
0.00000000099999999971 0.00000000099999999971 0.00000000099999999971 0.00000000099999999971 0.00000000099999999971 0.99999999500000003039 
0.00000000099999999972 0.00000000099999999972 0.00000000099999999972 0.00000000099999999972 0.00000000099999999972 0.99999999500000003039 
0.00000000099999999967 0.00000000099999999967 0.00000000099999999967 0.00000000099999999967 0.00000000099999999967 0.99999999499999991937 
0.00000000099999999971 0.00000000099999999971 0.00000000099999999971 0.00000000099999999971 0.00000000099999999971 0.99999999500000003039 
0.00000000099999999966 0.00000000099999999966 0.00000000099999999966 0.00000000099999999966 0.00000000099999999966 0.99999999500000003039 
0.57321254927827425263 0.00000000099999999999 0.12990355966607944338 0.06202896726387725768 0.00000000099999999999 0.23485492179176911676 
0.37968775725347092553 0.00000000099999999995 0.00000000099999999995 0.00000000099999999995 0.00000000099999999995 0.62031223874652896555 
0.82534482939592523909 0.00000000099999999997 0.00000000099999999997 0.00000000099999999997 0.00000000099999999997 0.17465516660407476301 
0.32611221117453376150 0.00000000099999999994 0.00000000099999999994 0.00000000099999999994 0.00000000099999999994 0.67388778482546607407 
0.00000000099999999973 0.00000000099999999973 0.00000000099999999973 0.00000000099999999973 0.00000000099999999973 0.99999999500000003039 
0.91658073498939396373 0.00000000099999999997 0.00000000099999999997 0.00000000099999999997 0.00000000099999999997 0.08341926101060608001 
0.94276345316297749388 0.00000000099999999998 0.01063447224443828110 0.00000000099999999998 0.00000000099999999998 0.04660207159258424048 
0.86786386481888855293 0.00000000099999999995 0.00000000099999999995 0.00000000099999999995 0.00000000099999999995 0.13213613118111164346 
0.89391682289913021453 0.00000000099999999995 0.00000000099999999995 0.00000000099999999995 0.00000000099999999995 0.10608317310086988472 
0.91630692631759835809 0.00000000099999999991 0.00000000099999999991 0.00000000099999999991 0.00000000099999999991 0.08369306968240169953 
0.87702206035262164630 0.00000000099999999999 0.00000000099999999999 0.04682360416136065184 0.00000000099999999999 0.07615433248601770344 
0.00000000100000000000 0.51333379256942957003 0.00000000100000000000 0.45834073833302857448 0.00000000100000000000 0.02832546609754193340 
0.03715540829504717507 0.81202880163705593031 0.00000000099999999998 0.15081578706789686151 0.00000000099999999998 0.00000000099999999998 
0.00000000099999999999 0.99999999500000003039 0.00000000099999999999 0.00000000099999999999 0.00000000099999999999 0.00000000099999999999 
0.77427014920691139555 0.00000000099999999998 0.00000000099999999998 0.00000000099999999998 0.00000000099999999998 0.22572984679308871758 
0.78064630110495980553 0.00000000099999999998 0.00000000099999999998 0.00000000099999999998 0.07041082684984568962 0.14894286904519454806 
0.00000000099999999998 0.59154488428061702265 0.00000000099999999998 0.00000000099999999998 0.40845511171938297945 0.00000000099999999998 
0.00000000099999999996 0.59391230959570628922 0.00000000099999999996 0.00000000099999999996 0.40608768640429371288 0.00000000099999999996 
0.13145643999443540340 0.25176487071300129861 0.36756263158206115005 0.00000000099999999999 0.24921605571050220451 0.00000000099999999999 
0.02348039871062215442 0.46506858251404337157 0.10700934644810369822 0.10639637527024982389 0.24651657463976778262 0.05152872241721323521 
0.00000000099999999993 0.99999999500000003039 0.00000000099999999993 0.00000000099999999993 0.00000000099999999993 0.00000000099999999993 
0.00193363222834621305 0.32475916973476415262 0.21497110529797011647 0.08221051115329333636 0.37612558058562611807 0.00000000099999999999 
0.00000000099999999998 0.33510144312205475403 0.00000000099999999998 0.00000000099999999998 0.66489855287794519256 0.00000000099999999998 
0.00000000099999999997 0.34233985190852805891 0.00000000099999999997 0.00000000099999999997 0.65766014409147177666 0.00000000099999999997 
0.05024090650629211424 0.25645767366324090375 0.23984830190621084234 0.09125602624842177324 0.36219709067583444329 0.00000000100000000000 
0.04190658940500480156 0.18457698128390140346 0.09997462784758938403 0.08242047968324031637 0.52347383988538320754 0.06764748189488106744 
0.09247252448866190300 0.23599473297818851503 0.11131180357829359440 0.00910063055688345619 0.50673146149438208496 0.04438884690359058000 
0.00000000099999999994 0.64863652819636075098 0.00000000099999999994 0.00000000099999999994 0.35136346780363925113 0.00000000099999999994 
0.00000000099999999998 0.99999999500000003039 0.00000000099999999998 0.00000000099999999998 0.00000000099999999998 0.00000000099999999998 
0.00000000099999999994 0.99999999500000014141 0.00000000099999999994 0.00000000099999999994 0.00000000099999999994 0.00000000099999999994 
0.00001212124189092372 0.32980339348800391530 0.11408345273720849056 0.00000000100000000000 0.55610103053289650088 0.00000000100000000000 
0.00000000099999999994 0.24056276276997790031 0.00000000099999999994 0.00000000099999999994 0.75943723323002199077 0.00000000099999999994 
0.04887118400079677738 0.40520962042745023446 0.04885905933622938790 0.00103450394901057150 0.49021696707014494887 0.00580866521636814147 
0.08343252868663170174 0.44425771486788490083 0.16650587170249703250 0.01134891204155414300 0.29445497170143208887 0.00000000099999999999 
0.14448425740131201622 0.51548034787052798844 0.17987750375995864571 0.13579279397742047286 0.02436509599078085994 0.00000000100000000000 
0.16788853932893990639 0.46206969666848785039 0.17228795610683947381 0.17537568303214845500 0.02237812386358432534 0.00000000099999999999 
0.06156330874651116947 0.33664430255817101578 0.13671382204259729942 0.08675378920571238939 0.37832477644700823749 0.00000000099999999998 
0.00000000099999999999 0.17098348608043570374 0.68494664948667383086 0.04180158666377749299 0.10226827576911287632 0.00000000099999999999 
0.00000000099999999999 0.06708908596301137173 0.73517098324652874197 0.05693053428605865385 0.14080939450440113636 0.00000000099999999999 
0.00000000099999999982 0.00000000099999999982 0.00000000099999999982 0.00000000099999999982 0.99999999499999991937 0.00000000099999999982 
0.00000000099999999980 0.00000000099999999980 0.00000000099999999980 0.00000000099999999980 0.99999999499999991937 0.00000000099999999980 
0.07943664262142206833 0.18831435463074455705 0.33720378631885417064 0.00813748016522372608 0.37059753245367149654 0.01631020381008391890 
0.00000000099999999985 0.00000000099999999985 0.00000000099999999985 0.00000000099999999985 0.99999999499999991937 0.00000000099999999985 
0.03897130511167871264 0.26871810305516508066 0.24076092816692717946 0.04040240889438857091 0.41114725377184041522 0.00000000099999999999 
0.00000000099999999980 0.00000000099999999980 0.00000000099999999980 0.00000000099999999980 0.99999999499999991937 0.00000000099999999980 
0.60762333815324043318 0.00000000100000000000 0.00000000100000000000 0.11999227164402587187 0.14453218130757952697 0.12785220689515430781 
0.20874190640754530790 0.17024050092966358516 0.27339441635048566948 0.12784167572147561720 0.20051815489772117918 0.01926334569310857517 
0.00000000100000000000 0.25668176135406139959 0.33358995741187719153 0.14810237852130281322 0.26162590071275859671 0.00000000100000000000 
0.03159880794538166837 0.18148659452169627060 0.57592270156367919576 0.00000000100000000000 0.14415356654856401053 0.06683832842067882751 
0.02770999716407036156 0.14622997607689075528 0.34543766278396520475 0.06452178799954083610 0.41610057497553271100 0.00000000100000000000 
0.10049749870371368909 0.30179817215798893093 0.19133557000162540462 0.00000000100000000000 0.40636875713667197640 0.00000000100000000000 
0.00000000100000000000 0.41174809736656203807 0.29718069570226152143 0.02725718886928604409 0.20937642496341912768 0.05443759209847117558 
0.00000000099999999999 0.41424061921057808711 0.35667766759674640609 0.00000000099999999999 0.19082540333008549127 0.03825630786258993332 
0.00000000100000000000 0.08177010182904531632 0.49173187704618681604 0.00043823926826375197 0.32140284366172222619 0.10465693719478198764 
0.00000000100000000000 0.08409802514562127185 0.53692605200671750243 0.03782229898541802221 0.32690606018276568978 0.01424756267947747089 
0.71299790278259567167 0.00000000100000000000 0.28700209321740427493 0.00000000100000000000 0.00000000100000000000 0.00000000100000000000 
0.75358722720247439675 0.09726325488981921175 0.00051857401467101684 0.02962910994798324468 0.00000000100000000000 0.11900183294505216336 
0.01023707646407555349 0.15013433995119029873 0.47087019477899416664 0.08158110380088590130 0.28717728400485414975 0.00000000099999999999 
0.83382406662979324796 0.00000000099999999992 0.00000000099999999992 0.00000000099999999992 0.00000000099999999992 0.16617592937020689292 
0.00000000099999999988 0.99999999500000014141 0.00000000099999999988 0.00000000099999999988 0.00000000099999999988 0.00000000099999999988 
0.00000000099999999989 0.99999999500000003039 0.00000000099999999989 0.00000000099999999989 0.00000000099999999989 0.00000000099999999989 
0.00000000099999999996 0.71435751834214911149 0.28564247765785083510 0.00000000099999999996 0.00000000099999999996 0.00000000099999999996 
0.15079671054771140448 0.26105058608145165211 0.31289536007238227810 0.12913936274435455775 0.14523796577832728816 0.00088001477577290634 
0.00000000099999999998 0.21432030365090309898 0.50392407565215890930 0.04726127145462433177 0.23449434724231357774 0.00000000099999999998 
0.00000000099999999997 0.55918296767854958063 0.35544851817119649251 0.00000000099999999997 0.08536851115025394232 0.00000000099999999997 
0.00000000099999999992 0.29383204630164799775 0.61780971030988784953 0.00000000099999999992 0.08835824038846412654 0.00000000099999999992 
0.00000000099999999992 0.26015194127243973510 0.64340557320008306963 0.00000000099999999992 0.09644248252747698869 0.00000000099999999992 
0.00000000099999999994 0.30350236329229007826 0.58698998575741656580 0.00000000099999999994 0.10950764795029348242 0.00000000099999999994 
0.00000000099999999997 0.99999999500000003039 0.00000000099999999997 0.00000000099999999997 0.00000000099999999997 0.00000000099999999997 
0.00000000099999999989 0.99999999500000014141 0.00000000099999999989 0.00000000099999999989 0.00000000099999999989 0.00000000099999999989 
0.00000000099999999998 0.99999999500000014141 0.00000000099999999998 0.00000000099999999998 0.00000000099999999998 0.00000000099999999998 
0.00000000099999999986 0.99999999500000014141 0.00000000099999999986 0.00000000099999999986 0.00000000099999999986 0.00000000099999999986 
0.00000000099999999997 0.96267808940509758120 0.00000000099999999997 0.00000000099999999997 0.03732190659490252499 0.00000000099999999997 
0.00000000099999999996 0.52741769177974406890 0.47258230422025587769 0.00000000099999999996 0.00000000099999999996 0.00000000099999999996 
0.13215592401304593340 0.34595358283179533654 0.48952116061770400979 0.00000000100000000000 0.00000000100000000000 0.03236933053745476990 
0.00000000099999999997 0.32878219865506058683 0.67121779734493947078 0.00000000099999999997 0.00000000099999999997 0.00000000099999999997 
0.00000000099999999999 0.46120615041177459581 0.45892560013650857131 0.06998038445984750000 0.00988786299186933566 0.00000000099999999999 
0.05071903180086898694 0.26445649917853186750 0.27537694627675479708 0.17615910385364769164 0.23328841789019671982 0.00000000100000000000 
0.00000000099999999999 0.45782177545853308676 0.36155083734657639249 0.18062738419489060560 0.00000000099999999999 0.00000000099999999999 
0.17619796431886414201 0.00000000099999999996 0.82380203168113586010 0.00000000099999999996 0.00000000099999999996 0.00000000099999999996 
0.20865385260937288625 0.00000000099999999996 0.79134614339062714361 0.00000000099999999996 0.00000000099999999996 0.00000000099999999996 
0.19365858598710888883 0.00000000099999999997 0.80634141001289105777 0.00000000099999999997 0.00000000099999999997 0.00000000099999999997 
0.00000000099999999999 0.19599676732263482393 0.53728988028124613496 0.00000000099999999999 0.26671334939611901493 0.00000000099999999999 
0.00000000099999999999 0.24778237939030361980 0.66046955500148285534 0.00000000099999999999 0.09174806260821338766 0.00000000099999999999 
0.00000000099999999994 0.62562251577891181409 0.37437748022108824353 0.00000000099999999994 0.00000000099999999994 0.00000000099999999994 
0.00000000100000000000 0.12855803699287662867 0.48361508327356728110 0.10596603589342257212 0.24873664288547850387 0.03312419995465501477 
0.00697023550415389048 0.23718670542849676353 0.47739931242217475971 0.16755726267194626100 0.11088648297322825642 0.00000000099999999999 
0.06915273097005925074 0.27996106738641934886 0.47701358824470319053 0.11414004586053103085 0.00000000100000000000 0.05973256653828713791 
0.00000000099999999998 0.19104178003069077763 0.56509518574370554145 0.13318939525947123825 0.11067363696613248536 0.00000000099999999998 
0.01202222727611539956 0.05935551386685146424 0.64075245644152611924 0.22352412761137216424 0.04443190572938185423 0.01991376907475295513 
0.00000000099999999996 0.00000000099999999996 0.99999999500000003039 0.00000000099999999996 0.00000000099999999996 0.00000000099999999996 
0.03965836403390428366 0.08221170688932029347 0.59430872012916668989 0.14681525094393255149 0.12027328003315339300 0.01673267797052281972 
0.10052027340090204099 0.14489987320208749799 0.63688751929425879705 0.11095811726165749622 0.00000000100000000000 0.00673421584109411796 
0.00000000099999999998 0.25080041355463961184 0.60256415664095308582 0.03900181842410015837 0.10763360938030695768 0.00000000099999999998 
0.00000000099999999999 0.24816686270396870473 0.51996729406020381070 0.06572138019544168652 0.04065107098047712059 0.12549339105990853227 
0.00000000100000000000 0.19189161071373511680 0.41064707130659700018 0.08439372935884158211 0.15034272925292099798 0.16272485836790531732 
0.00000000100000000000 0.33058102350757717636 0.24107279414125193373 0.04114138166012018538 0.29710824159374688014 0.09009655809730390819 
0.00000000100000000000 0.31793736544372608321 0.18852936803571523905 0.07524669740935824302 0.24740770707503090264 0.17087886103616947708 
0.00000000099999999995 0.00000000099999999995 0.99999999499999991937 0.00000000099999999995 0.00000000099999999995 0.00000000099999999995 
0.02517345738923690290 0.12213587964385025364 0.68168789131031182205 0.00000000099999999999 0.15915420557956189151 0.01184856507703914257 
0.00000000099999999996 0.00000000099999999996 0.99999999500000003039 0.00000000099999999996 0.00000000099999999996 0.00000000099999999996 
0.00000000099999999994 0.00000000099999999994 0.99999999500000003039 0.00000000099999999994 0.00000000099999999994 0.00000000099999999994 
0.03085753272937990371 0.64222599757679688093 0.32691637151733266009 0.00000000099999999999 0.00000009617649042029 0.00000000099999999999 
0.00000000099999999997 0.00000000099999999997 0.17406291943994178784 0.82593707656005832529 0.00000000099999999997 0.00000000099999999997 
0.00000000099999999999 0.00000000099999999999 0.24266508963519414777 0.75733490636480582658 0.00000000099999999999 0.00000000099999999999 
0.00000000099999999997 0.04633009380000536331 0.14891594235567162663 0.80475396084432304633 0.00000000099999999997 0.00000000099999999997 
0.00000000099999999997 0.05844349523268906749 0.07005079592035004521 0.87150570584696096521 0.00000000099999999997 0.00000000099999999997 
0.16270416165260212504 0.01129668556340483396 0.00000006723428493294 0.77736744663094625718 0.00000000100000000000 0.04863163791876188441 
0.00000000100000000000 0.25659777670727262899 0.02343250395993242904 0.71996971633279505109 0.00000000100000000000 0.00000000100000000000 
0.69045903620078297180 0.00000000100000000000 0.16279573316856812970 0.00000000100000000000 0.06495273360443082344 0.08179249502621810386 
0.01904573168420493554 0.00000000100000000000 0.03041544361652885262 0.86002812491517499627 0.00000000100000000000 0.09051069778409118194 
0.00184883098082351842 0.35259331953695283168 0.00000073653842438475 0.64529273719663660103 0.00000000100000000000 0.00026437474716268177 
0.01271801761720696769 0.06347220954090689038 0.17403600038519101423 0.74977377045669513222 0.00000000099999999999 0.00000000099999999999 
0.13287240529452146176 0.52830168227003682091 0.00000000100000000000 0.05275715682250497335 0.28606859548626395462 0.00000015912667272438 
0.00000000099999999997 0.00000000099999999997 0.00000000099999999997 0.96268732078312502232 0.00000000099999999997 0.03731267521687509775 
0.03208195419757386979 0.18275038288270395448 0.01144062999975776866 0.65830175110685018591 0.05050910701489939175 0.06491617479821491787 
0.00000000099999999998 0.00000000099999999998 0.00000000099999999998 0.99999999500000003039 0.00000000099999999998 0.00000000099999999998 
0.00000000099999999997 0.05256371063359706330 0.03770527227458078667 0.76727102588387330329 0.14245998920794877840 0.00000000099999999997 
0.00000000099999999997 0.08051090236589120153 0.00000000099999999997 0.91948909363410880058 0.00000000099999999997 0.00000000099999999997 
0.00000000099999999997 0.00000000099999999997 0.00000000099999999997 0.99999999499999991937 0.00000000099999999997 0.00000000099999999997 
0.00000000099999999998 0.24557045255955531338 0.06750436412206653469 0.67750654511713259698 0.00941863620124549876 0.00000000099999999998 
0.07004076694224663224 0.18999394370211633576 0.06009202512081696090 0.65207608695084251504 0.02779717628397746984 0.00000000100000000000 
0.00000000099999999999 0.10142792873742247084 0.00000000099999999999 0.89857206726257765617 0.00000000099999999999 0.00000000099999999999 
0.00000000099999999991 0.00000000099999999991 0.00000000099999999991 0.99999999500000003039 0.00000000099999999991 0.00000000099999999991 
0.00000000099999999991 0.00000000099999999991 0.00000000099999999991 0.99999999499999991937 0.00000000099999999991 0.00000000099999999991 
0.00000000099999999989 0.00000000099999999989 0.00000000099999999989 0.99999999499999991937 0.00000000099999999989 0.00000000099999999989 
0.00000000099999999998 0.07107354626611109283 0.00000000099999999998 0.92892644973388904805 0.00000000099999999998 0.00000000099999999998 
0.00000000100000000000 0.00059824239752656811 0.00000000100000000000 0.99940175360247340830 0.00000000100000000000 0.00000000100000000000 
0.00000000099999999998 0.05726278111091592099 0.03270787025638455248 0.91002934563269954893 0.00000000099999999998 0.00000000099999999998 
0.03505405020358675489 0.02641286302135594996 0.04445188114255675671 0.89408120363250065399 0.00000000099999999999 0.00000000099999999999 
0.04601522162718007375 0.16882011985033446022 0.00000000100000000000 0.76956270036390117539 0.00000000100000000000 0.01560195615858434026 
0.03166709561899905961 0.08028718336902479491 0.06894749067712603596 0.74974158024680048751 0.06935664908804957396 0.00000000099999999999 
0.53550518187332840636 0.04545339116670717855 0.03815567995630077258 0.30170301637848190301 0.00000000100000000000 0.07918272962518159430 
0.70508598450409432079 0.00000048348080947724 0.14305531489239747822 0.00000000100000000000 0.00000000100000000000 0.15185821512269873090 
0.00000000099999999994 0.00000000099999999994 0.00000000099999999994 0.99999999500000003039 0.00000000099999999994 0.00000000099999999994 
0.00000000099999999998 0.14430043780089035765 0.00000000099999999998 0.83292573013259085801 0.00000000099999999998 0.02277382906651875816 
0.00112617599822164433 0.00000000099999999999 0.00000000099999999999 0.77587217980922218441 0.08996207488450341794 0.13303956730805277520 
0.00000000099999999995 0.00000000099999999995 0.00000000099999999995 0.99999999499999991937 0.00000000099999999995 0.00000000099999999995 
0.00000000099999999996 0.00000000099999999996 0.00000000099999999996 0.99999999500000003039 0.00000000099999999996 0.00000000099999999996 
0.07184876236357527757 0.05499444420336796480 0.00000000099999999999 0.81480738773262795238 0.00000000099999999999 0.05834940370042882019 
0.00000000099999999997 0.00000000099999999997 0.03524492602389252272 0.96475506997610749327 0.00000000099999999997 0.00000000099999999997 
0.00000000099999999998 0.00000000099999999998 0.00000000099999999998 0.99999999499999991937 0.00000000099999999998 0.00000000099999999998 
0.00000000099999999998 0.00000000099999999998 0.00000000099999999998 0.99999999499999991937 0.00000000099999999998 0.00000000099999999998 
0.42866305241265567627 0.04427235665747994431 0.03399053573716179222 0.23302524325623855117 0.14517196996046427548 0.11487684197599970504 
0.00000000099999999997 0.00000000099999999997 0.00000000099999999997 0.97161780391777763377 0.00000000099999999997 0.02838219208222248630 
0.12130203677596133882 0.00000000099999999999 0.00000000099999999999 0.82462809462880237721 0.00000000099999999999 0.05406986559523633412 
0.00000000099999999999 0.00793829980722471178 0.00000000099999999999 0.99206169619277528859 0.00000000099999999999 0.00000000099999999999 
0.20008188380832947484 0.18853958141959401007 0.16520380416041524629 0.24691392513364024408 0.05656477617797011498 0.14269602930005087504 
0.00000000100000000000 0.00000000100000000000 0.00000000100000000000 0.92772527088581069332 0.07227472511418923939 0.00000000100000000000 
0.81261416988065071632 0.00000000100000000000 0.00000000100000000000 0.00000000100000000000 0.12365583066204548224 0.06372999645730388629 
0.08493823309766758423 0.09871781316121326644 0.00000000100000000000 0.80706139990453573674 0.00000000100000000000 0.00928255183658343447 
0.00000000099999999999 0.00000000099999999999 0.00000000099999999999 0.99491232807856566644 0.00000000099999999999 0.00508766792143446837 
0.00000000099999999991 0.00000000099999999991 0.00000000099999999991 0.99999999499999991937 0.00000000099999999991 0.00000000099999999991 
0.00000000099999999995 0.00000000099999999995 0.00000000099999999995 0.99999999500000003039 0.00000000099999999995 0.00000000099999999995 
0.00000000099999999999 0.00000000099999999999 0.00000000099999999999 0.99999999499999991937 0.00000000099999999999 0.00000000099999999999 
0.00000000099999999997 0.00061581030853954510 0.04278494240183340624 0.95659924428962694876 0.00000000099999999997 0.00000000099999999997 
0.00000000099999999997 0.00000000099999999997 0.00000000099999999997 0.97255618509684094164 0.02744381090315898067 0.00000000099999999997 
0.00000000099999999999 0.00000000099999999999 0.00000000099999999999 0.99999999500000003039 0.00000000099999999999 0.00000000099999999999 
0.00000000099999999997 0.00000000099999999997 0.00000000099999999997 0.99999999500000003039 0.00000000099999999997 0.00000000099999999997 
0.00000000099999999996 0.00000000099999999996 0.00000000099999999996 0.99999999499999991937 0.00000000099999999996 0.00000000099999999996 
0.00000000099999999996 0.00000000099999999996 0.00000000099999999996 0.99999999499999991937 0.00000000099999999996 0.00000000099999999996 
0.00000000099999999995 0.00000000099999999995 0.00000000099999999995 0.99999999500000003039 0.00000000099999999995 0.00000000099999999995 
0.00000000100000000000 0.04635727198995333309 0.44916177049468197779 0.00000419708681602491 0.00000000100000000000 0.50447675842854855510 
0.00000000100000000000 0.17833514346233411696 0.10461303188176764023 0.00000000100000000000 0.25663546787065905086 0.46041635478523923464 
0.00000000100000000000 0.28394886740367203393 0.14985489117352729371 0.00000000100000000000 0.56619623842280064618 0.00000000100000000000 
0.00000000099999999999 0.00000000099999999999 0.00000000099999999999 0.99999999499999991937 0.00000000099999999999 0.00000000099999999999 
0.00000000099999999997 0.00000000099999999997 0.00000000099999999997 0.99999999499999991937 0.00000000099999999997 0.00000000099999999997 
0.00000000100000000000 0.82279554340889438091 0.00000000100000000000 0.00279798205350811338 0.00000000100000000000 0.17440647153759758492 
0.02894797284468536569 0.18598377085176495682 0.78506825330354967907 0.00000000099999999999 0.00000000099999999999 0.00000000099999999999 
0.00000000099999999999 0.00000000099999999999 0.64439063584806954843 0.35560936015193056470 0.00000000099999999999 0.00000000099999999999 
0.11474151585687208943 0.15955288701197811729 0.59437554785803992097 0.01281429642762184004 0.09192169731721058779 0.02659405552827738203 
0.00000000099999999993 0.00000000099999999993 0.00000000099999999993 0.99999999499999991937 0.00000000099999999993 0.00000000099999999993 
0.19193046971767344089 0.00000000100000000000 0.78089053114397755095 0.00000266552058297954 0.00000000100000000000 0.02717633161776591630 
0.00000000099999999998 0.00000000099999999998 0.99999999500000003039 0.00000000099999999998 0.00000000099999999998 0.00000000099999999998 
0.00000000099999999997 0.00000000099999999997 0.99999999499999991937 0.00000000099999999997 0.00000000099999999997 0.00000000099999999997 
0.00000000099999999996 0.00000000099999999996 0.99999999499999991937 0.00000000099999999996 0.00000000099999999996 0.00000000099999999996 
0.00000000099999999999 0.00000000099999999999 0.99999732951755160304 0.00000000099999999999 0.00000266648244841499 0.00000000099999999999 
0.00000000099999999997 0.08569941847106604671 0.91430057752893401091 0.00000000099999999997 0.00000000099999999997 0.00000000099999999997 
0.01208938755612435322 0.13924644248801071322 0.84251672510394570725 0.00000000099999999999 0.00614744285191916491 0.00000000099999999999 
0.27273553065606964685 0.10262165035736009466 0.56406156929268580491 0.00000000099999999999 0.06058124769388453096 0.00000000099999999999 
0.29715084678384767747 0.00000000099999999999 0.66094564863162652557 0.00000000099999999999 0.04190350158452578466 0.00000000099999999999 
0.00713484208634272352 0.22750451614976574533 0.48133647689881475795 0.14643204876074558674 0.11346332899764588475 0.02412878710668534335 
0.00000000099999999998 0.00000000099999999998 0.99999999500000003039 0.00000000099999999998 0.00000000099999999998 0.00000000099999999998 
0.07782145561906053666 0.34992987006542580763 0.30793487319439488692 0.03448735800408547075 0.22671267758958338345 0.00311376552745006550 
0.00000000099999999997 0.17770564580767528318 0.60637626403482025594 0.01550534917243383271 0.20041273898507050433 0.00000000099999999997 
0.00000000100000000000 0.00000000100000000000 0.35504575887722478189 0.48166731976222548761 0.00000000100000000000 0.16328691836054984310 
0.05743990529051527100 0.00000000100000000000 0.43324252441858107643 0.20352746896416509803 0.19763171786612182546 0.10815838246061662553 
0.00000000099999999998 0.23795121341305611185 0.39190541469689804677 0.05858638567324777474 0.31155698421679806076 0.00000000099999999998 
0.00000000099999999999 0.09713448000338624488 0.41596485103038643993 0.00000002078925775837 0.48690064617696943161 0.00000000099999999999 
0.00000000100000000000 0.04260651071726571232 0.78228306643852896229 0.17481587391502023676 0.00029454692918522293 0.00000000100000000000 
0.04430311729924181485 0.04997345793671199160 0.58657754636944303694 0.22168330437085023710 0.09202491011663961606 0.00543766390711311002 
0.08354500312672981377 0.12508549189966622350 0.48444042735152553769 0.15355894659482022258 0.15337013002725802258 0.00000000099999999999 
0.00000000099999999998 0.11568597849996768712 0.53714128392219750996 0.00000000099999999998 0.34717273457783492940 0.00000000099999999998 
0.00000000100000000000 0.07525533778568646581 0.81801536264100194185 0.00005587944634466256 0.01699054967490545506 0.08968286945206148386 
0.00000000100000000000 0.14168740452137290609 0.29778492283135654661 0.10975593522858928530 0.14335563643835116943 0.30741609998033009310 
0.00000000099999999999 0.08091277868847883414 0.03658726603779913905 0.00000000099999999999 0.13077906566188776671 0.75172088761183430972 
0.00000000100000000000 0.00000029748760047879 0.02656196430468399719 0.34904286507829723751 0.11434265927622681847 0.51005221285319146673 
0.00000000100000000000 0.17175907260036882285 0.32481823613546151330 0.29635648314370344192 0.18849852838146780032 0.01856767873899861643 
0.31833361581799179962 0.46297632562408258527 0.00000000099999999999 0.00000000099999999999 0.02627853623441179717 0.19241152032351380163 
0.09006874142563384145 0.29130305765889807912 0.14018114038966877910 0.15745064903445515903 0.28508071323576794631 0.03591569825557630602 
0.09942800210418083207 0.64238554032125005921 0.10409222256136094198 0.10219605891249480822 0.05189817510071343537 0.00000000100000000000 
0.03151943325806327162 0.13317094868471882063 0.25440422399256634733 0.24551392880356859294 0.33539146426108285004 0.00000000100000000000 
0.53803024151370015815 0.00000000099999999999 0.00000000099999999999 0.03728908416952384647 0.42468067131677594839 0.00000000099999999999 
0.00000000099999999995 0.00000000099999999995 0.00000000099999999995 0.00000000099999999995 0.99999999499999991937 0.00000000099999999995 
0.67431006612512667253 0.10628253090979730699 0.00000000099999999997 0.00000000099999999997 0.00000000099999999997 0.21940739996507602205 
0.91293449930702386119 0.00000000100000000000 0.00000000100000000000 0.00621036486673082633 0.00000000100000000000 0.08085513282624545717 
0.87549242867310939076 0.00000000099999999996 0.00000000099999999996 0.00000000099999999996 0.00000000099999999996 0.12450756732689080564 
0.02446804164615242264 0.19794778314777414230 0.29040049649609400717 0.10924482716409215921 0.37793885054588716166 0.00000000100000000000 
0.00000000099999999998 0.07167728111142054881 0.22930370906112601537 0.00000000099999999998 0.69901900682745332638 0.00000000099999999998 
0.09412815199097433749 0.11045570753402876585 0.11045019972866344793 0.10760592473655117285 0.56153359704375505057 0.01582641896602723572 
0.00000000099999999996 0.00000000099999999996 0.00000000099999999996 0.00000000099999999996 0.99999999500000003039 0.00000000099999999996 
0.00000000099999999997 0.00000000099999999997 0.00000000099999999997 0.00000000099999999997 0.99999999500000003039 0.00000000099999999997 
0.04407401986144665607 0.07518751754922434194 0.48138914896214618500 0.17067723710026089234 0.21089635662157801832 0.01777571990534388899 
0.00000000099999999999 0.00000000804876186297 0.22476202398129507820 0.00000000099999999999 0.77523796496994301641 0.00000000099999999999 
0.04191138189703706024 0.12779250575318684691 0.36476402485901771033 0.16676779443615810661 0.28415170255918320574 0.01461259049541698690 
0.11585327957278122868 0.09760648817681077949 0.56959620816782929875 0.21694402208257873577 0.00000000100000000000 0.00000000100000000000 
0.00000000099999999989 0.00000000099999999989 0.99999999499999991937 0.00000000099999999989 0.00000000099999999989 0.00000000099999999989 
0.00000000099999999990 0.00000000099999999990 0.99999999499999991937 0.00000000099999999990 0.00000000099999999990 0.00000000099999999990 
0.00000000099999999989 0.00000000099999999989 0.99999999499999991937 0.00000000099999999989 0.00000000099999999989 0.00000000099999999989 
0.01634098966775890394 0.15749750456966318812 0.22057709739277001071 0.12164635856722927354 0.45960495537283935219 0.02433309442973930620 
