0.03545181354763760756 0.44830154613269457275 0.51624664031966782662 
0.15229471181971240834 0.50262065020673840632 0.34508463797354915759 
0.05712808965863377247 0.60741596220666504991 0.33545594813470114293 
0.06669384617883328259 0.67727602827983024447 0.25603012554133641743 
0.00345125791519249828 0.49337344967942459162 0.50317529240538294566 
0.00000109289949597527 0.64690756167375729202 0.35309134542674669444 
0.14534645838870210999 0.67284071905417330850 0.18181282255712466478 
0.13231449135284545360 0.52921376625287963602 0.33847174239427496589 
0.15854550069313172456 0.51895798957900174386 0.32249650972786658709 
0.26282986091591481470 0.63744243965266966789 0.09972769943141558679 
0.25254246065190560921 0.63424286333775403701 0.11321467601034033990 
0.20533729636500056004 0.50550804950507521873 0.28915465412992430450 
0.45542547984594061727 0.28271343841810975261 0.26186108173594957460 
0.17311126333528267796 0.48368751645802743333 0.34320122020668991647 
0.06456776917368618751 0.52041019103570773652 0.41502203979060597883 
0.19272132649906820179 0.52986553059925134423 0.27741314290168039847 
0.19156885724213615352 0.60519392898015167415 0.20323721377771200580 
0.13723606922072387193 0.45652949094186817680 0.40623443983740803453 
0.08941344399620847205 0.60599839605990035718 0.30458815994389115689 
0.00210363944702101182 0.43571106091555383832 0.56218529963742513988 
0.03081397991814393070 0.55832873061168297735 0.41085728947017308155 
0.09657401225095840758 0.49242187395091313595 0.41100411379812845647 
0.05102611651403667070 0.66079801559099171637 0.28817586789497157129 
0.03949982333168713944 0.54946443407956679916 0.41103574258874608915 
0.17955393036047562205 0.48559237291133849901 0.33485369672818576792 
0.07461921382461882135 0.70793513593220303015 0.21744565024317805135 
0.00485932771634352886 0.51062576864648212549 0.48451490363717419907 
0.05922188077541218343 0.52286462450999127149 0.41791349471459665610 
0.14872466504660186715 0.69820280661929612354 0.15307252833410209258 
0.03333345744588094711 0.61212429326945394514 0.35454224928466515632 
0.00000000099999999999 0.55358829043004964543 0.44641170856995021632 
0.13463563007156068019 0.57161774988921698615 0.29374662003922236142 
0.11796174853673971339 0.67316816384763644709 0.20887008761562392278 
0.13128304187125622304 0.43648587093228735645 0.43223108719645642051 
0.20155438695924363102 0.59365183981784930278 0.20479377322290706620 
0.16020573685421135579 0.59325249576583027888 0.24654176737995839308 
0.16364437856017033379 0.44145877802862210082 0.39489684341120756539 
0.25525334792225629066 0.74474665107774362660 0.00000000100000000000 
0.19021684891950019214 0.47053384719844743023 0.33924930388205243315 
0.22409353798730552443 0.59498251813221136874 0.18092394388048307907 
0.14513023402919811300 0.49350313089899350283 0.36136663507180838417 
0.07167931133890476092 0.60452336510280801907 0.32379732355828733104 
0.01374590202117185675 0.78310429838757622534 0.20314979959125190057 
0.11152734877504666411 0.63336709954829173430 0.25510555167666160159 
0.10225109680751352792 0.52578019708240453234 0.37196870611008203689 
0.05876295127959309944 0.72918583517668345007 0.21205121354372338804 
0.32362657097588193311 0.60793084504768590826 0.06844258397643215863 
0.26615344016160957796 0.50688530502444673065 0.22696125481394371914 
0.14941838908791735263 0.71329987701842012537 0.13728173389366254975 
0.29942938676412195198 0.58038757632653870111 0.12018303690933931915 
0.22583530676620369726 0.77416469223379624776 0.00000000100000000000 
0.25777129675593279945 0.63220844068113668524 0.11002026256293044593 
0.38589136592348038945 0.56946349663799400442 0.04464513743852556449 
0.17360788343246413845 0.34817765408652950887 0.47821446248100635268 
0.28425443681255685435 0.66514160500966679201 0.05060395817777636751 
0.15983671741233729247 0.84016328158766273582 0.00000000099999999999 
0.13990008877936846443 0.80003987824659472672 0.06006003297403677416 
0.09210074462261820527 0.83157472160372414294 0.07632453377365762404 
0.28834649365565045986 0.60958024374571984083 0.10207326259862974094 
0.21192478030728761906 0.75186466359368697709 0.03621055609902545241 
0.00000000099999999999 0.87396001488858654493 0.12603998411141351110 
0.26331684328435206455 0.68161867567038669780 0.05506448104526120296 
0.01414501683631757580 0.98585498216368239177 0.00000000100000000000 
0.02919500902082029781 0.86741857081880557878 0.10338642016037408178 
0.14040780310659858876 0.85959076180491533758 0.00000143508848616670 
0.17993494621012443013 0.82006505278987540386 0.00000000099999999998 
0.00000250306564090466 0.99999749593435904860 0.00000000099999999999 
0.18231218453206199381 0.76364010724429098875 0.05404770822364701743 
0.40433182088825497802 0.59566817811174499475 0.00000000100000000000 
0.09464314060659911876 0.90535685839340074299 0.00000000099999999999 
0.10846710142330413806 0.79604183350829083032 0.09549106506840503161 
0.00000000099999999990 0.99999999800000005656 0.00000000099999999990 
0.07265008320629713634 0.83260729352212781151 0.09474262327157505215 
0.19786116934250091992 0.75284054121776533552 0.04929828943973370986 
0.24769016588277231739 0.67527939317141916220 0.07703044094580846490 
0.00126951700733739215 0.99873048199266245550 0.00000000099999999997 
0.23876886372798666880 0.76123113527201324846 0.00000000099999999999 
0.24069588061703750537 0.11896797264156334928 0.64033614674139915923 
0.30192810231690725420 0.57932532785548129795 0.11874656982761158663 
0.10029916039244335391 0.58372141739266913962 0.31597942221488756198 
0.00000000099999999999 0.99999999800000005656 0.00000000099999999999 
0.00000000099999999990 0.99999999800000005656 0.00000000099999999990 
0.00000000099999999997 0.99999999800000005656 0.00000000099999999997 
0.00000000099999999995 0.99999999799999994554 0.00000000099999999995 
0.00000000099999999995 0.99999999799999994554 0.00000000099999999995 
0.02506358874708685194 0.91609933888152383918 0.05883707237138925683 
0.00000000099999999993 0.99999999800000005656 0.00000000099999999993 
0.00000000099999999986 0.99999999799999994554 0.00000000099999999986 
0.10756304711218625525 0.84393101246772672663 0.04850594042008692097 
0.08132093923791489098 0.91867905976208497076 0.00000000100000000000 
0.00000000099999999994 0.99999999800000005656 0.00000000099999999994 
0.07063144330925068270 0.92936855569074927619 0.00000000100000000000 
0.16919761726537715929 0.74754650551534118641 0.08325587721928168206 
0.00000000099999999991 0.99999999799999994554 0.00000000099999999991 
0.03365255607514625047 0.96607614698129884445 0.00027129694355492389 
0.03280415672881876327 0.93390174908864498349 0.03329409418253627406 
0.00000000099999999992 0.99999999800000005656 0.00000000099999999992 
0.02612024892767612558 0.44911677903317487326 0.52476297203914890055 
0.00000004598189030545 0.99999995301810973292 0.00000000099999999999 
0.03188791111706923420 0.96811207747202687735 0.00000001141090378680 
0.00000000099999999997 0.99999999799999994554 0.00000000099999999997 
0.00000000099999999991 0.99999999800000005656 0.00000000099999999991 
0.08128527186609620092 0.64427130487362205269 0.27444342326028164925 
0.00000010920413320927 0.91683526742667420528 0.08316462336919258624 
0.05723808672157909561 0.04876583740827634267 0.89399607587014451315 
0.00000000100000000000 0.07810048979007115644 0.92189950920992880246 
0.29522345478004180519 0.03587439253033849335 0.66890215268961983330 
0.13463947990284988454 0.03547768143687230619 0.82988283866027789948 
0.01778643926643741144 0.00000939114544165632 0.98220416958812095665 
0.11233867046592889427 0.02021057663015729880 0.86745075290391393530 
0.13783014208925634114 0.10974896044107165793 0.75242089746967211195 
0.35893165050681974382 0.00000038820225387550 0.64106796129092646908 
0.32772930288296009405 0.00000000099999999999 0.67227069611703982321 
0.06339332060140069613 0.00000000099999999999 0.93660667839859934602 
0.10018427257845299860 0.04517772027024106324 0.85463800715130600061 
0.25457976781655039522 0.00487434484358425114 0.74054588733986537186 
0.43158471302134332470 0.03356740088142368822 0.53484788609723288300 
0.18852714423527919263 0.01475532960941211037 0.79671752615530877506 
0.17545089814570780096 0.00186349986839942075 0.82268560198589280041 
0.00000009125141539804 0.00000000100000000000 0.99999990774858449338 
0.14728285632341692191 0.01492636151985967004 0.83779078215672331265 
0.10164577286671164225 0.03076390149894586701 0.86759032563434235197 
0.20585462615445526691 0.18851090482005866678 0.60563446902548601081 
0.13278311865848646534 0.00000000099999999999 0.86721688034151356295 
0.09922883350693846582 0.05992042438411605138 0.84085074210894539259 
0.07952646627362799925 0.02848599981870022016 0.89198753390767182569 
0.18109423742050934081 0.02895385370634108446 0.78995190887314958861 
0.23699636901954190815 0.00171043264426178109 0.76129319833619624180 
0.14792039547684879275 0.02572947251167701302 0.82635013201147411444 
0.10293126116796193215 0.02821703755470418920 0.86885170127733379886 
0.00000000099999999989 0.99999999800000005656 0.00000000099999999989 
0.34797971068233934933 0.00000000100000000000 0.65202028831766067896 
0.31379644511753590486 0.00000000550989211721 0.68620354937257210803 
0.30135543583873847240 0.00000000099999999998 0.69864456316126144486 
0.01674963643520009995 0.00000000099999999998 0.98325036256479980690 
0.24940141373861587915 0.05792022965633640552 0.69267835660504784023 
0.09938612753921127752 0.00000843641884895556 0.90060543604193976641 
0.14327194377283894444 0.00000000099999999997 0.85672805522716111160 
0.00000000099999999997 0.00000000099999999997 0.99999999800000005656 
0.10696598248765845640 0.05568066667341125403 0.83735335083893025487 
0.09378175981990576060 0.00803086351496681318 0.89818737666512737938 
0.13130897098440713622 0.10365902120973720379 0.76503200780585567387 
0.11085230572087854950 0.00000000100000000000 0.88914769327912146490 
0.12248831429049591990 0.00000000099999999998 0.87751168470950402511 
0.09732374823184292145 0.13603171326128760121 0.76664453850686953285 
0.18002256316379394718 0.00000000099999999999 0.81997743583620597008 
0.22539817957514496349 0.00000000099999999997 0.77460181942485495377 
0.17798416840832576025 0.05634391160594211939 0.76567191998573203016 
0.24871457466344518150 0.00000000099999999999 0.75128542433655487454 
0.20833940099596170992 0.17710904493633083945 0.61455155406770756166 
0.27204889636437573630 0.00000000099999999999 0.72795110263562434749 
0.10330924562736187866 0.00779693505208512057 0.88889381932055300251 
0.18104584872362544656 0.00000000099999999998 0.81895415027637441518 
0.14297027353802618799 0.01894141502335923086 0.83808831143861461932 
0.12696748494990753309 0.01065040659379081628 0.86238210845630169921 
0.15079021370259199086 0.10962000368541020834 0.73958978261199770365 
0.14325784272447386614 0.00000000099999999998 0.85674215627552607888 
0.21160110822294181387 0.00000000099999999998 0.78839889077705815890 
0.29026710755395851438 0.00000000099999999999 0.70973289144604145839 
0.16208037774517333740 0.01193060860009940820 0.82598901365472721103 
0.21710005950370503403 0.07420696512362627562 0.70869297537266862097 
0.30093583033391990700 0.07593462107494872160 0.62312954859113145467 
0.22034148538344269785 0.00000000099999999998 0.77965851361655724716 
0.24385742721755446216 0.09903138856786702915 0.65711118421457859196 
0.16255608851353336997 0.17055219994458217792 0.66689171154188442436 
0.21445090655226858867 0.11123768528363651986 0.67431140816409484984 
0.26033008481633085340 0.00000000099999999999 0.73966991418366911937 
0.03081734561825403423 0.07173720675018517567 0.89744544763156086642 
0.13632583380044455135 0.05018944984196292008 0.81348471635759256326 
0.95278638727879205739 0.00012158931006628598 0.04709202341114161749 
0.70213081596383219996 0.00000000100000000000 0.29786918303616788384 
0.79800307733037256774 0.03878879538928009518 0.16320812728034739258 
0.28625561567580820599 0.59447313784178035245 0.11927124648241148319 
0.81683333718531714318 0.15826595491565845220 0.02490070789902448442 
0.66360646754713259465 0.03668766908110499686 0.29970586337176235991 
0.40050122201047999582 0.04609982544553251765 0.55339895254398741020 
0.99999999650812598784 0.00000000249187388404 0.00000000099999999999 
0.55620225459207073282 0.14799226075735374963 0.29580548465057554530 
0.87255161148979643038 0.01621651537437563198 0.11123187313582791336 
0.59942825209004291231 0.00000000099999999999 0.40057174690995717148 
0.83513041427733925026 0.00897374321236523408 0.15589584251029561801 
0.56123472385974237930 0.00000000099999999999 0.43876527514025764898 
0.60012561935043218231 0.07057477644340642842 0.32929960420616144479 
0.85379014062628710846 0.09226789489354191021 0.05394196448017084256 
0.99999999799999994554 0.00000000099999999995 0.00000000099999999995 
0.88648789727961674334 0.00000000099999999999 0.11351210172038316004 
0.85728963051552287133 0.04525881556508848380 0.09745155391938857548 
0.78241301087590442442 0.04456905725025921833 0.17301793187383621153 
0.73772601699812068166 0.10667651887257055543 0.15559746412930869353 
0.63042995750410513178 0.09483616681187771735 0.27473387568401719250 
0.35909245246935328488 0.64078366845425893672 0.00012387907638779195 
0.66091937241925902136 0.00000000099999999999 0.33908062658074100693 
0.79491195401448799807 0.18166497122310690249 0.02342307476240510292 
0.99999999800000005656 0.00000000099999999996 0.00000000099999999996 
0.80875603516112992697 0.05626424268605011159 0.13497972215281994757 
0.98295846077358683957 0.00000000099999999999 0.01704153822641311586 
0.99999999799999994554 0.00000000099999999995 0.00000000099999999995 
0.88654135940300982099 0.09484520001310628445 0.01861344058388396741 
0.99999999799999994554 0.00000000099999999997 0.00000000099999999997 
0.93512057705202022984 0.06487942194797975681 0.00000000099999999999 
0.99999999800000005656 0.00000000099999999999 0.00000000099999999999 
0.31417081192721690863 0.36639761185490044015 0.31943157621788265121 
0.84901948295561591173 0.15048540242550081936 0.00049511461888314824 
0.82589136171794941266 0.12765225060538262780 0.04645638767666798036 
0.31904487328171204918 0.30501607473427305717 0.37593905198401494916 
0.69635253706408728469 0.08499616158808932787 0.21865130134782340132 
0.99999999799999994554 0.00000000099999999992 0.00000000099999999992 
0.99619550081209684578 0.00000000099999999999 0.00380449818790313914 
0.99999999800000005656 0.00000000099999999996 0.00000000099999999996 
0.99999999800000005656 0.00000000099999999991 0.00000000099999999991 
0.92229932581369034050 0.00000000099999999999 0.07770067318630981268 
0.99999999799999994554 0.00000000099999999993 0.00000000099999999993 
0.91745055276734632788 0.00000000099999999999 0.08254944623265382531 
0.77737549613242074020 0.00000000099999999999 0.22262450286757931583 
0.99999999549890139505 0.00000000350109856633 0.00000000099999999998 
0.99999999800000005656 0.00000000099999999994 0.00000000099999999994 
0.99996876786075106214 0.00002872722308936254 0.00000250491615959393 
0.99999999799999994554 0.00000000099999999999 0.00000000099999999999 
0.99999999799999994554 0.00000000099999999999 0.00000000099999999999 
0.99999999799999994554 0.00000000099999999998 0.00000000099999999998 
0.99999999799999994554 0.00000000099999999995 0.00000000099999999995 
0.99999996047465267157 0.00000003852534732480 0.00000000100000000000 
0.82865065517953584440 0.01252066230174617503 0.15882868251871803955 
0.00000000099999999998 0.00000000099999999998 0.99999999799999994554 
0.99999999800000005656 0.00000000099999999997 0.00000000099999999997 
0.19880121293164912388 0.00168834387842838420 0.79951044318992248172 
0.38360267058430524978 0.00000000100000000000 0.61639732841569483401 
0.19725580728066599567 0.10952234758473261556 0.69322184513460138877 
0.00000692920684314212 0.08744270897747644100 0.91255036181568038867 
0.25439993457531057119 0.03252901811127729276 0.71307104731341219850 
0.19321594582840401211 0.00000000100000000000 0.80678405317159584964 
0.09823062114308508952 0.19633405007022083910 0.70543532878669390485 
0.23895392818508842669 0.20095909561391461784 0.56008697620099712200 
0.27293193278651539657 0.01664039967176287119 0.71042766754172170796 
0.22942294040386032594 0.00000000100000000000 0.77057705859613956356 
0.22732683001757358898 0.06429025357071269098 0.70838291641171369228 
0.06212897257955263958 0.00000000099999999998 0.93787102642044728462 
0.46985010611236366351 0.02568839793948883218 0.50446149594814748696 
0.06096417503386791781 0.00000000099999999999 0.93903582396613216599 
0.29562497436102763704 0.00000000100000000000 0.70437502463897239124 
0.30949076689266752371 0.00000000100000000000 0.69050923210733239355 
0.44157117989102390165 0.00000139144757970600 0.55842742866139638558 
0.39542334003346230054 0.00536870078752343157 0.59920795917901426009 
0.13793877676191168558 0.00000000099999999999 0.86206122223808823168 
0.33685907587338115299 0.21283625240605358320 0.45030467172056531933 
0.31080813611282759323 0.51246855089872689337 0.17672331298844556891 
0.43972570117998954764 0.40961311760632845846 0.15066118121368207716 
0.41517282783100245558 0.00517058227399780444 0.57965658989499968534 
0.00000000099999999998 0.00000000099999999998 0.99999999799999994554 
0.12647664697946495171 0.00000000099999999999 0.87352335202053510432 
0.07825646526858620611 0.00000000100000000000 0.92174353373141382217 
0.17924655753095772304 0.00171147951557738798 0.81904196295346487489 
0.00000001581067331691 0.00000000099999999999 0.99999998318932659114 
0.00000000099999999997 0.00000000099999999997 0.99999999800000005656 
0.09546378489422963076 0.41916730683264497026 0.48536890827312545449 
0.20442131953304878977 0.07481735312267398519 0.72076132734427711402 
0.23323039453366911644 0.06814368428821349077 0.69862592117811750381 
0.06539498612407983191 0.00686476670892981807 0.92774024716699032833 
0.41936784966405915576 0.02985526605008486170 0.55077688428585591662 
0.00000000099999999998 0.00000000099999999998 0.99999999799999994554 
0.04849389658972154404 0.06497924070284955000 0.88652686270742886432 
0.08038723545143303117 0.33084954984989478621 0.58876321469867209935 
0.09925149966805374424 0.17503267406571232367 0.72571582626623398760 
0.13802370520499079865 0.11478143131402762656 0.74719486348098163031 
0.00000000099999999999 0.00108955986737548994 0.99891043913262445031 
0.00000904408629627742 0.99999095491370371125 0.00000000100000000000 
0.00000000099999999994 0.00000000099999999994 0.99999999799999994554 
0.22013878880267315208 0.01426415295045034039 0.76559705824687651621 
0.00000000099999999998 0.99999999799999994554 0.00000000099999999998 
0.11436858393059123884 0.11019351670367531770 0.77543789936573337407 
0.00000000099999999994 0.99999999800000005656 0.00000000099999999994 
0.07594690161754839852 0.00000002301499154000 0.92405307536746006392 
0.17001147944484060193 0.00000000929584021825 0.82998851125931927264 
0.00000000099999999997 0.00000000099999999997 0.99999999800000005656 
0.09020908509015976295 0.00000000099999999999 0.90979091390984012655 
0.03035855902434468970 0.00000000099999999998 0.96964143997565532818 
0.00000000099999999999 0.00216183549480315719 0.99783816350519682903 
0.27461633174418320635 0.08165744191184862166 0.64372622634396825525 
0.28926238354177119527 0.01669722540357572449 0.69404039105465309412 
0.26897492909872522393 0.04824325380329987090 0.68278181709797491905 
0.00000000099999999995 0.00000000099999999995 0.99999999800000005656 
0.09110207446502435746 0.06690822008780206165 0.84198970544717355313 
0.01589875085084482831 0.08201184199428099286 0.90208940715487417883 
0.00000137615061001722 0.00000000158123304996 0.99999862226815694477 
0.15800962442443969302 0.03437629356513836887 0.80761408201042184096 
0.00000000099999999999 0.26897539962504335431 0.73102459937495667397 
0.24650868282639193385 0.10303554189406559372 0.65045577527954256958 
0.00009566528274033444 0.00000000100000000000 0.99990433371725973011 
0.11910953465929466355 0.00000816239859301203 0.88088230294211233851 
0.03985722183760948695 0.04965465759949854591 0.91048812056289196715 
0.18560909442590994844 0.05369673824991790662 0.76069416732417227678 
0.14351735963819656217 0.04623046817043781342 0.81025217219136569380 
0.34519576107914962115 0.04871010446164546898 0.60609413445920479191 
0.12745085185755131163 0.26268133269401344743 0.60986781544843526870 
0.03868531391854442697 0.00000000099999999997 0.96131468508145556662 
0.06138094938093491271 0.00899968460184151497 0.92961936601722361395 
0.27116073533209367197 0.00000000099999999998 0.72883926366790630080 
0.12168324724682418048 0.00000000099999999999 0.87831675175317591719 
0.07890417495034315887 0.00000000099999999999 0.92109582404965695268 
0.17324998068573604915 0.02464628114152754568 0.80210373817273639130 
0.14055248956026600293 0.04250848064451609454 0.81693902979521781926 
0.26749893565179255761 0.11146524789402295630 0.62103581645418459711 
0.08181200073117107785 0.16474510257978786099 0.75344289668904096402 
0.30063391629393398929 0.02516979092253213493 0.67419629278353387924 
0.17233742340456223441 0.00000000099999999998 0.82766257559543787714 
0.00023122813589308581 0.00000000099999999997 0.99976877086410687046 
0.14695468461253252679 0.06984346234367208583 0.78320185304379541513 
0.22107999767274191805 0.00000418242921421572 0.77891581989804381525 
0.04494130607942343342 0.00000000099999999997 0.95505869292057643527 
0.08752382131794463060 0.02919132896611310174 0.88328484971594223296 
0.26273019835428129687 0.02274788137422903075 0.71452192027148964115 
0.00000000099999999996 0.00000000099999999996 0.99999999799999994554 
0.01133943984588940170 0.00000069142472369233 0.98865986872938682595 
