0.01825376639570962592 0.43373402089828511086 0.30864257447735871098 0.23936963822864643081 
0.12507385566627554629 0.48164273469407958839 0.05256738573388748670 0.34071602390575739250 
0.02426859054986923656 0.58148433170470148479 0.15219696912494778962 0.24205010862048148557 
0.06039108277989106016 0.66831184795918430197 0.23707364333346961360 0.03422342592745508671 
0.00000000100000000000 0.48154887196559476026 0.29697204286700373821 0.22147908416740161308 
0.00000000099999999999 0.63263661022286121760 0.26401225011002510401 0.10335113866711372055 
0.11630108004281662637 0.65385373253709022645 0.06696866523702785234 0.16287652218306522545 
0.09382462646192633871 0.51899986940964726312 0.21394896942726873701 0.17322653470115756402 
0.11648751540743222666 0.50813141818163598540 0.25012567920077166672 0.12525538721016005184 
0.22247504406138438049 0.63010181768859940821 0.14742313725001604530 0.00000000100000000000 
0.22495547006075439223 0.63709739652231711649 0.00272541927173143919 0.13522171414519709720 
0.17824693239839722869 0.50433910844756935088 0.28256872073451450023 0.03484523841951893408 
0.39045171075645718206 0.26453159505189549616 0.20752773097286664195 0.13748896321878056881 
0.12783018886400421277 0.47671973320513871819 0.19560460775107138542 0.19984547017978560035 
0.04144008675561351024 0.51000099831545075979 0.28956201357225919146 0.15899690135667654545 
0.16616485968124644623 0.51397127809671083742 0.23844441068890664948 0.08141945153313606687 
0.14454319331036280527 0.59087033868648919377 0.15718058193200123984 0.10740588607114674724 
0.09039541554604610396 0.43552158893319919963 0.21613253051094322155 0.25795046500981139159 
0.06600423246323754156 0.59148777994913137590 0.19298736032169988563 0.14952062726593129405 
0.00000000100000000000 0.41641367700022502429 0.28752828831380261576 0.29605803368597238823 
0.00044018448247917113 0.53459380048452898038 0.19023685797478187554 0.27472915705821004950 
0.06908397563639991079 0.47506242354105904235 0.21316542173374566915 0.24268817908879536382 
0.03425370930876784487 0.64815129691938278000 0.20500925733970742915 0.11258573643214198068 
0.02828678886133777562 0.54332594527574928911 0.27707180992604191205 0.15131545593687104057 
0.15351291924520571452 0.48027787130702481733 0.25862890674778682421 0.10758030269998272721 
0.05389810846344789130 0.68997666121108924830 0.04318360401860760200 0.21294162630685511961 
0.00000000100000000000 0.50009345699722840273 0.31999765319511780381 0.17990888880765379398 
0.02606053460345062953 0.50028229353969499993 0.19690211001092147725 0.27675506184593301473 
0.10101614950070383903 0.67262477850870572293 0.00000131357846628331 0.22635775841212410486 
0.00950754142766310588 0.59949995290305457818 0.17980906648026862005 0.21118343918901386069 
0.00000000099999999999 0.52932558501826976194 0.10239810758380661626 0.36827630639792363620 
0.07241516550655022200 0.55694209805089034404 0.15035576293608785003 0.22028697350647147291 
0.07957248598020975894 0.65537761614106770924 0.13014762081662192839 0.13490227706210070058 
0.07607045406334339566 0.43459268650848770221 0.36814832240853584411 0.12118853701963316905 
0.16698929426218261929 0.58022123481742748918 0.03952501400849528501 0.21326445691189466203 
0.13022612037934860885 0.58104227910206041052 0.23430163526756012105 0.05442996525103086652 
0.11629110681961236928 0.40710747830858040608 0.15575667753888919331 0.32084473733291807296 
0.22036334578607758017 0.72383890500401149026 0.05579774820991089540 0.00000000100000000000 
0.15330622639071064817 0.43895287435167501533 0.40691232767116364277 0.00082857158645070945 
0.17586178733416954478 0.59115944947797061104 0.09478573467268831820 0.13819302851517148434 
0.10361712695298806730 0.46873126928450742357 0.21433027471860033319 0.21332132904390413430 
0.05272782767727422076 0.60216598724201586545 0.25067284703464048912 0.09443333804606952875 
0.01189297305011286811 0.77299922564467216102 0.02797120254804447495 0.18713659875717064685 
0.08557320189364445162 0.63462339630968134241 0.25863143309328373576 0.02117196870339038695 
0.07223770769537361802 0.52828629811693905705 0.33269680111497995645 0.06677919307270741012 
0.02390637091818763327 0.71609033731188653782 0.26000329076992584332 0.00000000100000000000 
0.24633565896863976463 0.58921349281172408219 0.16445084721963612595 0.00000000100000000000 
0.21873697531073441058 0.49349161780405759181 0.17797791675985258353 0.10979349012535548347 
0.13285888374143792201 0.68652615238969438849 0.00000000100000000000 0.18061496286886769003 
0.25893261998616790009 0.57264332904606130015 0.16799692711718425264 0.00042712385058651237 
0.18448405000564974121 0.74514053779491784546 0.07037541119943245549 0.00000000099999999999 
0.21208997405420848548 0.61279512898661170350 0.17511489595917983930 0.00000000100000000000 
0.33691063086540595783 0.56079923496900996316 0.05783170160799441101 0.04445843255758976514 
0.13131872966364499522 0.33921452618533631806 0.22165021588613090242 0.30781652826488775654 
0.22957327543266170533 0.64974705764189932822 0.05913418107750208208 0.06154548584793678723 
0.14466327298765674358 0.81497544204651051203 0.04036128396583282124 0.00000000099999999999 
0.11815773267314820527 0.78501580382426028315 0.06051529008680082977 0.03631117341579068181 
0.03775662778587888374 0.78662391832554090509 0.00000000099999999999 0.17561945288858021863 
0.24774254350336405439 0.58882978537280195042 0.08191353005918043662 0.08151414106465354470 
0.18276166147363342995 0.74494596138624891157 0.04936696030017262427 0.02292541683994512788 
0.00000000099999999998 0.83779308966443799545 0.00000000099999999998 0.16220690833556211663 
0.22629452215631454259 0.66853326485197994700 0.09185321625864814599 0.01331899673305731759 
0.00000000099999999998 0.90081526959834634649 0.00000000099999999998 0.09918472840165361293 
0.00716487696386503871 0.85568492753194946854 0.00000649631081638491 0.13714369919336913406 
0.10263625265696688094 0.81132017454017157920 0.08604357180286166529 0.00000000100000000000 
0.18331866945841968075 0.81668132854158026479 0.00000000099999999998 0.00000000099999999998 
0.00000000099999999998 0.92605816920805605896 0.07394182879194392821 0.00000000099999999998 
0.16381034219023141163 0.75189750270791821940 0.07416530726737227686 0.01012684783447819793 
0.37572330468273479331 0.59140142168709231019 0.00000013889182876770 0.03287513473834405286 
0.09163159007466963046 0.87690468418670941553 0.00000000099999999999 0.03146372473862090596 
0.09149136974772195674 0.79084952436701039247 0.01446914661733328909 0.10318995926793436690 
0.00000000099999999984 0.99999999700000008485 0.00000000099999999984 0.00000000099999999984 
0.04727923485206263904 0.81324023427905489658 0.11613641528974576189 0.02334411557913668514 
0.11395632320916124214 0.72263252028103064362 0.16341115550980811477 0.00000000099999999998 
0.11259836970029230008 0.57946738841500322614 0.30793424088470444655 0.00000000099999999998 
0.02054307626097092235 0.97945692173902909605 0.00000000099999999995 0.00000000099999999995 
0.24025055464563085939 0.75974944335436922493 0.00000000099999999998 0.00000000099999999998 
0.19448663921910641639 0.11012948899389350677 0.15432388818853878809 0.54105998359846130263 
0.24300650300857801200 0.57248823053655617521 0.18450526545486573005 0.00000000099999999999 
0.08601739931832173836 0.58792502943043112307 0.29224743692487170632 0.03381013432637548777 
0.00000000099999999997 0.96864441800248779479 0.03135557999751219238 0.00000000099999999997 
0.00000000099999999985 0.99999999699999997382 0.00000000099999999985 0.00000000099999999985 
0.00000000099999999996 0.99999999699999997382 0.00000000099999999996 0.00000000099999999996 
0.00000000099999999993 0.99999999699999997382 0.00000000099999999993 0.00000000099999999993 
0.00000000099999999994 0.99999999700000008485 0.00000000099999999994 0.00000000099999999994 
0.00000000099999999998 0.86061280928442596139 0.00000000099999999998 0.13938718871557401191 
0.00000000099999999991 0.99999999700000008485 0.00000000099999999991 0.00000000099999999991 
0.00000000099999999979 0.99999999700000008485 0.00000000099999999979 0.00000000099999999979 
0.08426403018904819742 0.83439370093638576265 0.00100705267849448741 0.08033521619607160436 
0.08233841193563672112 0.91759006497420703141 0.00007152209015613115 0.00000000100000000000 
0.00000000099999999990 0.99999999700000008485 0.00000000099999999990 0.00000000099999999990 
0.05694965560205642735 0.91661042161198502676 0.02643992178595857417 0.00000000100000000000 
0.12953315187230410310 0.72048105135291895529 0.00000000100000000000 0.14998579577477702540 
0.00000000099999999986 0.99999999700000008485 0.00000000099999999986 0.00000000099999999986 
0.00000000099999999998 0.91093893751675381054 0.00000000099999999998 0.08906106048324614888 
0.00000000099999999999 0.93646270900153982808 0.06353728899846025624 0.00000000099999999999 
0.00000000099999999990 0.99999999699999997382 0.00000000099999999990 0.00000000099999999990 
0.00102753764686530353 0.43060658242615051927 0.12099390301137864789 0.44737197691560548485 
0.00000000099999999999 0.99476861201256427947 0.00000000099999999999 0.00523138598743582046 
0.01359993854373944822 0.94350191607740541144 0.04289814437885505760 0.00000000099999999999 
0.00000000099999999996 0.99999999699999997382 0.00000000099999999996 0.00000000099999999996 
0.00000000099999999988 0.99999999699999997382 0.00000000099999999988 0.00000000099999999988 
0.02543360882292610217 0.63513942916024068719 0.15559373102865539651 0.18383323098817777597 
0.00000000099999999999 0.88285141819395185347 0.11714857980604821697 0.00000000099999999999 
0.01604951491667060831 0.02615619593339006677 0.45859611636721431260 0.49919817278272510253 
0.00000000099999999999 0.06430344157980520670 0.37284844574478520629 0.56284811167540960142 
0.22989693653506329540 0.02978241281946703359 0.53448697347846907402 0.20583367716700068373 
0.09682185465596113150 0.03573457085426091917 0.38953112784419402503 0.47791244664558391042 
0.00000000099999999999 0.00000000099999999999 0.52413660472033896109 0.47586339327966103996 
0.07314179511400466238 0.01565385924236347218 0.46545884565835138336 0.44574549998528034678 
0.10123132846701743404 0.10462920446902662652 0.44764823035670153750 0.34649123670725434643 
0.27138270273759346196 0.00000000100000000000 0.44144935171074367597 0.28716794455166272382 
0.25638036474532727160 0.00000000099999999999 0.56383386670177515487 0.17978576755289754630 
0.02335547389280974093 0.00000000099999999999 0.54428076551375159653 0.43236375959343859021 
0.05212133053470544702 0.04017099152567436826 0.54311663661703324379 0.36459104132258701725 
0.20204334715713900827 0.01052972798398810021 0.73276648661889054459 0.05466043823998236600 
0.35668689838174122420 0.03142181852918653900 0.35370688133725669555 0.25818440175181556206 
0.13518047172297328884 0.02159538162081325180 0.55990186261309593529 0.28332228404311754488 
0.12695275979549738854 0.00000032813616784701 0.46831915249319694405 0.40472775957513767997 
0.00000000099999999999 0.00000000099999999999 0.55533974326041224412 0.44466025473958764591 
0.09148843517831195538 0.00835991054193497424 0.53848302069247022672 0.36166863358728296163 
0.06093937039386580073 0.02690995672302738673 0.52290837383009269868 0.38924229905301410692 
0.15577724600679074274 0.17833541941100142236 0.37090946476140534971 0.29497786982080248519 
0.08325657632413235865 0.00000000099999999999 0.45563082465982712721 0.46111259801604054243 
0.03882027548550479046 0.05143927242847655401 0.47979508211912091920 0.42994536996689763919 
0.05447474408618666053 0.02497272504874465185 0.53123927180437680029 0.38931325906069191856 
0.13354399955229417918 0.01863110159890711895 0.66062643707768586854 0.18719846177111273966 
0.15585683803292252336 0.00000000113238492173 0.46320415495701211528 0.38093900587768048105 
0.07323524054511160175 0.00000033994450651587 0.36721290883245283343 0.55955151067792896491 
0.04771655396218151685 0.00908696234510027526 0.46606312498741531147 0.47713335870530299010 
0.00000000099999999984 0.99999999700000008485 0.00000000099999999984 0.00000000099999999984 
0.26820749936437565664 0.00000000100000000000 0.50950622800954747937 0.22228627162607692003 
0.23633510699825871493 0.00000000100000000000 0.16521725707411058504 0.59844763492763064505 
0.22775552289825495844 0.00000000099999999998 0.77203887466306542198 0.00020560143867957587 
0.00000000099999999997 0.00000000099999999997 0.37699274331838728003 0.62300725468161266551 
0.19823517236963694721 0.05295088265367087210 0.39838192059939148137 0.35043202437730064380 
0.04375051375362671441 0.00016269829031762800 0.42782439833843666221 0.52826238961761895485 
0.10028757541855387592 0.00000000099999999997 0.33472448851509839507 0.56498793506634770178 
0.00000000099999999996 0.00000000099999999996 0.34046169037892959341 0.65953830762107046315 
0.06915470945132297376 0.04208467027913209701 0.27452603568603128892 0.61423458458351376521 
0.04988368863893422739 0.00000000100000000000 0.27047756755025914588 0.67963874281080649542 
0.08263873072575926571 0.08866324695065910810 0.20485861541706165689 0.62383940690651995542 
0.05207711194005138627 0.00000000099999999999 0.51297122686528340285 0.43495166019466524610 
0.08286225626283842682 0.00000000099999999998 0.33176892905599525418 0.58536881368116633340 
0.06166017193121907380 0.13359474306330679227 0.32110681899438103803 0.48363826601109310976 
0.11847036194303413315 0.00000000099999999999 0.49782258261656286980 0.38370705444040303922 
0.15721177746171507983 0.00000000099999999997 0.54733053813189436188 0.29545768340639050331 
0.12976237261305037518 0.04825918877854489669 0.31881000982034746194 0.50316842878805734252 
0.22915632443448133437 0.00000000099999999999 0.16208567295102249695 0.60875800161449622472 
0.16719573551814440049 0.16292013053817630541 0.31627251247472376594 0.35361162146895563918 
0.19241354232640059396 0.00000000099999999999 0.50618962730327721200 0.30139682937032208354 
0.04093334666277405332 0.00001758826337825747 0.47835104537763584176 0.48069801969621178683 
0.15373000763394106816 0.00000000099999999998 0.17634420815056237042 0.66992578321549656195 
0.11614047479692453380 0.00005720189255400467 0.30545247983570239514 0.57834984347481899203 
0.09599555731820610949 0.00425694096246603901 0.33094485322889360956 0.56880264849043427056 
0.09656268374356398454 0.10480785486300123188 0.46156602999467577497 0.33706343139875893922 
0.09308600151678238233 0.00000000099999999998 0.41528535936659194405 0.49162863811662571578 
0.13543043568229493068 0.00000000099999999997 0.86442637342968153824 0.00014318988802345403 
0.22611360675868399928 0.00000000099999999999 0.44378297850534376146 0.33010341373597207326 
0.12654034235873681813 0.00332716071585367713 0.46921271356806815156 0.40091978335734140826 
0.16478658220498634823 0.06304843239692115020 0.34419442770415525912 0.42797055769393738123 
0.24834313862914778048 0.06732458041135212790 0.22486976672326883242 0.45946251423623135635 
0.15940022665820965941 0.00000000099999999998 0.44266527432828423061 0.39793449801350605499 
0.20244640613517037031 0.09546376770349139507 0.24878016648800713173 0.45330965967333108901 
0.10580055940625969491 0.15917193099907145371 0.35885851495878440254 0.37616899463588454600 
0.13808690371354198634 0.10203627865655216789 0.45796287250784029066 0.30191394512206559675 
0.20365068219351978307 0.00000000099999999999 0.39650737977040362292 0.39984193703607656678 
0.00000144483902543316 0.05767644606545122704 0.39955076427761110347 0.54277134481791222687 
0.09414821436137033039 0.02697669471516982512 0.29557792415065292646 0.58329716677280696313 
0.76628375309303353724 0.00000000099999999997 0.00000000099999999997 0.23371624490696654708 
0.62024931535698002438 0.00000000099999999999 0.00000000099999999999 0.37975068264301997667 
0.66799009882849336162 0.00920222517630868084 0.00000000099999999999 0.32280767499519796848 
0.24860642583778161385 0.59919980331792632722 0.00582614965196864149 0.14636762119232338275 
0.69098769641947821452 0.13190755290557135138 0.00000000099999999999 0.17710474967495049015 
0.61745008786570987347 0.00000196606771459993 0.00000000100000000000 0.38254794506657552322 
0.32601321595711507673 0.03318190273968876780 0.54733219432049695641 0.09347268698269915743 
0.91514389416334929184 0.00000025319876952516 0.00000000099999999999 0.08485585163788111895 
0.51776499428248645707 0.14662678506160101155 0.01265865713543050212 0.32294956352048220793 
0.76858313158985869240 0.00000656494705359308 0.00000000099999999999 0.23141030246308774698 
0.53677438455036208254 0.00000000099999999998 0.02257122541420917075 0.44065438903542875071 
0.69973778548094600627 0.00000000099999999997 0.00000000099999999997 0.30026221251905405030 
0.43084860405673131023 0.00000000099999999996 0.00000000099999999996 0.56915139394326863531 
0.55486669882587835723 0.03881465145928235383 0.04315405232369980831 0.36316459739113937655 
0.67381739053801370520 0.01661063740683526788 0.00000000099999999998 0.30957197105515099622 
0.96519737250781756366 0.00000000099999999995 0.03480262549218239576 0.00000000099999999995 
0.81834688690273127420 0.00000000099999999998 0.00000000099999999998 0.18165311109726881011 
0.78856747665934234792 0.00995662303209909373 0.00000000099999999999 0.20147589930855860918 
0.65359337229500191757 0.00069928224382040643 0.00000000099999999998 0.34570734446117767913 
0.63541033475196939673 0.06194517722303729407 0.00000000099999999998 0.30264448702499324728 
0.54793240267456877479 0.06098701292221202913 0.06434949551405144685 0.32673108888916768677 
0.29293729840197385572 0.62730988847706348199 0.00000000099999999999 0.07975281212096253791 
0.58064313137065426407 0.00000000099999999999 0.00512584647062905036 0.41423102115871673901 
0.66860496158297655356 0.13749183221698560442 0.00000000099999999998 0.19390320520003789806 
0.99999999700000008485 0.00000000099999999995 0.00000000099999999995 0.00000000099999999995 
0.74379203160223528180 0.03482245419739228576 0.00000000099999999999 0.22138551320037253012 
0.87329127949914808760 0.00000000099999999999 0.05587688850687795583 0.07083183099397398486 
0.99999999699999997382 0.00000000099999999993 0.00000000099999999993 0.00000000099999999993 
0.80978278441883211336 0.08114219487306414957 0.00000001422537723208 0.10907500648272652755 
0.94132440643370729472 0.00000000099999999997 0.00000000099999999997 0.05867559156629284511 
0.84978513832826119145 0.05923673766018447417 0.00000000099999999999 0.09097812301155430714 
0.99202583372337505008 0.00645618721062587476 0.00000000099999999999 0.00151797806599912773 
0.27520901489116583738 0.36131182647908516303 0.19727177119728486754 0.16620738743246415980 
0.75245750323859317277 0.10141977517565275990 0.00000000099999999998 0.14612272058575409561 
0.82264900709168553572 0.11741738594981339372 0.00000000100000000000 0.05993360595850114741 
0.27188329074903450078 0.29664052830022280549 0.21020194293432906130 0.22127423801641366019 
0.64901087612460928167 0.06681417114866562701 0.00099748646394160400 0.28317746626278356148 
0.99999999699999997382 0.00000000099999999989 0.00000000099999999989 0.00000000099999999989 
0.89576351489389638427 0.00000000099999999998 0.10423648310610368617 0.00000000099999999998 
0.94248583058406854018 0.00000000099999999995 0.05751416741593139148 0.00000000099999999995 
0.99999999700000008485 0.00000000099999999990 0.00000000099999999990 0.00000000099999999990 
0.76101378074426206943 0.00000000099999999997 0.23898621725573787611 0.00000000099999999997 
0.99999999700000008485 0.00000000099999999991 0.00000000099999999991 0.00000000099999999991 
0.80631900452216209718 0.00000000099999999999 0.14287268065026170749 0.05080831382757629994 
0.71285166212722805845 0.00000000099999999999 0.12348546667116128139 0.16366287020161063293 
0.99999837278157799325 0.00000061612894210981 0.00000101008947977136 0.00000000099999999997 
0.99999999699999997382 0.00000000099999999992 0.00000000099999999992 0.00000000099999999992 
0.90669050134046458300 0.00069575285591690712 0.09261311983536675563 0.00000062596825163797 
0.92577617009707247053 0.00000000099999999997 0.07422382790292743338 0.00000000099999999997 
0.93104672641039887271 0.00000000099999999999 0.00000000099999999999 0.06895327158960110059 
0.92693881071662675986 0.00169252395232947269 0.00000000099999999998 0.07136866433104384344 
0.99999999700000008485 0.00000000099999999994 0.00000000099999999994 0.00000000099999999994 
0.89481468159653387850 0.00000000099999999999 0.00000000099999999999 0.10518531640346612255 
0.71154529897605656164 0.00000000099999999997 0.28845469902394338391 0.00000000099999999997 
0.00000000099999999992 0.00000000099999999992 0.99999999699999986280 0.00000000099999999992 
0.99999999699999997382 0.00000000099999999997 0.00000000099999999997 0.00000000099999999997 
0.13739277584624479123 0.00000000100000000000 0.22604346583392254111 0.63656375731983261268 
0.36339073726875104065 0.00000000100000000000 0.02986959272312703778 0.60673966900812204006 
0.14991843861711720565 0.09737866554316607082 0.35189169734618447327 0.40081119849353225026 
0.00000000099999999999 0.06390450994351172531 0.41399668101378422902 0.52209880804270403232 
0.19820303390142138267 0.01421892796498537385 0.41391612445882280946 0.37366191367477047391 
0.13129091379555776764 0.00000000099999999999 0.52694573452120263557 0.34176335068323965283 
0.07090404844263420436 0.18521205812038857297 0.28681914858343199315 0.45706474485354525727 
0.19186961210965974844 0.19065479670683868618 0.32854624459000675296 0.28892934659349472915 
0.21397962824245619906 0.01039514145014614789 0.41430383769326617482 0.36132139261413154241 
0.17546310819830329697 0.00000000099999999999 0.46431925055622508269 0.36021764024547153760 
0.17607393585768860156 0.05485740740216640127 0.37640998460439512030 0.39265867213574989769 
0.01760759942345863777 0.00000000099999999998 0.40380214709878980983 0.57859025247775153211 
0.41094184969031821719 0.02116518126370144082 0.31051416801496123377 0.25737880103101923313 
0.02060117571818851842 0.00000000099999999999 0.43932507182225211118 0.54007375145955927032 
0.17609315452358234588 0.00000000099999999999 0.45504339365410534368 0.36886345082231236647 
0.19862972444384441317 0.00000000099999999999 0.47519082244033367113 0.32617945211582183296 
0.33389239684684496323 0.00000000100000000000 0.39028218375137974094 0.27582541840177537962 
0.33821851508606198822 0.00004867293319221159 0.26164348730832048817 0.40008932467242519504 
0.08367028357070574462 0.00000000099999999999 0.63714470505324016791 0.27918501037605419901 
0.26192079596012479703 0.20924375217158672213 0.34813042331470778201 0.18070502855358064331 
0.26316398390986212030 0.50047362030644360065 0.23630367330810470028 0.00005872247558959131 
0.36745752487458871460 0.40492157903420311627 0.07102686831195446915 0.15659402777925371386 
0.33779228941323247160 0.00000772343991291536 0.42005727217527699668 0.24214271497157760504 
0.00000000099999999996 0.00000000099999999996 0.96398691136970671156 0.03601308663029323398 
0.10321465778802851876 0.00000000099999999999 0.47556217363340391735 0.42122316757856759217 
0.03479514177741432207 0.00000000100000000000 0.41852652216975699817 0.54667833505282870110 
0.11898630883262623081 0.00000034258641319046 0.49689150957783340123 0.38412183900312718565 
0.00000000099999999998 0.00000000099999999998 0.58378040703045475102 0.41621959096954525004 
0.00000000099999999996 0.00000000099999999996 0.78261031396022873174 0.21738968403977124155 
0.07293186130092411956 0.39728823173754185261 0.18034645111519384542 0.34943345584634011303 
0.13976143644655242282 0.06224568371073275347 0.35663008875647783658 0.44136279108623693856 
0.17862746655725714184 0.04166672127920573870 0.22146635223159277794 0.55823945993194423743 
0.01921093006852473209 0.00015205056048315401 0.67035127014933715284 0.31028574922165502725 
0.36353947398615404918 0.01911137638650297482 0.28812367452661696854 0.32922547510072597277 
0.00000000099999999998 0.00000000099999999998 0.70668052627215260930 0.29331947172784733624 
0.00278124779497651358 0.06245325251336285299 0.56491613663166839743 0.36984936305999227546 
0.05767300457972870248 0.31193626841201210764 0.33622448398138427006 0.29416624302687494064 
0.05747771200242812739 0.16295032624212230088 0.38994358589956124028 0.38962837585588827594 
0.06492204283310507029 0.10374754256052885759 0.56728765053064755808 0.26404276407571847241 
0.00000000099999999998 0.00000000099999999998 0.47006038349279838373 0.52993961450720150630 
0.00000000099999999999 0.97415532548896999199 0.02584467251102998131 0.00000000099999999999 
0.00000000099999999985 0.00000000099999999985 0.00000000099999999985 0.99999999700000008485 
0.13286419275462188483 0.00000000099999999999 0.86713580524537803296 0.00000000099999999999 
0.00000000099999999998 0.99999999700000008485 0.00000000099999999998 0.00000000099999999998 
0.07542485450402283687 0.09753903021782713012 0.42728156777752801521 0.39975454750062200393 
0.00000000099999999992 0.99999999699999997382 0.00000000099999999992 0.00000000099999999992 
0.02941931322654361969 0.00000000099999999999 0.38029052608928365364 0.59029015968417286597 
0.08802315551576853081 0.00000000100000000000 0.59855064181112349608 0.31342620167310791812 
0.00000000099999999995 0.00000000099999999995 0.24457726270125779156 0.75542273529874215399 
0.02234375401455640509 0.00000000099999999999 0.82303202516159768010 0.15462421982384594310 
0.02122555238447918977 0.00000000099999999998 0.17329044186760692026 0.80548400474791392867 
0.00000000099999999993 0.00000000099999999993 0.00000000099999999993 0.99999999700000008485 
0.22138519952124285917 0.07191734369024289919 0.51436030803304078063 0.19233714875547336387 
0.23800919927117836217 0.00005549320425343971 0.60961621812702360135 0.15231908939754457144 
0.20666036141267551951 0.02609406827046359054 0.39330658066508655812 0.37393898965177435612 
0.00000000099999999988 0.00000000099999999988 0.00000000099999999988 0.99999999700000008485 
0.06714144091300204564 0.05197510144924438052 0.31383618893540848882 0.56704726870234523073 
0.01460460905782634718 0.03731665074860740505 0.12379931918685302406 0.82427942100671325321 
0.00000000099999999995 0.00000000099999999995 0.00000000099999999995 0.99999999700000008485 
0.09085602791837749104 0.02388858982938592973 0.49321623841171358116 0.39203914384052296338 
0.00000000099999999997 0.25712714004979164706 0.00000000099999999997 0.74287285795020829848 
0.14894712443754315467 0.08012468394954345985 0.61602873951728420732 0.15489945209562933082 
0.00000000099999999993 0.00000000099999999993 0.00000000099999999993 0.99999999700000008485 
0.07948583735474906709 0.00000000100000000000 0.53461087571312437827 0.38590328593212647190 
0.01165931478694076130 0.01224908511188586673 0.37092499528963196465 0.60516660481154138651 
0.12885901500492055738 0.04772624560900944751 0.40324580380304930749 0.42016893558302059741 
0.03282003889872506935 0.00000000099999999998 0.96717995910127474435 0.00000000099999999998 
0.30000729563051026227 0.03910578604548495263 0.39784859389649263051 0.26303832442751212684 
0.08029068185310143935 0.24978869862264616031 0.66991510669318365956 0.00000551283106873942 
0.00000000099999999990 0.00000000099999999990 0.00000000099999999990 0.99999999700000008485 
0.02646025554572477984 0.00000000100000000000 0.92396442177173276900 0.04957532168254250027 
0.10985730175096812544 0.00000000099999999993 0.89014269624903186173 0.00000000099999999993 
0.02945614429197921519 0.00000000099999999999 0.95746396707811332050 0.01307988762990739025 
0.00000000099999999991 0.00000000099999999991 0.99999999699999997382 0.00000000099999999991 
0.11628757390152313911 0.02015608494784780491 0.50150762709208229762 0.36204871405854682775 
0.08860966304117906533 0.04535528750264709863 0.70437025123971808149 0.16166479821645582393 
0.19462021040246316184 0.07669311243502238695 0.23855698357704255286 0.49012969358547198162 
0.03475900151799311832 0.16182928756812284266 0.49058558473115565501 0.31282612618272853666 
0.22156015308862592184 0.01564589312608195837 0.64255188876128832565 0.12024206502400371088 
0.00000000099999999993 0.00000000099999999993 0.99999999699999997382 0.00000000099999999993 
0.00000000099999999990 0.00000000099999999990 0.99999999699999997382 0.00000000099999999990 
0.09817301001179951081 0.05669902560637880840 0.59736824833805046708 0.24775971604377117208 
0.00648856129887004449 0.00000000099999999994 0.99351143670113006845 0.00000000099999999994 
0.00000016198139900865 0.00000000099999999997 0.99999950414857696757 0.00000033287002395847 
0.05561051312998363527 0.00512000694918626591 0.20816218480417189585 0.73110729511665828451 
0.19791278883231072649 0.04549009034983067523 0.75659711532230089492 0.00000000549555763051 
0.00000000099999999979 0.00000000099999999979 0.99999999699999986280 0.00000000099999999979 
0.00000000099999999995 0.00000000099999999995 0.99999999699999997382 0.00000000099999999995 
