0.12088419387443972985 0.00000000100000000000 0.01220596288417410621 0.63684128928934646829 0.23006855295203970657 
0.00000000099999999999 0.07049139261677583868 0.05575329087310346848 0.55561396866689949370 0.31814134684322120661 
0.00000000099999999998 0.00000000099999999998 0.04905721209757500645 0.73650776531205308650 0.21443502059037178320 
0.07402113725338692329 0.02984195415703106563 0.16629446033203804101 0.67817208183797472731 0.05167036641956931908 
0.13281019722144352113 0.00000000099999999999 0.06343948277217044407 0.59469057109030976083 0.20905974791607626062 
0.07760224018422301473 0.00000000099999999999 0.07393343708517545465 0.74624353879870730655 0.10222078293189428011 
0.00000000100000000000 0.06886022421400253557 0.17550111694505116100 0.58992127345554934426 0.16571738438539690419 
0.05940608893727988143 0.05682055396866757951 0.05901151771450256767 0.62301002047942499740 0.20175181890012500174 
0.11141251170399020520 0.04890853107774583569 0.02250346992542978306 0.69966546931842188428 0.11751001797441221197 
0.05889389966180517966 0.10110011243100526512 0.02498590491641561329 0.81502008199077380368 0.00000000100000000000 
0.00000000099999999998 0.06742277726230344603 0.00000000099999999998 0.83919410938510585751 0.09338311135259062812 
0.11632307600555465144 0.11221630855382230818 0.01073294282419636966 0.72262202956794252540 0.03810564304848415573 
0.14238396368260766711 0.37217236849636314844 0.00134337747194505420 0.35752677547919525791 0.12657351486988888123 
0.07049868771472356244 0.07783390324278932626 0.04796327010128923624 0.60241407115610767775 0.20129006778509039854 
0.14168619145057403941 0.00899567549458812551 0.06218398132713556098 0.63678031618285380056 0.15035383554484843538 
0.14095804841786102601 0.12541975804443195042 0.10300517901577990743 0.54227251614844163008 0.08834449837348544443 
0.05535328486525007557 0.10270146112299879948 0.03227162061583369046 0.70817729780432114861 0.10149633559159622342 
0.04597173495138745514 0.05697860777408754462 0.04068176443535762021 0.59431218488892667562 0.26205570795024063502 
0.10743466260975172155 0.02339755630474833412 0.02679842367010814436 0.70736232260818876494 0.13500703480720291361 
0.15737836399159602085 0.00000000099999999999 0.04172794306613437226 0.50916494325578143254 0.29172874868648823732 
0.00000000099999999999 0.00000000099999999999 0.06370672549098385651 0.66108554774738448323 0.27520772476163180009 
0.07367481105044704215 0.05664954253442755494 0.13146774071941666473 0.48799253027333239219 0.25021537542237648477 
0.03487818483155279148 0.00000000099999999999 0.06890798420261898261 0.79342277232412605770 0.10279105764170223813 
0.14466070114835991034 0.00000000100000000000 0.11735000722018572306 0.56514740628269677369 0.17284188434875769058 
0.14750440542905993158 0.14001513883254754211 0.11333724724435735587 0.49222670370501353521 0.10691650478902164911 
0.00000000099999999999 0.00000000099999999999 0.13147606640692019453 0.68050982163745410425 0.18801410995562575779 
0.15405579456695550622 0.00000000099999999999 0.02794532257977710640 0.64931675674112210306 0.16868212511214528138 
0.03189563480435214649 0.01890918268493391521 0.06804480760717034060 0.59860212137788249009 0.28254825352566104169 
0.00000000099999999999 0.00000000099999999999 0.09276147326778580449 0.71710690942298016548 0.19013161530923400333 
0.00000000099999999999 0.00000000099999999999 0.00152675495973041641 0.79872135487418449706 0.19975188816608516196 
0.00000000099999999999 0.00000000099999999999 0.12675303098933637935 0.48685105704535958093 0.38639590996530415179 
0.05716817550942227683 0.03356904524016524755 0.05110647866388032950 0.65794290004229960545 0.20021340054423253374 
0.06345572967768794981 0.04573128432047535163 0.19015936294976237830 0.57648518237547297094 0.12416844067660133544 
0.20850622508978572389 0.04347849096333466362 0.00000000099999999998 0.63412485975289600848 0.11389042319398363923 
0.00000000099999999999 0.10251532668039824159 0.11849090340194158577 0.60016232035981853521 0.17883144855784180449 
0.00000000102144301708 0.10935722095822694722 0.04741043052910125233 0.76727686866246158637 0.07595547882876721446 
0.00000000100000000000 0.12585985609239236371 0.02551619728487148839 0.54260089666127009345 0.30602304896146603763 
0.00000000099999999998 0.10300746232805031710 0.00004257603765079091 0.89694995963429879904 0.00000000099999999998 
0.23077240930880249525 0.08869640879790399723 0.01127278275741366159 0.66553577517306883315 0.00372262396281106437 
0.00000000100000000000 0.11082910197820826370 0.06569246971546599534 0.70863108013144970876 0.11484734717487589395 
0.02760886021689911221 0.07851775308843246537 0.05807424214252480260 0.61123712807114793932 0.22456201648099574641 
0.08428860763106615916 0.00735470147454193261 0.08957706951831430342 0.70652500238888216177 0.11225461898719553411 
0.00000000099999999999 0.00000000099999999999 0.28660117850923211291 0.56649474141081690437 0.14690407807995090050 
0.09137568104774204669 0.03293756412795791760 0.09750782910681123072 0.74277899802988434086 0.03539992768760436004 
0.20453023707027837008 0.02502042941725021730 0.05896289385211012091 0.64141528151096915966 0.07007115814939199328 
0.00000008912994547231 0.07606816271195930568 0.22695877773529252175 0.69697296942280262400 0.00000000100000000000 
0.05222060738540180991 0.18195504249172875233 0.00000000099999999999 0.76582434812286936943 0.00000000099999999999 
0.04588314233393608887 0.16773295770638146918 0.03812416699690179822 0.65363538151891953376 0.09462435144386116548 
0.00000000099999999999 0.03695098748398412819 0.12170263061550952444 0.70248392030891093629 0.13886246059159548794 
0.06117814030420508364 0.18467307932936849468 0.01422887272633875481 0.73991989471859720418 0.00000001292149045420 
0.00000000099999999995 0.00000000099999999995 0.00000000099999999995 0.99999999600000000211 0.00000000099999999995 
0.06642994710225078037 0.13525527112873936275 0.01457898511701691789 0.78373579565199280594 0.00000000099999999999 
0.00014895289273799452 0.25130098479059259642 0.05460051444346018801 0.65789689083141045245 0.03605265704179889952 
0.18148856949942687722 0.10136498806931200367 0.03652410772499223995 0.40313339365222722321 0.27748894105404164900 
0.00000000100000000000 0.15166084348499803136 0.05739441429778557174 0.77074835589413748238 0.02019638532307892198 
0.00000000099999999992 0.00000000099999999992 0.00000000099999999992 0.99999999600000000211 0.00000000099999999992 
0.02074529867877845241 0.00000000100000000000 0.11967582592650495565 0.85049897784393102551 0.00907989655078559818 
0.00000000099999999996 0.00000000099999999996 0.04166165076963763980 0.87999572554490235188 0.07834262168545992611 
0.06886004594360893571 0.22375686184432805326 0.22118181517722937390 0.41813450757532033553 0.06806676945951328772 
0.00000000100000000000 0.12334630855495432034 0.14194027460971919696 0.73462859871120700372 0.00008481712411937187 
0.00000000099999999995 0.00000000099999999995 0.20067404020926410402 0.70639593450430748778 0.09293002328642833987 
0.00000425027199099279 0.12080751679899419393 0.03519340736867309499 0.84178196376815339619 0.00221286179218835094 
0.00000000099999999988 0.00000000099999999988 0.00000000099999999988 0.99999999600000000211 0.00000000099999999988 
0.00000000099999999998 0.00000000099999999998 0.09519818991943233832 0.85639534955992480114 0.04840645852064290322 
0.00000000099999999995 0.00000000099999999995 0.00000000099999999995 0.99999999599999989108 0.00000000099999999995 
0.00000000099999999995 0.00000000099999999995 0.00158256894911086208 0.99841742805088906643 0.00000000099999999995 
0.00000000099999999986 0.00000000099999999986 0.00000000099999999986 0.99999999599999989108 0.00000000099999999986 
0.05142499221908171381 0.03032011197695606147 0.05597737999933562192 0.86227751480462655476 0.00000000100000000000 
0.00000000099999999999 0.26267585943151117167 0.07168989081471188740 0.66057038316560412472 0.00506386558817261984 
0.00000000099999999985 0.00000000099999999985 0.00000000099999999985 0.99999999599999989108 0.00000000099999999985 
0.00000000099999999999 0.00000000099999999999 0.16784690061176310572 0.76940069132951460773 0.06275240605872224597 
0.00000000099999999974 0.00000000099999999974 0.99999999600000000211 0.00000000099999999974 0.00000000099999999974 
0.00000000099999999999 0.00000000099999999999 0.02715698548412425264 0.96175267911139428190 0.01109033340448147865 
0.09428425330425828366 0.03881087627549274777 0.15020292844028057533 0.71670194097996831051 0.00000000099999999998 
0.18207634812681636194 0.04382126336762617869 0.02670269646955262741 0.74739969103600478739 0.00000000099999999998 
0.00000000099999999990 0.00000000099999999990 0.10698701893686626829 0.89301297806313362226 0.00000000099999999990 
0.00000000099999999997 0.12718595139326929755 0.13398602207143284204 0.73882802453529783371 0.00000000099999999997 
0.20087056011770221264 0.19474540013789065629 0.11012055892453823103 0.00000000099999999999 0.49426347981986884506 
0.02029921166297392679 0.17006077869539429348 0.01898339849600258131 0.79065661014562904629 0.00000000100000000000 
0.15399424920686474727 0.03181815403463503916 0.05736710653966473061 0.73182618575615332457 0.02499430446268203002 
0.05937197859654260584 0.00000000099999999997 0.75545615659460207958 0.18517186280885528094 0.00000000099999999997 
0.00000000099999999988 0.00000000099999999988 0.72954369302378729856 0.27045630397621261976 0.00000000099999999988 
0.00000000099999999997 0.00000000099999999997 0.78211137050428758410 0.21788862649571236196 0.00000000099999999997 
0.00000000099999999994 0.00000000099999999994 0.82397390366852196752 0.17602609333147786752 0.00000000099999999994 
0.00000000099999999996 0.00000000099999999996 0.76836073922897241140 0.23163925777102736814 0.00000000099999999996 
0.00000000099999999997 0.00000000099999999997 0.40288739766214076710 0.49330886226665948691 0.10380373807119959439 
0.00000000099999999994 0.00000000099999999994 0.77964763586712992893 0.22035236113287010040 0.00000000099999999994 
0.00000000099999999953 0.00000000099999999953 0.99999999599999989108 0.00000000099999999953 0.00000000099999999953 
0.00919175919366159444 0.09354328213594999275 0.56577227766096294115 0.25681675678142529273 0.07467592422800016505 
0.00000000099999999999 0.07319528499644969988 0.66866141971736636762 0.25814329328618401682 0.00000000099999999999 
0.00000000099999999984 0.00000000099999999984 0.99999999599999989108 0.00000000099999999984 0.00000000099999999984 
0.00000000099999999996 0.00000000099999999996 0.19689424105745267912 0.80310575594254740572 0.00000000099999999996 
0.00000000099999999999 0.07141755718871067860 0.24376077067280088606 0.56940623854896532663 0.11541543258952302597 
0.00000000099999999972 0.00000000099999999972 0.99999999599999989108 0.00000000099999999972 0.00000000099999999972 
0.00000000099999999998 0.00000000099999999998 0.63666802001196565186 0.23702432696611436258 0.12630765102191993110 
0.07408893303882137238 0.00000000099999999999 0.78781167345108649158 0.13809939151009203995 0.00000000099999999999 
0.00000000099999999987 0.00000000099999999987 0.99999999600000000211 0.00000000099999999987 0.00000000099999999987 
0.12607690902446036518 0.00003936953104002980 0.31444693680797475288 0.12598837223201916902 0.43344841240450565634 
0.00000000099999999999 0.00000000099999999999 0.81344340147880234149 0.14578283756239204805 0.04077375895880552131 
0.05826718632598173325 0.04778625151556505773 0.77131569787256626380 0.12263086328588682083 0.00000000099999999999 
0.00000000099999999996 0.00000000099999999996 0.67780525307485006703 0.32219474392514990679 0.00000000099999999996 
0.00000000099999999988 0.00000000099999999988 0.99999999599999989108 0.00000000099999999988 0.00000000099999999988 
0.05030451374572558060 0.00000000100000000000 0.14061800333922469530 0.63245266553012824406 0.17662481638492152913 
0.13219073430153135962 0.00000000099999999999 0.70787728872185018414 0.15993197497661851281 0.00000000099999999999 
0.47119951612509636263 0.01423992984069196929 0.01560881050174656864 0.03561892629553140011 0.46333281723693359178 
0.36266008485291734154 0.00000000099999999998 0.00000000099999999998 0.11413847363207195451 0.52320143951501052459 
0.54226635231641651114 0.20858787750945892436 0.00000000100000000000 0.06046359793454725989 0.18868217123957728432 
0.39793830823777492922 0.08994548070467407730 0.00606062480415242230 0.04983368458148008939 0.45622190167191856158 
0.52324083520544562020 0.00000000099999999999 0.00000000099999999999 0.01954998438084684653 0.45720917841370761758 
0.47129135765550217441 0.07455295456088781303 0.02393560279722435971 0.00000000100000000000 0.43022008398638572624 
0.43001165023310472524 0.08879623663702876368 0.00727256706321156073 0.14826176881188268819 0.32565777725477235149 
0.46200068085958440056 0.26917886119210288065 0.00000000100000000000 0.00327967829603730259 0.26554077865227554422 
0.55121643704175427025 0.26286794835379639901 0.00000000099999999998 0.00000000099999999998 0.18591561260444941506 
0.54913102978663586029 0.03689800567244195389 0.00000000099999999999 0.00000000099999999999 0.41397096254092208278 
0.53908148143751311032 0.05125287810043212960 0.00000000100000000000 0.06974884124995300860 0.33991679821210185608 
0.70743816253576841113 0.16029746204244946228 0.00000000099999999999 0.07932479763548624940 0.05293957678629609975 
0.33942749337646233032 0.33665772498309981531 0.00000000099999999999 0.08352204914866152852 0.24039273149177647904 
0.55072623262862219207 0.13359857265087315970 0.03377890579639267893 0.00000039698025988835 0.28189589194385217263 
0.48811493908429504085 0.12869952340666648838 0.00792902818149705813 0.00000000100000000000 0.37525650832754137154 
0.50266899825368660526 0.00000000099999999998 0.00000000099999999998 0.05779742071874702930 0.43953357902756640119 
0.51296842421695787451 0.08126024711570037362 0.00000000099999999999 0.06572486038355296323 0.34004646728378878917 
0.50064798155792733514 0.03240699143276701971 0.00000000099999999999 0.10243547201962531490 0.36450955398968032384 
0.36283126101732515734 0.14868512936038350003 0.00780928435654788290 0.20920642393799904202 0.27146790132774434312 
0.47176341234389829182 0.09093898290609336854 0.00000000099999999998 0.00000000099999999998 0.43729760275000856273 
0.48963625826499751481 0.02574139012803386070 0.00257820762159300916 0.08099636551106600968 0.40104777847430961302 
0.51930324879077038869 0.03196596436193509250 0.00000000099999999999 0.07763098694093463481 0.37109979890635996780 
0.63890485238168470694 0.12395902090410620966 0.00000000099999999999 0.06907894852833836030 0.16805717718587076526 
0.47089118172495419978 0.15970198464299384389 0.00000000099999999999 0.02070594849846578434 0.34870088413358613089 
0.34326696556688274242 0.05413936519887768001 0.00000000099999999998 0.08640377704918507373 0.51618989118505442804 
0.44486622434442607554 0.03739333383801660138 0.00000000099999999999 0.06008918163758637798 0.45765125917997107052 
0.00000000099999999987 0.00000000099999999987 0.76144006406468833781 0.23855993293531169153 0.00000000099999999987 
0.49734225371524831694 0.24245905146183863166 0.00000000099999999998 0.06664698933194494745 0.19355170449096817387 
0.21862745712739409254 0.21767834572559224826 0.00000000099999999998 0.04238947841904523034 0.52130471772796838081 
0.78222939874213337497 0.21777059675940010908 0.00000000099999999996 0.00000000099999999996 0.00000000249846645634 
0.44147877156152759426 0.00000000099999999995 0.00000000099999999995 0.00000000099999999995 0.55852122543847226854 
0.37139690415770265641 0.17134216697268483953 0.00000000099999999999 0.12835533715821542677 0.32890559071139713332 
0.42821728383004842300 0.04028477753623017216 0.00000675982898617461 0.02745866364851158245 0.50403251515622371492 
0.37934224395264037888 0.10810785858743286736 0.00000000099999999994 0.00000000099999999994 0.51254989545992679645 
0.38605634822026868580 0.00000000099999999995 0.00000000099999999995 0.00000000099999999995 0.61394364877973128802 
0.36351075296560625416 0.04853346309807493597 0.06606434485345763497 0.00000000100000000000 0.52189143808286131421 
0.31552365479348770672 0.03917425402775162602 0.05522763148337234140 0.00000000099999999998 0.59007445869538821537 
0.22168030302906871487 0.08073819267529371013 0.01295644348541805449 0.11250129524707803974 0.57212376556314148424 
0.56892584093137921197 0.03883835865858866615 0.00000000099999999999 0.00000000099999999999 0.39223579841003214375 
0.36681635672782147983 0.08727410075724138794 0.00000000099999999996 0.00000000099999999996 0.54590954051493700838 
0.35809618411793070480 0.06036742428692400131 0.06184659826586084985 0.08609684849180003485 0.43359294483748439530 
0.57119397631906321244 0.10945231647151722199 0.00000000099999999999 0.00000000099999999999 0.31935370520941969152 
0.58705898109081178227 0.14889014849636070248 0.00000000099999999995 0.00000000099999999995 0.26405086841282771060 
0.33007498264564277823 0.12146327895165907884 0.01675801032071125990 0.05515327541491888558 0.47655045266706791418 
0.20766916722102124471 0.22809265443208540103 0.00000000099999999999 0.00000000099999999999 0.56423817634689321654 
0.32468313016595218290 0.16384520437492561262 0.07361108298939078587 0.10790150164290407409 0.32995908082682734452 
0.53472367780416174554 0.18010152420060421274 0.00000000099999999998 0.00000000099999999998 0.28517479599523426481 
0.49931155228536300283 0.03383775302348995817 0.02260820082744757070 0.00000000099999999999 0.44424249286369960066 
0.26385659725589766245 0.15654879310194286246 0.00000000099999999996 0.00000000099999999996 0.57959460764215942064 
0.30858482723222102617 0.11146665464448744787 0.00000000100000000000 0.01369456450743400736 0.56625395261585742546 
0.34178577698417694775 0.09644460194424570032 0.01524199148503526183 0.00000000100000000000 0.54652762858654202471 
0.47485673549400353455 0.08118547481241050745 0.00000000100000000000 0.14086437199658161101 0.30309341669700423649 
0.45155766011126940995 0.09440922377898472440 0.00000000099999999996 0.00000000099999999996 0.45403311410974589446 
0.87086108313072652098 0.12913891386927356386 0.00000000099999999995 0.00000000099999999995 0.00000000099999999995 
0.48465632343505676838 0.22056721400924722554 0.00000000099999999998 0.00000000099999999998 0.29477646055569600714 
0.49042595132929323043 0.12366620868426256297 0.00863353011667893598 0.00095295499838593317 0.37632135487137946539 
0.34344897470586582822 0.15901562495707385891 0.01576912455095342766 0.08828058575667360741 0.39348569002943323270 
0.21238516172681043415 0.20631448471157493030 0.00000000099999999999 0.17662990384585253167 0.40467044871576213216 
0.47617885035524210036 0.15982578108403142081 0.00000000099999999996 0.00000000099999999996 0.36399536656072639662 
0.28661658850496690709 0.17911877424272426573 0.01244027629787620645 0.10252992025732285408 0.41929444069710969378 
0.35259993912902126700 0.08196743916586540779 0.03295645181535944435 0.16415285921502792421 0.36832331067472590114 
0.45365623484554645772 0.09246392254941029898 0.00000000099999999999 0.18269995572505759451 0.27117988587998553829 
0.42342426423361950727 0.19890646027673816731 0.00000000099999999998 0.00000002905932632525 0.37766924543031604733 
0.41530689323051356299 0.00000000100000000000 0.03069264961224098254 0.04154174334818628439 0.51245871280905919143 
0.30936038072776811392 0.09681474106930719470 0.04492808148343434282 0.00000000100000000000 0.54889679571949023806 
0.00000000099999999997 0.76924179195985609159 0.00000000099999999997 0.00000000099999999997 0.23075820504014393775 
0.00000000099999999999 0.61915408374322589147 0.00000000099999999999 0.00000001422746749274 0.38084590002930662767 
0.00000000099999999998 0.66886971570827391531 0.02016630914943843417 0.00000000099999999998 0.31096397314228774178 
0.00000000100000000000 0.14062836292210006972 0.04149769482839222451 0.70359836282152266040 0.11427557842798503895 
0.00000000099999999999 0.63678685680716029527 0.00000000099999999999 0.18908790728564353611 0.17412523390719608640 
0.00000000100000000000 0.62147030783623813388 0.00000000100000000000 0.00000009415453641929 0.37852959600922553296 
0.47833174664189004321 0.29592417448660440771 0.00000000100000000000 0.09810869893354884352 0.12763537893795659506 
0.00000000099999999999 0.94899098935089887252 0.02028165037201958704 0.00000000099999999999 0.03072735827708171497 
0.00000835109968162448 0.48447043761905717041 0.02002127723532508285 0.19526163049357256329 0.30023830355236358347 
0.00000000100000000000 0.77890505103022933397 0.00000002121413206333 0.00000508943049654948 0.22108983732514189691 
0.04848097352353504530 0.53817000181291874128 0.00000000099999999997 0.00000000099999999997 0.41334902266354611733 
0.00000000099999999997 0.70489119984635006944 0.00000000099999999997 0.00000000099999999997 0.29510879715365001541 
0.00000000099999999995 0.44656695562395182231 0.00000000099999999995 0.00000000099999999995 0.55343304137604798498 
0.05744518619876773369 0.54719106132007322429 0.03786632403727566848 0.01177726653610761641 0.34572016190777565825 
0.00000000099999999998 0.68311560002258053803 0.01084169642411087799 0.00000009910698004096 0.30604260344632860935 
0.05609287541994328191 0.94390712158005674048 0.00000000099999999991 0.00000000099999999991 0.00000000099999999991 
0.00000000099999999996 0.81945170572007575149 0.00000000099999999996 0.00000000099999999996 0.18054829127992438886 
0.00000000099999999998 0.78540762758972249014 0.02750227462541526141 0.00000000099999999998 0.18709009578486243686 
0.00000000099999999997 0.65848358699517983705 0.00000000099999999997 0.00001298673832986296 0.34150342426649044070 
0.00000000099999999998 0.64044529201163413745 0.06377423433213363912 0.00000000099999999998 0.29578047165623239101 
0.04808977278275879813 0.54602430601073959071 0.03524691073952481574 0.05538444180131345956 0.31525456866566331504 
0.00000000100000000000 0.34243845190135835388 0.48922012784383450690 0.09253359461981311429 0.07580782463499408097 
0.04371275266705190038 0.57047280233815667039 0.00000000099999999998 0.00000027185779359789 0.38581417213699775726 
0.00000000099999999998 0.63645544483650473566 0.00000000099999999998 0.17518473000484624524 0.18835982315864915893 
0.00000000099999999994 0.99999999600000000211 0.00000000099999999994 0.00000000099999999994 0.00000000099999999994 
0.00000000099999999999 0.73873773225113825713 0.01074262609753797761 0.03081573230497315630 0.21970390834635072919 
0.06239741873853699855 0.87360377235623254411 0.00000000099999999998 0.00000000099999999998 0.06399880690523045146 
0.00000000099999999990 0.99999999600000000211 0.00000000099999999990 0.00000000099999999990 0.00000000099999999990 
0.00000044761866677485 0.82148708759454092121 0.05973311191277209942 0.01623728029996332478 0.10254207257405681397 
0.00000000099999999995 0.93368531095127660357 0.00000000099999999995 0.00000000099999999995 0.06631468604872335637 
0.00000000099999999999 0.85609387740894749008 0.05921483375609953165 0.00000000099999999999 0.08469128683495298626 
0.00000000099999999998 0.90844165936053411503 0.00000000099999999998 0.07143186542425733476 0.02012647321520859636 
0.11003193631322435997 0.21836829602772830916 0.00000000100000000000 0.52100455539092482837 0.15059521126812253078 
0.00000000099999999998 0.72702925833932163791 0.02449105164596156875 0.09262866400358202301 0.15585102501113487494 
0.00000228331266416443 0.80557448894558603136 0.02807209774305628389 0.11219601703897354172 0.05415511295972004480 
0.16944266450934619694 0.24173950184145792663 0.03542309300696821345 0.34964639811175129980 0.20374834253047641175 
0.02364829508207186293 0.63870250562029640129 0.06403233236743303969 0.00000000100000000000 0.27361686593019846070 
0.00000000099999999985 0.99999999600000011313 0.00000000099999999985 0.00000000099999999985 0.00000000099999999985 
0.10817317889364996830 0.89182681810634989450 0.00000000099999999997 0.00000000099999999997 0.00000000099999999997 
0.06805886941355294983 0.93194112758644709338 0.00000000099999999993 0.00000000099999999993 0.00000000099999999993 
0.00000000099999999986 0.99999999600000000211 0.00000000099999999986 0.00000000099999999986 0.00000000099999999986 
0.25098171666729723883 0.74901828033270279050 0.00000000099999999995 0.00000000099999999995 0.00000000099999999995 
0.00000000099999999986 0.99999999600000000211 0.00000000099999999986 0.00000000099999999986 0.00000000099999999986 
0.11813742387665362998 0.80288568950914251943 0.00000000099999999998 0.00000000099999999998 0.07897688461420390715 
0.11435467890598007001 0.71188922329201187456 0.00000000099999999999 0.00000000099999999999 0.17375609580200812587 
0.00000000099999999996 0.97404777671262232630 0.00000000099999999996 0.02595222028737760242 0.00000000099999999996 
0.00000000099999999989 0.99999999600000000211 0.00000000099999999989 0.00000000099999999989 0.00000000099999999989 
0.09948134787077431151 0.88116354202820990071 0.01935510810101592760 0.00000000100000000000 0.00000000100000000000 
0.08023772590046619746 0.91512053056203990220 0.00000000099999999997 0.00464174153749399073 0.00000000099999999997 
0.00000000099999999998 0.92349568623502864551 0.00000000099999999998 0.00000000099999999998 0.07650431076497153648 
0.00000000099999999997 0.90959164739630737895 0.00000000099999999997 0.02274729109343480091 0.06766105951025777610 
0.00000000099999999992 0.99999999600000000211 0.00000000099999999992 0.00000000099999999992 0.00000000099999999992 
0.00000000099999999999 0.89239159700402870268 0.00000224742829481360 0.00000000099999999999 0.10760615356767662398 
0.29039685872262333000 0.70960313827737653281 0.00000000099999999996 0.00000000099999999996 0.00000000099999999996 
0.99999999600000000211 0.00000000099999999989 0.00000000099999999989 0.00000000099999999989 0.00000000099999999989 
0.00000000099999999996 0.99999999600000000211 0.00000000099999999996 0.00000000099999999996 0.00000000099999999996 
0.25198417378130516520 0.12111732237897987474 0.00000000099999999999 0.01532098194732189542 0.61157752089239314497 
0.07310120239598193181 0.34049416715317604165 0.00000000099999999999 0.00000000099999999999 0.58640462845084195820 
0.37634710426591050370 0.12041684596017572517 0.02360552145215939410 0.11734885282181914401 0.36228167549993528507 
0.42350761534605102510 0.00000000099999999999 0.08406446090933500370 0.00000000099999999999 0.49242792174461391674 
0.41099354016856798344 0.15660536321434526119 0.00000000099999999999 0.09478536388699365656 0.33761573173009307158 
0.50968303316036489559 0.09029537445546105545 0.00000000099999999997 0.08069936163131653795 0.31932222975285756705 
0.27152405726580797207 0.04793221779328632470 0.02222595316782674871 0.22800798672770963837 0.43030978504536931961 
0.27202792812497256225 0.12578876411413536518 0.00000000099999999998 0.34762112705466041707 0.25456217970623173930 
0.42419257336656623902 0.21514150890500005620 0.02396854566973173270 0.00000000100000000000 0.33669737105870212179 
0.49739775990472906431 0.16157495917200229152 0.00000000099999999999 0.00000000099999999999 0.34102727892326850645 
0.39773626409800805215 0.15462290815965479274 0.00584153324279608911 0.07450700440005753045 0.36729229009948349827 
0.43370494478421461881 0.01499255483361730014 0.00000000099999999996 0.00000000099999999996 0.55130249838216804914 
0.29894765720279259380 0.37709343142588575004 0.00462178130088525957 0.06994617016662632580 0.24939095990381002221 
0.44548365087415475738 0.02442279486723314755 0.00405091344271579605 0.00000000099999999999 0.52604263981589638455 
0.44787006057182904284 0.16904027821157810441 0.00000000099999999999 0.03478432953686541595 0.34830533067972735406 
0.50983736607917407024 0.18275269753214992696 0.00000000099999999999 0.00000000099999999999 0.30740993438867608711 
0.34683356851613539318 0.32556616247998637625 0.00000000099999999999 0.05932970031283928136 0.26827056769103901912 
0.28443212614782115155 0.32982789271516171903 0.01271441845227327949 0.00000000100000000000 0.37302556168474376719 
0.63905471909463629210 0.07741853064638726245 0.00000000099999999998 0.00000000099999999998 0.28352674825897650202 
0.33813884433038587929 0.19305622307648259706 0.02053368874013367443 0.28993275450209976540 0.15833848935089822607 
0.18977024930854174967 0.11983489116533593832 0.00000464344038520623 0.69039021508573716890 0.00000000100000000000 
0.05836213425667523269 0.26645560969776255211 0.00000044549137249018 0.54321658164501929189 0.13196522890917053439 
0.43818330887684564523 0.32588887746475492246 0.00813066230227664326 0.00000010929625982346 0.22779704205986300858 
0.94213821994846269625 0.00000000099999999995 0.00000000099999999995 0.00000000099999999995 0.05786177705153738166 
0.49239141625572241390 0.10047753179695033399 0.00868508166993488956 0.00000000099999999999 0.39844596927739228676 
0.42149016408559458746 0.04266645198283466195 0.01036167385496836353 0.00000000100000000000 0.52548170907660241014 
0.50275216202930839149 0.12509051601550882915 0.00000000100000000000 0.00458610935947278541 0.36757121159571010116 
0.59687330980635699973 0.00000000099999999997 0.00000000099999999997 0.00000000099999999997 0.40312668719364308512 
0.79229727219485357459 0.00000000099999999994 0.00000000099999999994 0.00000000099999999994 0.20770272480514651026 
0.16700526569520335318 0.05717254804091352616 0.08544369434650961326 0.37944130228537065186 0.31093718963200295269 
0.34967356263798821114 0.13484669294997164712 0.01526089542431472053 0.07767833677668263548 0.42254051221104271807 
0.25857728726179429746 0.16270044297120708765 0.00000000100000000000 0.06842209143213233424 0.51030017733486632281 
0.67853460838185497561 0.01105758660229857679 0.00000000099999999999 0.02987010066714405540 0.28053770334870242742 
0.27983169795914641931 0.35115321303267377218 0.00000000100000000000 0.04986223070840997001 0.31915285729976999862 
0.72731031844601512493 0.00000000099999999996 0.00000000099999999996 0.00000000099999999996 0.27268967855398501543 
0.54248403574222758827 0.00000139808992519236 0.00961769138800259299 0.09666871784042628535 0.35122815693941838999 
0.28951050364406000215 0.03602159025539098530 0.05655717201262699251 0.33910768043603689570 0.27880305365188517985 
0.37510934930716705038 0.06292564531032932007 0.07549831839125786814 0.12157747599373733283 0.36488921099750842858 
0.56645995532563142572 0.04904090179636411834 0.04403481167812439701 0.08647781826998011956 0.25398651292989993244 
0.47668417276993368947 0.00000000099999999998 0.03495217068282951978 0.00000000099999999998 0.48836365454723673629 
0.04067004389397120556 0.01096735353521190171 0.72657071609785428556 0.22179188547296255218 0.00000000099999999999 
0.00000000099999999977 0.00000000099999999977 0.00000000099999999977 0.00000000099999999977 0.99999999600000000211 
0.85845581045289298672 0.12311648912356813745 0.00000000099999999999 0.01842769842353881790 0.00000000099999999999 
0.00000000099999999999 0.00000000099999999999 0.77631478888533322902 0.22368520811466668929 0.00000000099999999999 
0.43503702337429389635 0.08365953208035377398 0.10843417713269710989 0.00000000100000000000 0.37286926641265527582 
0.00000000099999999994 0.00000000099999999994 0.82644560269302247413 0.17355439430697749970 0.00000000099999999994 
0.38904199851375481645 0.04101681410580483578 0.00993007584005791040 0.00000000099999999999 0.56001111054038243964 
0.58763143240786219756 0.10101892823648034314 0.00780484459463135979 0.00001617500157441000 0.30352861975945166773 
0.26287770006574961990 0.00000000099999999993 0.00000000099999999993 0.00000000099999999993 0.73712229693425024291 
0.81282819948168083535 0.00652611535492262328 0.00000000099999999998 0.03532058272228527640 0.14532510144111132622 
0.19230024647129451143 0.02258178852860517893 0.00000000099999999996 0.00000000099999999996 0.78511796300010039396 
0.00000000099999999992 0.00000000099999999992 0.00000000099999999992 0.00000000099999999992 0.99999999599999989108 
0.49311314661696192818 0.20027160851154249266 0.00740128801638767920 0.12129879320241460094 0.17791516365269322009 
0.57619949157629268832 0.22187952473923783225 0.00000000099999999999 0.05414963325342329187 0.14777134943104605624 
0.39078378805142599539 0.18953750363906948784 0.00000000100000000000 0.06520214319435321815 0.35447656411515121588 
0.00000000099999999982 0.00000000099999999982 0.00000000099999999982 0.00000000099999999982 0.99999999599999989108 
0.32761016518373298201 0.07096985632565570856 0.01337077424293020567 0.05369985059879232164 0.53434935364888880294 
0.12721810687775117477 0.01824620638088548727 0.00967393786958351508 0.04667363188587489442 0.79818811698590497183 
0.00000000099999999993 0.00000000099999999993 0.00000000099999999993 0.00000000099999999993 0.99999999600000000211 
0.48291576775538830324 0.09218312047755961025 0.00784858633788648383 0.04584964769586260397 0.37120287773330296055 
0.00000000099999999997 0.00000000099999999997 0.20759352981550494022 0.00544621483814910438 0.78696025334634611692 
0.61511649838470172647 0.13877435419648773141 0.12245612371037398192 0.00000000100000000000 0.12365302270843646359 
0.00000000099999999992 0.00000000099999999992 0.00000000099999999992 0.00000000099999999992 0.99999999599999989108 
0.54531258060812803912 0.07528799609219576083 0.00000000099999999999 0.01869907076120189138 0.36070035153847435083 
0.37096048155295191506 0.01608308606793964687 0.03422879634456169051 0.00000000216462649359 0.57872763386992032153 
0.37292956237898089444 0.11085844802715510982 0.00000000099999999999 0.12237293800912947550 0.39383905058473434035 
0.95838649939816689116 0.01850930704881064912 0.00000000099999999997 0.02310419155302251282 0.00000000099999999997 
0.39874349012728987907 0.27905539809590212963 0.00000000100000000000 0.06857376187917951782 0.25362734889762844626 
0.64243269915730594199 0.04023193286644847350 0.02743810105220847312 0.28989726592403725070 0.00000000100000000000 
0.00000000099999999985 0.00000000099999999985 0.00000000099999999985 0.00000000099999999985 0.99999999600000000211 
0.89527688621945422653 0.02474151700008693500 0.00000000099999999999 0.01866588905368756282 0.06131570672677141148 
0.89452141479666702484 0.10547858220333299062 0.00000000099999999990 0.00000000099999999990 0.00000000099999999990 
0.95617690023547508016 0.02484287103578276118 0.00000000099999999998 0.00000000099999999998 0.01898022672874231237 
0.99999999600000011313 0.00000000099999999987 0.00000000099999999987 0.00000000099999999987 0.00000000099999999987 
0.50395304236417448607 0.10323384904298670006 0.00000000099999999999 0.04924017543740553254 0.34357293215543338594 
0.69714035457799716777 0.07065600712463655786 0.00608444678359283328 0.07143379677795738680 0.15468539473581593979 
0.20557998186593867684 0.15261219276564613745 0.00000000099999999999 0.16869535488396475431 0.47311246948445051519 
0.52960446618259771068 0.03841176306956069902 0.17624784259731612890 0.00000000099999999999 0.25573592715052562152 
0.65618649617522106787 0.20916235366405785956 0.02176743112423763088 0.00000000100000000000 0.11288371803648331038 
0.99999999600000011313 0.00000000099999999991 0.00000000099999999991 0.00000000099999999991 0.00000000099999999991 
0.99999999600000000211 0.00000000099999999985 0.00000000099999999985 0.00000000099999999985 0.00000000099999999985 
0.56880812870169938922 0.06338653267041577388 0.00000000099999999999 0.13714196978656414960 0.23066336784132079885 
0.99950893677862640008 0.00049106022137358784 0.00000000099999999993 0.00000000099999999993 0.00000000099999999993 
0.99999999600000011313 0.00000000099999999993 0.00000000099999999993 0.00000000099999999993 0.00000000099999999993 
0.23364276780505222053 0.04892045465715152974 0.00000000099999999999 0.02325871502439299729 0.69417806151340311072 
0.73674896722257021686 0.16778275812829976377 0.00000000099999999999 0.09546827264913003430 0.00000000099999999999 
0.99999999600000000211 0.00000000099999999972 0.00000000099999999972 0.00000000099999999972 0.00000000099999999972 
0.99999999600000011313 0.00000000099999999993 0.00000000099999999993 0.00000000099999999993 0.00000000099999999993 
