0.37565189192618536618 0.01301115533123597609 0.56651284063207507646 0.00000000099999999999 0.00000000099999999999 0.04482411011050357885 
0.30558439923804125993 0.06019111401342977508 0.51628401917541877353 0.07036090998070163027 0.04757955659240861723 0.00000000099999999999 
0.29937435257733513438 0.03640758309581514779 0.66421806132684979573 0.00000000099999999997 0.00000000099999999997 0.00000000099999999997 
0.00104035980848312271 0.17112430504025344380 0.63459866422393673702 0.08419922345592277535 0.03105726762970704991 0.07798017984169683392 
0.33888238003369125506 0.05647547191080599244 0.53326121550739635779 0.00766286735939934131 0.00000000099999999999 0.06371806418870716582 
0.25035623222911185248 0.06236615473431313811 0.68727761003657505956 0.00000000099999999996 0.00000000099999999996 0.00000000099999999996 
0.25808947752982336343 0.16959100847240804466 0.54809871876995786000 0.00000000099999999999 0.02422079322781072949 0.00000000099999999999 
0.35208624968153207080 0.04728783108737649732 0.57136682161150631476 0.00000000100000000000 0.02925909561958496205 0.00000000100000000000 
0.16769505346323823614 0.02002961941704945945 0.67745292902620157793 0.00000590165075720237 0.04034089977015038742 0.09447559667260295446 
0.00498557686844661001 0.01981035317489777958 0.80406530330433156895 0.00000000099999999999 0.11770232315098307085 0.05343644250134082369 
0.03748471346452753733 0.00000000099999999998 0.83073628907894392359 0.03792121166567583718 0.09385778379085263357 0.00000000099999999998 
0.09495834243498949001 0.01028626779998500357 0.69161676872987210007 0.00028536341668624417 0.09781066128081812583 0.10504259633764913284 
0.21197471321283459234 0.00002142720289715586 0.34967160050060391852 0.00026510927830687616 0.34308275774411189918 0.09498439206124552336 
0.28969657510023255620 0.05016833185350725449 0.55341233588387961362 0.04562283222788958426 0.05153369771027384305 0.00956622722421723165 
0.25338021341535305053 0.06050253020294302231 0.59718608106258375123 0.02165386819776692409 0.00000000100000000000 0.06727730612135325583 
0.06717927397992073946 0.09960304249144945332 0.53100954649322074097 0.03338339649396255410 0.12412773786800489206 0.14469700267344148825 
0.13361276091495433160 0.02830105800650980358 0.69768062351248660846 0.00000000100000000000 0.08944488102218486891 0.05096067554386447818 
0.45659796026423571380 0.03304310043751434306 0.50947523593665766661 0.00000000099999999998 0.00088370136159234708 0.00000000099999999998 
0.33838851311808210154 0.01091699493218379127 0.65069448894973402897 0.00000000099999999997 0.00000000099999999997 0.00000000099999999997 
0.50392863056238046404 0.02712215878348305659 0.45354250904800530453 0.00000000099999999998 0.00000000099999999998 0.01540669960613125569 
0.34352025807906522159 0.05799718305997069584 0.57028906338075868732 0.02819349348020540671 0.00000000099999999997 0.00000000099999999997 
0.43882387119653354368 0.12437147109137995649 0.41632599652087276532 0.00000000099999999999 0.02047865919121383618 0.00000000099999999999 
0.18007362481404787236 0.06922182517775667121 0.75070454700819544414 0.00000000099999999999 0.00000000099999999999 0.00000000099999999999 
0.36038693993944670435 0.10628856604699303545 0.49738003898807275904 0.00000000099999999998 0.00000000099999999998 0.03594445302548750915 
0.22586685842259784929 0.10976934083485016813 0.46050601779437638772 0.00000000099999999999 0.11159518518554172040 0.09226259676263391662 
0.18882204605559621546 0.13402928964948446211 0.64510239618358378166 0.03204626611133557651 0.00000000099999999999 0.00000000099999999999 
0.32351590683118619518 0.01768090215110144567 0.58811689819667412049 0.00000000099999999997 0.00000000099999999997 0.07068629082103834727 
0.46664969996225674764 0.04636363807523884162 0.48698665896250442620 0.00000000099999999996 0.00000000099999999996 0.00000000099999999996 
0.19737791456744782637 0.09824468490547524913 0.69098075419551308052 0.01339664433156373749 0.00000000099999999998 0.00000000099999999998 
0.26151881093834344894 0.00025442524981909859 0.72708806422233285272 0.01113869758950466159 0.00000000099999999998 0.00000000099999999998 
0.36754629327762544655 0.13424050500856696266 0.42962510527720365605 0.06858809443660411620 0.00000000099999999997 0.00000000099999999997 
0.26918214455077543734 0.04796758801105056175 0.62863567948517340422 0.01439379124847872671 0.01854956618087801740 0.02127123052364394626 
0.23326347098317762319 0.18566302868169565210 0.55220653820680021262 0.00000000099999999999 0.01477314033991773516 0.01409382078840888675 
0.25120030633109552420 0.00000000099999999997 0.59207460856397298166 0.00000000099999999997 0.02672899892823223100 0.12999608417669927807 
0.22051008232736835080 0.11993017078089762695 0.56047756792516922886 0.02338428242518302003 0.07569789554138176002 0.00000000099999999999 
0.20119446666070714413 0.03732202727437564094 0.68603422281537329575 0.00000000099999999997 0.07544928124954394799 0.00000000099999999997 
0.42937935552668898831 0.03092808861034138102 0.44515750313378871228 0.02104175768507032807 0.07349329404411043820 0.00000000099999999999 
0.00000000099999999997 0.00483255672902321940 0.88281221879960514176 0.00000000099999999997 0.11235522147137161353 0.00000000099999999997 
0.00000000099999999999 0.00295859606415941386 0.64908339297581196803 0.01265807099530389702 0.09093219965522798820 0.24436773930949670652 
0.17842810049685592366 0.06142905044453281227 0.68695793627065304676 0.00000000100000000000 0.07318491078795828775 0.00000000100000000000 
0.40196991898023487488 0.05218502669057317050 0.51222974990713099341 0.00000000099999999998 0.03361530242206095531 0.00000000099999999998 
0.28356862584492875667 0.07938063827028617181 0.63705073288478508697 0.00000000099999999998 0.00000000099999999998 0.00000000099999999998 
0.10929044994718782602 0.28305753618079887435 0.55296052851317678556 0.05469148335883656370 0.00000000099999999999 0.00000000099999999999 
0.10728856319661961294 0.09687232506646412111 0.69889462637071220197 0.00000000099999999999 0.02447885818154726945 0.07246562618465676731 
0.16790828629272352979 0.05196458775274957059 0.61326381096486115574 0.00000000100000000000 0.01889838434897920041 0.14796492964068649889 
0.00000015875803332290 0.21098703189988501916 0.70706156293681510228 0.00000000100000000000 0.07653832021534458241 0.00541292518992202761 
0.00749023790775104042 0.00000000099999999998 0.76735237360886432434 0.00000000099999999998 0.18918887726375163694 0.03596850921963307135 
0.16996928472912004038 0.02797232277089727395 0.63438880187796831134 0.00000000099999999999 0.14100319617116191528 0.02666639345085242835 
0.18973621541535296009 0.11997921804795114165 0.65672401187094475716 0.01350522656580046242 0.02005532709995067400 0.00000000099999999999 
0.00019779302094101580 0.01890728070780690884 0.71256273734389397045 0.03667281272592863572 0.17722309505797786966 0.05443628114345151758 
0.00000000099999999994 0.00000000099999999994 0.99999999499999991937 0.00000000099999999994 0.00000000099999999994 0.00000000099999999994 
0.01720975828459141502 0.01395276988874409076 0.77517808633877471891 0.00000000099999999999 0.13517800899949750093 0.05848137548839244665 
0.00000000100000000000 0.05766324927283898727 0.63926707865726395408 0.03982838934926334618 0.25449178983082881844 0.00874949188980496742 
0.53721365049293923200 0.01151659731316545705 0.39052245071846769520 0.00000010806986702842 0.05705402242790033607 0.00369317097766026390 
0.00000004996879375438 0.05178571346909117967 0.78290073051629538448 0.00000000100000000000 0.16531297974095696124 0.00000052530486273400 
0.00000000099999999990 0.00000000099999999990 0.99999999499999991937 0.00000000099999999990 0.00000000099999999990 0.00000000099999999990 
0.00000000099999999999 0.11485990901884064741 0.84936041433721420901 0.00000000099999999999 0.00000000099999999999 0.03577967364394527700 
0.11216563906528391470 0.04873293102514997255 0.83910142690956612821 0.00000000099999999995 0.00000000099999999995 0.00000000099999999995 
0.10530931371405936881 0.21343379470948259380 0.42134659721718087377 0.00000000099999999999 0.20614547836765689803 0.05376481499162037020 
0.00000000099999999999 0.13304202799199307816 0.73405704226627399578 0.00947538443775681680 0.12342554330397613460 0.00000000099999999999 
0.07204140870061059854 0.20804545352418821191 0.70238170675755584593 0.01753142901764529263 0.00000000099999999996 0.00000000099999999996 
0.00000000099999999999 0.03055707699262865187 0.82821541446045188195 0.02588461865414216911 0.11532510162141151877 0.00001778727136586811 
0.00000000099999999989 0.00004244340885110464 0.99995755259114882385 0.00000000099999999989 0.00000000099999999989 0.00000000099999999989 
0.03096663564342274841 0.10528706806292954801 0.80232365437177755041 0.06142263992187021321 0.00000000099999999998 0.00000000099999999998 
0.00000000099999999993 0.00000000099999999993 0.99999999500000003039 0.00000000099999999993 0.00000000099999999993 0.00000000099999999993 
0.00000000099999999992 0.00000000099999999992 0.99999999380519255521 0.00000000099999999992 0.00000000219480743886 0.00000000099999999992 
0.00000000099999999981 0.00000000099999999981 0.99999999500000003039 0.00000000099999999981 0.00000000099999999981 0.00000000099999999981 
0.00000000099999999998 0.03892497745567817524 0.85715220860051555274 0.01640587461975671901 0.01750673972981444532 0.07001019859423512903 
0.00000000099999999999 0.06932008110916347554 0.65733850775120594712 0.00564069227370355992 0.26770071686592689097 0.00000000099999999999 
0.00000000099999999981 0.00000000099999999981 0.99999999499999991937 0.00000000099999999981 0.00000000099999999981 0.00000000099999999981 
0.05186776955892388741 0.16716102509932712072 0.76945596464405796588 0.01151126590511211169 0.00000397379257899849 0.00000000100000000000 
0.00000000099999999965 0.99999999500000014141 0.00000000099999999965 0.00000000099999999965 0.00000000099999999965 0.00000000099999999965 
0.00549092360048979676 0.03269410123918079641 0.94977842085607333544 0.01203655230425600478 0.00000000099999999999 0.00000000099999999999 
0.00000000099999999997 0.13937442255511917066 0.72350657818565478063 0.00000000099999999997 0.04365762689917829925 0.09346137036004786847 
0.00000000099999999997 0.01452697772926325390 0.72653498970510510535 0.00000000099999999997 0.04563370219426327035 0.21330432837136834023 
0.00000000099999999988 0.09260162005652489148 0.90739837594347505512 0.00000000099999999988 0.00000000099999999988 0.00000000099999999988 
0.00000000099999999996 0.13336142488509958315 0.73351708531596826468 0.00000000099999999996 0.13312148679893207048 0.00000000099999999996 
0.64320775689871267922 0.09287654384163403221 0.00000000099999999999 0.05762117981130322059 0.14740841666761383966 0.05888610178073633294 
0.00000000100000000000 0.00000000100000000000 0.81059437650696841704 0.02096684951987451764 0.16843875952931225415 0.00000001244384479732 
0.13708027669147188066 0.04312910471452768846 0.71414680496159677059 0.00000000099999999999 0.01715409063293416372 0.08848972199946955608 
0.00000000099999999995 0.73364984693383716863 0.18919243968713964077 0.00000000099999999995 0.00000000099999999995 0.07715771037902326157 
0.00000000099999999983 0.71219088796419616205 0.28780910803580389556 0.00000000099999999983 0.00000000099999999983 0.00000000099999999983 
0.00000000099999999996 0.77948054032713098849 0.22051945567286895811 0.00000000099999999996 0.00000000099999999996 0.00000000099999999996 
0.00000000099999999992 0.80999983966545774372 0.19000015633454228614 0.00000000099999999992 0.00000000099999999992 0.00000000099999999992 
0.00000000099999999994 0.76579968060028791310 0.23420031539971220003 0.00000000099999999994 0.00000000099999999994 0.00000000099999999994 
0.13452154828649270923 0.40218325121089210095 0.46329519750261516364 0.00000000099999999995 0.00000000099999999995 0.00000000099999999995 
0.00000000099999999991 0.76970506611858813262 0.23029492988141178622 0.00000000099999999991 0.00000000099999999991 0.00000000099999999991 
0.00000000099999999940 0.99999999500000014141 0.00000000099999999940 0.00000000099999999940 0.00000000099999999940 0.00000000099999999940 
0.00000000100000000000 0.56000772429411005415 0.26791778952912431722 0.04242452121535838366 0.09675675173452155664 0.03289321222688574436 
0.00000000099999999999 0.66152141225083438414 0.26275982223712229802 0.00024130011305116501 0.07547728021961172540 0.00000018417938037515 
0.00000000099999999980 0.99999999500000014141 0.00000000099999999980 0.00000000099999999980 0.00000000099999999980 0.00000000099999999980 
0.00000000099999999996 0.18593868039157959715 0.81406131560842054373 0.00000000099999999996 0.00000000099999999996 0.00000000099999999996 
0.06034547081470200552 0.24160519107320085896 0.57310471933442241887 0.04631199563806738528 0.07863262213960732494 0.00000000099999999999 
0.00000000099999999965 0.99999999500000014141 0.00000000099999999965 0.00000000099999999965 0.00000000099999999965 0.00000000099999999965 
0.00253006694903734836 0.64484989217156429842 0.23293813945786912001 0.11968121329069129899 0.00000068713083804672 0.00000000099999999999 
0.00000000099999999997 0.77620170657213516385 0.14994782627807801134 0.00000000099999999997 0.00000000099999999997 0.07385046414978700680 
0.00000000099999999983 0.99999999500000014141 0.00000000099999999983 0.00000000099999999983 0.00000000099999999983 0.00000000099999999983 
0.40105038018918126586 0.31077934372593529755 0.10352311594185580057 0.16170907076956822501 0.00000000100000000000 0.02293808837345943236 
0.04436998258967116832 0.80338641383720266198 0.15224298867086083487 0.00000025037626237477 0.00000036352600296609 0.00000000099999999999 
0.02137574982640515903 0.76337555647059773811 0.13460973167938933281 0.00000000099999999998 0.04268961340060727083 0.03794934762300047199 
0.00000000099999999994 0.66802250349052738621 0.33197749250947272692 0.00000000099999999994 0.00000000099999999994 0.00000000099999999994 
0.00000000099999999985 0.99999999500000014141 0.00000000099999999985 0.00000000099999999985 0.00000000099999999985 0.00000000099999999985 
0.22709789562320759071 0.13205717844998612898 0.60085471336302120893 0.02147095261779425474 0.00000000099999999999 0.01851925894599077901 
0.00000000099999999998 0.69717697589912086542 0.16824939824410919953 0.00000000099999999998 0.00000000099999999998 0.13457362285677007541 
0.62604255755657700622 0.00005455488078602844 0.00000000696687715399 0.08924413964094859986 0.00000000100000000000 0.28465873995481133507 
0.42470462750338999758 0.00000000099999999997 0.09687433888784911795 0.22776881148681124567 0.00000000099999999997 0.25065222012194976475 
0.35735118622506434338 0.00000000099999999999 0.04966284030419502310 0.00000000099999999999 0.17558473711958466623 0.41740123435115583650 
0.59103775614544240558 0.00000000100000000000 0.05605087545841237751 0.05708482213077086670 0.04762417968805100765 0.24820236557732333615 
0.71704029226609899972 0.00000000099999999996 0.00000000099999999996 0.00886814843257397074 0.00000000099999999996 0.27409155630132708836 
0.70120790774455810102 0.00000000099999999999 0.00000000099999999999 0.01148730583735860060 0.00013628803581855386 0.28716849638226471519 
0.60877218841414648676 0.00000001576257582102 0.10119940837594600114 0.00000000100000000000 0.01803622526353599806 0.27199216118379593299 
0.37377096792514458157 0.00000000100000000000 0.00837829441268057862 0.02137779932026282956 0.24867903467878416102 0.34779390266312781854 
0.31826479441778715573 0.00000000099999999997 0.00000000099999999997 0.01986202201941499740 0.26340322128513293798 0.39846996027766484749 
0.63724041284974197730 0.00000000099999999997 0.00000000099999999997 0.00541629177271271602 0.00000000099999999997 0.35734329237754536290 
0.58907949369658219041 0.00000000099999999998 0.04606654537732148003 0.00000000099999999998 0.00000000099999999998 0.36485395792609642829 
0.28700414816454755673 0.00000000099999999998 0.05311942416064666800 0.00149655151342658948 0.12229339088026391913 0.53608648428111538298 
0.37033014250668311318 0.00000000099999999999 0.06953344584761997349 0.00292864570213929951 0.29061046783024369056 0.26659729711331392465 
0.52927553889903466988 0.00222656133557208938 0.00000000099999999998 0.00000000099999999998 0.07624876539366964856 0.39224913237172359670 
0.56604400978496516306 0.00645013248946739275 0.00000000100000000000 0.03875198832810178295 0.05791535321508180928 0.33083851518238405198 
0.64698993167675777904 0.00000000099999999996 0.00000000099999999996 0.04455803615562747844 0.00000000099999999996 0.30845202916761488288 
0.54344318682678138810 0.00000000099999999998 0.04169383508652656917 0.02090686875707432890 0.03233587914422190318 0.36162022918539582506 
0.57454546396400163477 0.00000000099999999998 0.06478461802092509714 0.00003210306403242195 0.00580443156547505706 0.35483338238556594302 
0.46149493992707352197 0.00000000099999999999 0.19440601078754712883 0.00000000099999999999 0.09549477649289507541 0.24860427079248420545 
0.75670895561239193139 0.00000000099999999995 0.00000000099999999995 0.00000000099999999995 0.00000000099999999995 0.24329104038760823725 
0.43550886659564308490 0.00000000248984361655 0.06752860322767016699 0.10892198095658384149 0.00000003407121618785 0.38804051265904315748 
0.48416232809665998849 0.00000000099999999999 0.05856842935953619073 0.10243681923377566390 0.00056613743068684532 0.35426628487934125333 
0.34843953103654701220 0.00000000099999999999 0.04563310785817015908 0.01022181942946056785 0.08823749209558422180 0.50746804858023797369 
0.53802559975838026851 0.00000000099999999998 0.00000000099999999998 0.00000000099999999998 0.09400189932179207897 0.36797249791982766798 
0.45809725279751234428 0.00000000099999999998 0.06100626059480303981 0.20529723351536285914 0.01739018386745339040 0.25820906822486827670 
0.60976898778393640033 0.00000000099999999999 0.03616164324258912266 0.09590204591052287064 0.00000493639913962541 0.25816238566381211061 
0.00000000099999999983 0.74814243083226750208 0.25185756516773250002 0.00000000099999999983 0.00000000099999999983 0.00000000099999999983 
0.29073012026232769589 0.00000000099999999998 0.06135234616959858722 0.02980038539496941002 0.20993158143287554696 0.40818556574022862860 
0.76027159339889016643 0.00000000099999999998 0.00000000099999999998 0.09777301193315703076 0.13052406338610830772 0.01143132928184464707 
0.00000000099999999995 0.00000000099999999995 0.00000000099999999995 0.02143620003156651230 0.22253744024193158890 0.75602635672650186915 
0.72503570160918739962 0.00000000099999999993 0.00000000099999999993 0.04695339256597319544 0.00000000099999999993 0.22801090282483946203 
0.45253879204985514306 0.00000000099999999998 0.10639733522230333806 0.05681967333489594540 0.13211533218528487277 0.25212886620766078449 
0.72806828644675780637 0.00000000099999999999 0.00000000099999999999 0.06276606790014835346 0.00000000099999999999 0.20916564265309409154 
0.72801922145356035010 0.00000000099999999993 0.00000000099999999993 0.01650656102000475772 0.04135058177929992751 0.21412363374713513919 
0.70230075204988540172 0.00000000099999999992 0.00000000099999999992 0.15300901196131819204 0.00000000099999999992 0.14469023298879640782 
0.86294386999814798322 0.00048316081491303500 0.00000000100000000000 0.05711101526544930251 0.00333366487951655471 0.07612828804197332988 
0.99999999500000014141 0.00000000099999999993 0.00000000099999999993 0.00000000099999999993 0.00000000099999999993 0.00000000099999999993 
0.91927103312639402155 0.00000000099999999999 0.04148159645441143462 0.02550729694672347961 0.00000000099999999999 0.01374007147247103579 
0.75160256678695680499 0.00000000099999999997 0.00000000099999999997 0.00000000099999999997 0.00210124626811391624 0.24629618394492946987 
0.67724843872558082580 0.00000000099999999995 0.00000000099999999995 0.09583852141546533865 0.03649248212659618462 0.19042055573235772137 
0.57561889222055784288 0.05770805915603277603 0.05878516201936569846 0.08836115815181240507 0.00127252960504124833 0.21825419884719005070 
0.47334795275835145345 0.00000000099999999998 0.00000000099999999998 0.04855170831093308381 0.06964766071085003174 0.40845267621986530715 
0.42060513701068380499 0.00000000099999999994 0.00000000099999999994 0.00000000099999999994 0.11653920773916709441 0.46285565225014907442 
0.58722092902461386910 0.00158614488194459857 0.04068085120760062123 0.09742282001005538039 0.08998580539670475442 0.18310344947908085977 
0.62659268874665241533 0.00000000099999999998 0.00000000099999999998 0.13913395991984384148 0.18557624520357768327 0.04869710412992604015 
0.57904635775106150231 0.05454859308047483452 0.07103680766370909505 0.00000000100000000000 0.09791450138821884697 0.19745373911653574250 
0.34131142315664059206 0.00000000099999999998 0.00000002436746647668 0.06370279309671142420 0.16740288948010439984 0.42758286889907698436 
0.66434552038688110542 0.00000000099999999997 0.00000000099999999997 0.00000000099999999997 0.00000000099999999997 0.33565447561311911873 
0.93703309215971231083 0.00000000099999999993 0.00000000099999999993 0.00662578574645740926 0.05530008815356402679 0.00104103194026623725 
0.76011190006069695446 0.00000000099999999999 0.00000000099999999999 0.06472909829855187647 0.04554963094857002875 0.12960936869218128709 
0.71460460191298713628 0.00000000099999999999 0.00000000099999999999 0.07578728148757996053 0.04217837980311319596 0.16742973479631967360 
0.46434075753686171462 0.00000000099999999999 0.12470070565968653653 0.01218874723808073372 0.03484875291883979959 0.36392103564653099923 
0.54414571426544799948 0.00000000099999999995 0.00000000099999999995 0.13771314110561519439 0.04478501088819661358 0.27335613174074047116 
0.04410920455515141697 0.00000000099999999994 0.00000000099999999994 0.00000000099999999994 0.13758469400822687101 0.81830609843662183156 
0.38627865106645381532 0.00000000099999999998 0.00000000099999999998 0.04148430494812670177 0.18772446531635661460 0.38451257666906279997 
0.45356729598392775404 0.00000000436428473805 0.00000000100000000000 0.07904512601090742108 0.08074200070193170153 0.38664557193894855125 
0.65106560276635638829 0.00815595228319718375 0.06495642782950054872 0.00000000099999999999 0.09865839324302744240 0.17716362287791853625 
0.52969113955798441395 0.00000000099999999998 0.14917455403603913089 0.06225086038315695569 0.15448979527858441863 0.10439364974423499810 
0.40420769082714413933 0.00000000099999999996 0.00000000099999999996 0.11510016316697697925 0.12443042710688782815 0.35626171689899110984 
0.46215832891847563602 0.01136193110201848613 0.09327756190288562232 0.10817993425404072438 0.14845176283132419104 0.17657048099125532969 
0.45824975814100427085 0.02289267159067557428 0.16432746520855845418 0.03588094966761307125 0.04333645547232554268 0.27531269991982310064 
0.25978587953527026988 0.00000000099999999999 0.18300541812318477097 0.08485721793557123027 0.08863754951878949351 0.38371393388718411099 
0.40279965259755257101 0.00000000099999999998 0.00000000099999999998 0.10891871113195580878 0.17004145589015060014 0.31824017838034091010 
0.68561142001587738193 0.01166323195084241308 0.00000000099999999999 0.04785411584215696484 0.00000000099999999999 0.25487123019112345457 
0.93499948093313645092 0.00727996683919568746 0.00000000099999999998 0.00000000099999999998 0.00151459614751619240 0.05620595408015179040 
0.29566879212855728953 0.00000000099999999995 0.00000000099999999995 0.00000000099999999995 0.70433120387144265706 0.00000000099999999995 
0.35210349566124976572 0.00000000099999999998 0.00000000099999999998 0.10576195832141363495 0.54213454301733654539 0.00000000099999999998 
0.31536246605606016447 0.01767441520121828050 0.00000000099999999997 0.03915678801490739269 0.62780632872781405585 0.00000000099999999997 
0.02166720453968314433 0.05227819264667096094 0.70010673588971339409 0.07051392474348369688 0.15543394118044887020 0.00000000100000000000 
0.15047298204114334386 0.00000000099999999999 0.19346541278268680752 0.02980079322124476807 0.62626080995492505732 0.00000000099999999999 
0.47946036728540514238 0.00000000099999999998 0.00000000099999999998 0.00084580747050670528 0.51969382224408811055 0.00000000099999999998 
0.27908675739584309916 0.00000000100000000000 0.10158000357446041184 0.04523730023548017121 0.27857067504804639002 0.29552526274617002544 
0.00000000099999999999 0.03369662323819552080 0.00000000099999999999 0.05298455915648154352 0.91331881460532293726 0.00000000099999999999 
0.31562251125999973844 0.02134233341690591756 0.16286439316358439222 0.08091428705231742957 0.41925647410719246722 0.00000000099999999999 
0.29872001141076931496 0.00000000099999999998 0.00000000099999999998 0.00000000099999999998 0.70127998458923057612 0.00000000099999999998 
0.51316562485842853736 0.00000000099999999996 0.00000000099999999996 0.02448679911779434032 0.46234757302377721411 0.00000000099999999996 
0.33275452470649974357 0.00000000099999999997 0.00000000099999999997 0.01271951574483594707 0.65452595654866418950 0.00000000099999999997 
0.49354489945554735897 0.00000000099999999993 0.00000000099999999993 0.13802212868318422534 0.36843296886126819523 0.00000000099999999993 
0.44361582633881790905 0.02861113758167033866 0.00000057315409856987 0.05487800078558950634 0.47289446113982369635 0.00000000100000000000 
0.32461545249719664374 0.01248010887044475464 0.00000000134680642845 0.04394979896923485035 0.61895463731631727988 0.00000000099999999997 
0.00000000099999999988 0.00000000099999999988 0.00000000099999999988 0.00000000099999999988 0.88091205709761510878 0.11908793890238483781 
0.22696304318083052043 0.00000000099999999996 0.00000000099999999996 0.00567088982797117180 0.76736606399119833277 0.00000000099999999996 
0.25853960236845158205 0.01118723694865154245 0.00000000099999999996 0.00000000099999999996 0.73027315768289668974 0.00000000099999999996 
0.33067286358498904075 0.00000000099999999997 0.00611802800189941050 0.05548101089282855836 0.60772809552028284052 0.00000000099999999997 
0.39204679745638459920 0.04856241336560813970 0.00000000099999999996 0.00000000099999999996 0.55939078617800719329 0.00000000099999999996 
0.35337377241718109788 0.04321503203895329936 0.01727211078960393456 0.05913543380267712035 0.52700364995158455184 0.00000000100000000000 
0.00000000099999999999 0.49128395582695494337 0.11579873589599776196 0.04915377645550476904 0.34376352982154245730 0.00000000099999999999 
0.52534759756246673934 0.00000000099999999994 0.00000000099999999994 0.00000000099999999994 0.47465239843753337379 0.00000000099999999994 
0.22657692145021665620 0.00000008651381140798 0.16426627477063723837 0.00147360164310800213 0.60768311462222657227 0.00000000099999999998 
0.00000000099999999993 0.00000000099999999993 0.00000000099999999993 0.00000000099999999993 0.99999771410891047374 0.00000228189108954292 
0.31473795236379503715 0.00000000445144784293 0.00000012152908726210 0.00000000099999999997 0.68526191965566973785 0.00000000099999999997 
0.00000000099999999995 0.00000000099999999995 0.00000000099999999995 0.08293161125017510515 0.83624022846595869041 0.08082815728386620602 
0.00000000099999999988 0.00000000099999999988 0.00000000099999999988 0.00000000099999999988 0.99999999500000003039 0.00000000099999999988 
0.19727635755617306534 0.05220601924086739482 0.00000000099999999998 0.00000000099999999998 0.75051762020295942346 0.00000000099999999998 
0.04749541189814510816 0.00000000099999999996 0.00000000099999999996 0.01141695942312315193 0.93382235725558759842 0.00726526942314413473 
0.16528976536720607626 0.04872625103955729314 0.00000000099999999997 0.00000000099999999997 0.78598398059323670850 0.00000000099999999997 
0.00000000099999999998 0.00000000099999999998 0.08424266625611534498 0.00000021372322801864 0.91575711702065654141 0.00000000099999999998 
0.25323994341227501481 0.00000000100000000000 0.48746965957647425682 0.01571482459403193005 0.19809973489064647278 0.04547583652657233300 
0.15122981711818556105 0.02821712338517893756 0.08219307613642776178 0.01970973884449163729 0.71865024351571615835 0.00000000099999999998 
0.00000000100000000000 0.01055512478043970324 0.08086089284869135696 0.11305146932113672997 0.79551572724437580320 0.00001678480535638629 
0.24313426677331539949 0.03057909384711398476 0.33818860484349277939 0.03270210599018697623 0.22009739598725189258 0.13529853255863902306 
0.35174497783073283008 0.05157542369814342720 0.00000000099999999999 0.03099724621723168663 0.56568235025389213000 0.00000000099999999999 
0.00000000099999999983 0.00000000099999999983 0.00000000099999999983 0.00000000099999999983 0.99999999499999991937 0.00000000099999999983 
0.00000001844377831906 0.00000000099999999996 0.00000000099999999996 0.00000000099999999996 0.85603071782960371561 0.14396926072661803131 
0.00000000099999999990 0.00000000099999999990 0.00000000099999999990 0.00000000099999999990 0.88694599229312443001 0.11305400370687555822 
0.00000000099999999984 0.00000000099999999984 0.00000000099999999984 0.00000000099999999984 0.99999999499999991937 0.00000000099999999984 
0.00000000099999999993 0.00000000099999999993 0.00000000099999999993 0.00000000099999999993 0.71741568598611638041 0.28258431001388367720 
0.00000000099999999984 0.00000000099999999984 0.00000000099999999984 0.00000000099999999984 0.99999999499999991937 0.00000000099999999984 
0.08866925287206965656 0.00000000099999999997 0.00000000099999999997 0.00000000099999999997 0.76740511219347862237 0.14392563193445187530 
0.24106026065948985004 0.00000000099999999998 0.00000000099999999998 0.00000000099999999998 0.66926920936924794159 0.08967052697126222383 
0.00000000099999999995 0.00000000099999999995 0.02091560924965526688 0.00000000099999999995 0.94607720055090860356 0.03300718719943614848 
0.00000000099999999987 0.00000000099999999987 0.00000000099999999987 0.00000000099999999987 0.99999999500000003039 0.00000000099999999987 
0.00000000099999999999 0.00623100289667595422 0.00000000099999999999 0.00000000712376086444 0.82077682677731356176 0.17299216120224958360 
0.00000000099999999995 0.00000000099999999995 0.00908194944700154924 0.00000000099999999995 0.86390428404859209710 0.12701376350440649055 
0.01396632859213400336 0.00000000577766620724 0.00020781713239537920 0.05506444224229890133 0.93076140525550543625 0.00000000100000000000 
0.07207376773972404282 0.00000000099999999997 0.03600521696430723784 0.00000000099999999997 0.89192101229596876255 0.00000000099999999997 
0.00000000099999999990 0.00000000099999999990 0.00000000099999999990 0.00000000099999999990 0.99999999500000003039 0.00000000099999999990 
0.12094791624648780493 0.00393879666685851594 0.00000000099999999999 0.00000000469245471999 0.87511328039419900016 0.00000000099999999999 
0.00000000099999999993 0.00000000099999999993 0.00000000099999999993 0.00000000099999999993 0.68438773973725364197 0.31561225626274641565 
0.00000000099999999985 0.00000000099999999985 0.00000000099999999985 0.00000000099999999985 0.00000000099999999985 0.99999999499999991937 
0.00000000099999999995 0.00000000099999999995 0.00000000099999999995 0.00000000099999999995 0.99999999499999991937 0.00000000099999999995 
0.14632146852015193161 0.00000000099999999999 0.07186602821050484813 0.43889037393695712330 0.13437318356849825562 0.20854894476388782798 
0.00000000099999999998 0.00000000099999999998 0.00000000099999999998 0.54315563012758683037 0.34106017591857512583 0.11578419095383808701 
0.14282693048098255018 0.03061297101162566148 0.12623336437669571697 0.25004884953904538136 0.13049428999893919467 0.31978359459271155085 
0.41622988664531862524 0.07680981546481803479 0.00000000099999999998 0.11578983649388682742 0.00000000099999999998 0.39117045939597633319 
0.36844735537486311694 0.00000000099999999999 0.10039655742481165546 0.03822195154768713576 0.14310076651024403183 0.34983336814239390788 
0.27286025538104935473 0.00000000099999999997 0.08549405664419232331 0.08930862973665736060 0.08144680318342635561 0.47089025405467460628 
0.57325344569060443511 0.01350138042222375455 0.19187271710306993966 0.03874814230643914420 0.00934250850513247688 0.17328180597253015072 
0.29334125621266021744 0.00000000099999999998 0.33731155391641998165 0.03461777013980563839 0.10892398972651894107 0.22580542900459496525 
0.50757075202430002037 0.01509144766745999788 0.00000000099999999999 0.01016568580318593859 0.16029825454723570233 0.30687385895781837952 
0.20901311133192598812 0.00000000099999999999 0.00000000099999999999 0.16983713321868593171 0.16098633667747538900 0.46016341677191274773 
0.34395090338222594761 0.00325333034301025737 0.06854814380472011581 0.11934515278458943111 0.13659124878507025724 0.32831122090038383776 
0.49581183752438440226 0.00000000099999999995 0.00000000099999999995 0.21813089122798379194 0.00000000099999999995 0.28605726824763166860 
0.21012831124501379909 0.00740928884939739962 0.07605288462759403345 0.05540936767069568752 0.34953381397233901362 0.30146633363496005975 
0.75967353338746379521 0.00000000099999999997 0.00000000099999999997 0.03994466324985100625 0.00000000099999999997 0.20038180036268529727 
0.56417295511324705437 0.00000000099999999999 0.00880654211292117642 0.00000397092173393541 0.15217201519638437479 0.27484451565571349496 
0.36234838983177430904 0.00000000099999999999 0.00000000099999999999 0.01512145592821647830 0.18029684667430587175 0.44223330556570328298 
0.31903469763703895534 0.00000000099999999998 0.06130985695509671984 0.04064840308054012974 0.30585022810897666279 0.27315681321834756057 
0.44906574398182641517 0.00000038827281800265 0.00000000099999999999 0.08816565621670197084 0.28841817403527181263 0.17435003649338159937 
0.46128090468059707030 0.00000000099999999997 0.00000000099999999997 0.01047206044775135861 0.03920183727971551790 0.48904519559193593281 
0.08813873796356110069 0.01995658699256603469 0.29725431376760924618 0.06956332160679716548 0.18370805408233428779 0.34137898558713214436 
0.00000000099999999998 0.00000000099999999998 0.66905482811715377700 0.03173173696621520157 0.09578852252142196211 0.20342491039520907425 
0.00909829648962440750 0.00034144177907827168 0.54510771751149711406 0.06788528679128745524 0.27896923281448460230 0.09859802461402811247 
0.29961912486456554472 0.00000000100000000000 0.00000000157349573339 0.02393332922059576359 0.29216683199610660182 0.38428071134523622554 
0.00000000099999999994 0.00000000099999999994 0.00000000099999999994 0.00000000342649722347 0.00000000099999999994 0.99999999257350280502 
0.47774428997287271548 0.00271106580224215804 0.00000000099999999999 0.03144928524475406467 0.07406826600021006179 0.41402709197992104695 
0.62648827260998496413 0.00447953082135740636 0.00000000099999999999 0.06643393399003726107 0.00000000099999999999 0.30259826057862043713 
0.36706412740315241816 0.00000651721423833244 0.00107779169199132474 0.05773374647621118405 0.09212115949884465416 0.48199665771556204907 
0.42588387368651686726 0.00000000099999999996 0.00000000099999999996 0.08672355505814020871 0.00000000099999999996 0.48739256825534288398 
0.18676744946741732911 0.00000000099999999994 0.00000000099999999994 0.01487482433435635860 0.00000000099999999994 0.79835772319822628784 
0.47377993814804469919 0.07913167511062255133 0.34650105897514232867 0.01907375700405724434 0.00948031981696370943 0.07203325094516944971 
0.59606510248082011927 0.00934111271065909271 0.06059357047448690053 0.06250629949907415828 0.09723327825819216841 0.17426063657676760243 
0.52500375369173934992 0.00000000100000000000 0.05413039734211114173 0.13058195084651669227 0.12899449088765338467 0.16128940623197943194 
0.17449737890938749052 0.00000000099999999999 0.03385268419964507225 0.08984540732001500274 0.02938647133711844855 0.67241805723383396565 
0.49950038927289114321 0.00000000099999999999 0.04065991377684970154 0.00000000099999999999 0.31975816507916732245 0.14008152987109184773 
0.10125324107922603623 0.00000000099999999997 0.00000000099999999997 0.12388962498323453920 0.00000000099999999997 0.77485713093753949554 
0.43236996434680086132 0.00000004916568156224 0.08329918668664204606 0.02900883415277478311 0.00000000100000000000 0.45532196464810081871 
0.38602608666127441461 0.05268718403201683859 0.31288509974098244193 0.02478512928241472651 0.01557542554397747976 0.20804107473933411421 
0.50121192696695882063 0.06616547397796379570 0.10090667895586212521 0.02458649972612657331 0.02994093194812084274 0.27718848842496768281 
0.24605733165816223718 0.03754655068675961244 0.10133741444472516013 0.05528758002141720418 0.03708438046394439691 0.52268674272499138223 
0.48941919373600034637 0.02316890067147499982 0.00000000099999999997 0.07889183632342035291 0.00000000099999999997 0.40852006726910450318 
0.00000000099999999997 0.71232061299296611789 0.22437039815569956303 0.00000000099999999997 0.00012156557510727770 0.06318742127622714588 
0.00000000099999999944 0.00000000099999999944 0.00000000099999999944 0.99999999500000003039 0.00000000099999999944 0.00000000099999999944 
0.05296380181877641258 0.00000000099999999998 0.05167725842041795414 0.00000000099999999998 0.11401574751702869825 0.78134319024377696383 
0.00000000099999999998 0.77013620275277272498 0.22986378049358671682 0.00000000099999999998 0.00000001375364065394 0.00000000099999999998 
0.58337212899234247576 0.08252022082792768998 0.00000000100000000000 0.03925562692850312341 0.02122218246789962098 0.27362983978332711121 
0.00000000099999999992 0.81573974768967660864 0.18426024831032336571 0.00000000099999999992 0.00000000099999999992 0.00000000099999999992 
0.63506386850716101122 0.00000000099999999998 0.00000000099999999998 0.12283637604375785557 0.00000000099999999998 0.24209975244908110703 
0.50528933788284258188 0.00000000099999999998 0.00000000099999999998 0.00000000099999999998 0.04552252027768001474 0.44918813883947744658 
0.22622315121809519201 0.00000000099999999994 0.00000000099999999994 0.57882317518073544971 0.00000000099999999994 0.19495367060116935987 
0.25686731782081445585 0.00000000099999999998 0.04820823456403349611 0.00043337445778803007 0.00038880344511338280 0.69410226871225066958 
0.10290188215653936488 0.00000000099999999997 0.00000000099999999997 0.65007858257558515103 0.02202444781484745942 0.22499508545302807083 
0.04397244376409322614 0.06079122584276818592 0.00000000099999999995 0.89523632739313863116 0.00000000099999999995 0.00000000099999999995 
0.15569106700012624867 0.00850647204911413567 0.11117499597767496744 0.08549797105116319074 0.18504406742768531036 0.45408542649423605519 
0.18867605927873606908 0.00000000099999999999 0.05262457853719923473 0.01901406083515946172 0.21268312060036659306 0.52700217974853880154 
0.36742081732504078273 0.00000000100000000000 0.05388246877380359345 0.08423729619209467667 0.16696131943914496731 0.32749809726991596648 
0.00000000099999999966 0.00000000099999999966 0.00000000099999999966 0.99999999499999991937 0.00000000099999999966 0.00000000099999999966 
0.52980971936453313820 0.00489055327302471282 0.03324632104710752850 0.15695178815837718123 0.03575870933701464499 0.23934290881994271794 
0.35705928957394006407 0.01752833322996471058 0.02567507314392390369 0.52165224254608499876 0.01959110918006947907 0.05849395232601704159 
0.00000000099999999983 0.00000000099999999983 0.00000000099999999983 0.99999999500000003039 0.00000000099999999983 0.00000000099999999983 
0.44915629266289336385 0.00826818895230105842 0.01390879305815548479 0.11612163602549738228 0.05362014093131164949 0.35892494836984112361 
0.00000000099999999994 0.21553349181371123100 0.03304301540462172698 0.75142348978166706441 0.00000000099999999994 0.00000000099999999994 
0.01393581828994983410 0.15777941933299360899 0.00000000100000000000 0.07947009459227734329 0.14712475142528241845 0.60168991535949689631 
