0.00000000099999999995 0.97194735158601008873 0.00000000099999999995 0.02805264341399000758 0.00000000099999999995 0.00000000099999999995 0.00000000099999999995 
0.08541336074090813413 0.70459572126252412172 0.03066966288449576861 0.00000000099999999999 0.02960170161149744752 0.02403962401147094474 0.12567992848910369830 
0.00000000099999999997 0.73317872076991974506 0.16052744563470366934 0.00000000099999999997 0.00000000099999999997 0.04571320845375680120 0.06058062214161984843 
0.07211184085838810709 0.66835934101918259564 0.08532222555382214246 0.00000000099999999997 0.00000000099999999997 0.17420658956860704536 0.00000000099999999997 
0.01997701421536286076 0.77594168479743541589 0.03555709432315388996 0.06932333844659573086 0.00000000099999999999 0.03575455666404304261 0.06344631055340904657 
0.00000000099999999996 0.90626077734847787504 0.02705061929429415646 0.02961866521005687355 0.00000000099999999996 0.03706993514717114857 0.00000000099999999996 
0.00000000099999999998 0.76432955629050591817 0.00000000099999999998 0.00000000099999999998 0.01967270747513959889 0.14540402284236014774 0.07059371039199446862 
0.00000000099999999999 0.71751980921592772855 0.05417686410161375032 0.00000000099999999999 0.04111437148791154822 0.04006233005933007574 0.14712662313521696067 
0.00000000100000000000 0.68184830968340737201 0.17784947012624130469 0.08641124069803217400 0.03740248620035314941 0.00270931937009236991 0.01377917292187365306 
0.00000000099999999998 0.72331994688176348696 0.20943894100957918813 0.00000000099999999998 0.06724110810865731314 0.00000000099999999998 0.00000000099999999998 
0.00000000099999999996 0.72316950127085055655 0.23157171336389795191 0.00000000099999999996 0.04525878136525167406 0.00000000099999999996 0.00000000099999999996 
0.00000000099999999999 0.76385052073125381256 0.09478870324637812816 0.05590227215993941873 0.08545848997526886426 0.00000001188715969567 0.00000000099999999999 
0.00000003559323351637 0.42826074526757890171 0.01495582682379000515 0.03771648402841033809 0.33799568952353403750 0.00000000100000000000 0.18107121776345333486 
0.05399952189576494310 0.73136607199382719369 0.03298833768264886057 0.01928060412574874802 0.07325588398567414727 0.00856854513738317114 0.08054103517895304376 
0.02240569373763150185 0.62247651810948534390 0.18095365210925626331 0.10162424932441876946 0.00000000100000000000 0.04898270750391787304 0.02355717821529009978 
0.00745035117187228466 0.77426214638473944696 0.00000000099999999997 0.08879756506044272912 0.08481241845379328126 0.04467751692915249151 0.00000000099999999997 
0.00000000099999999999 0.64581169965643647757 0.19233886628055466006 0.00025053286948686199 0.06677327484964140636 0.00089862345436824776 0.09392700188951257079 
0.00000000099999999997 0.84553546563812664871 0.00000000099999999997 0.00000000099999999997 0.02332611841525589896 0.00000000099999999997 0.13113841194661748912 
0.00000000099999999998 0.65208382735792058682 0.17658028187886021243 0.00000000099999999998 0.00000020648130577035 0.00000855525082869184 0.17132712703108482488 
0.00000000099999999998 0.60046216792433015907 0.08007032094893412610 0.03165271021427436271 0.00000000099999999998 0.00095748788746939444 0.28685731102499206768 
0.04578875867674436079 0.72582283645841949582 0.11289961779891483085 0.00000000099999999998 0.00000000099999999998 0.03412866838353079135 0.08136011668239066796 
0.00000000099999999999 0.72450397112103048780 0.00000000099999999999 0.00000000099999999999 0.03693525964523262234 0.08144512945086473943 0.15711563678287207568 
0.00000000099999999996 0.90468904635826674632 0.04686428783100941159 0.00000000099999999996 0.00000000099999999996 0.04844666181072389971 0.00000000099999999996 
0.00000000099999999999 0.77480445874072745305 0.00150756196167810969 0.08818247287116277866 0.00000000099999999999 0.07757229232840694155 0.05793321209802484301 
0.00000000100000000000 0.51930078566834303455 0.09194612369748401959 0.06969235240313813307 0.10086919327538704239 0.09320639124092261474 0.12498515271472544763 
0.02464932898937689104 0.79172459263417649389 0.08760328152461592521 0.00000000099999999996 0.00000000099999999996 0.09602279385183080940 0.00000000099999999996 
0.00000000099999999998 0.73750478913971218020 0.08493793724822890079 0.08717838818446205229 0.00000000099999999998 0.00000000099999999998 0.09037888242759689605 
0.00000000099999999997 0.62533977025200337962 0.09696142949087158125 0.00000000099999999997 0.00000000099999999997 0.02723970380879616252 0.25045909344832906207 
0.02507197780582540517 0.76192226875196122915 0.12791135114431237407 0.00000000099999999999 0.00000000099999999999 0.07776524839006999923 0.00732915190783096741 
0.00000000656900276971 0.91204313643982726223 0.07590143332332782711 0.00000000099999999997 0.00000000099999999997 0.00000000099999999997 0.01205542066784232209 
0.09331138377111565518 0.66478880778502069671 0.00000000099999999997 0.00000000099999999997 0.00000000099999999997 0.10031302099045928677 0.14158678445340455720 
0.00433206358122358200 0.58214166556230906302 0.20218490096998081862 0.00000000099999999999 0.00000000099999999999 0.04088110629142820140 0.17046026159505844877 
0.00000000099999999999 0.49044673437808411487 0.17563577578314246153 0.01924594998111356717 0.01215593672498396435 0.17964738911642233465 0.12286821301625347469 
0.00000000099999999996 0.65793578365298077681 0.09470430139120709911 0.13023304574719460347 0.02571458167947208648 0.00000000099999999996 0.09141228552914541783 
0.03087869997636349603 0.78302997235313698265 0.00092958629825439139 0.00000000099999999999 0.07571431790269417261 0.10219545339425663288 0.00725196907529446211 
0.00000000099999999993 0.95906374783511494364 0.00000000099999999993 0.00000000099999999993 0.03571145520994135902 0.00522479295494378965 0.00000000099999999993 
0.03714708139202103215 0.68287803535392244125 0.02568458344126394594 0.00000000099999999998 0.08792399625387373185 0.00000000099999999998 0.16636630155891887761 
0.00000000099999999993 0.66630303955545155947 0.27451456830341069981 0.00000000099999999993 0.05918238814113770119 0.00000000099999999993 0.00000000099999999993 
0.00000000099999999995 0.74156111850635120231 0.04408140997514377324 0.17776647898309755336 0.03659098953540741717 0.00000000099999999995 0.00000000099999999995 
0.00000000099999999997 0.84937596514539870363 0.02597212686508285767 0.00000000099999999997 0.07152507474202771109 0.05312683024749077776 0.00000000099999999997 
0.00000000099999999999 0.81896630271437964588 0.02760282366049508426 0.00000000099999999999 0.03333714775982943995 0.02509499833176880718 0.09499872553352718685 
0.00000000099999999998 0.89187370554877720696 0.03087006949045137047 0.02995768417448558402 0.00000018023175890330 0.04729835855452690918 0.00000000099999999998 
0.02508340957955887754 0.57711096835270081495 0.11257665185798290675 0.00000000099999999998 0.00000000099999999998 0.26634071816159565760 0.01888825004816174422 
0.00000000099999999997 0.78688371701613457621 0.09150684002012161866 0.03837440505394163620 0.00448908081978783343 0.07874595509001441895 0.00000000099999999997 
0.00000000099999999999 0.34895301473468526288 0.38235045750293916722 0.12019506765311220586 0.00000740389591729996 0.04199244652938202010 0.10650160868396391090 
0.00000000099999999998 0.99491139335476330707 0.00000000099999999998 0.00000000099999999998 0.00000000099999999998 0.00508860164523677449 0.00000000099999999998 
0.00000000099999999998 0.22322076567257909119 0.57228604792708115401 0.00000000099999999998 0.13361335484304623367 0.00000000099999999998 0.07087982855729356435 
0.00000000100000000000 0.47742520247547204360 0.26532996111730133837 0.02102949941778818263 0.12991472978380955161 0.02714424022005092890 0.07915636598557775072 
0.00371340256036840725 0.51056058364642953329 0.28204386408217113624 0.00000000099999999999 0.01395528922070731447 0.10531209874792370196 0.08441476074240010508 
0.02081455729816016759 0.10796886239329532564 0.61770206504553004656 0.07513163322051460979 0.15125525313287666029 0.01260185502653774631 0.01452577388308537616 
0.00000000099999999993 0.00000000099999999993 0.99999999400000005867 0.00000000099999999993 0.00000000099999999993 0.00000000099999999993 0.00000000099999999993 
0.00000000099999999999 0.58650937132839342514 0.29390895943963396553 0.01341207175002391908 0.10616958730088733864 0.00000000818106135608 0.00000000099999999999 
0.03130609315057460151 0.24466029900177380108 0.42829740498551754913 0.00000000100000000000 0.21699335082426407517 0.06622592136930034734 0.01251692966856962283 
0.00000000099999999999 0.09702308914454343958 0.32675414751634940247 0.00000000099999999999 0.00613458096124124084 0.00000687697736698601 0.57008130340049889551 
0.00000000099999999998 0.28683686163674387837 0.54764457319268899926 0.00000000099999999998 0.08366967361055879793 0.04985939400652711351 0.03198949555348114260 
0.00000000099999999989 0.00000000099999999989 0.99999999399999994765 0.00000000099999999989 0.00000000099999999989 0.00000000099999999989 0.00000000099999999989 
0.00000000099999999999 0.22026141890131106793 0.65244041461887780642 0.01528343728782393697 0.00000000099999999999 0.11201472619198725444 0.00000000099999999999 
0.00000000099999999995 0.22419347143018736324 0.71973494150884065323 0.00000000099999999995 0.00000000099999999995 0.02335277958460061157 0.03271880447637153660 
0.00000000099999999999 0.15459090747188830584 0.29207234885384336653 0.00179477460912566989 0.18757826885414050078 0.22116994868437556132 0.14279375052662668377 
0.00000000099999999998 0.57966037631987432643 0.20174104692131680783 0.00000000099999999998 0.08432121344237786253 0.13427736031643092152 0.00000000099999999998 
0.02100755378214360161 0.38200413321341364359 0.40817080910691533324 0.00000000099999999995 0.00000000099999999995 0.18881750089752735722 0.00000000099999999995 
0.00000000099999999998 0.54870105081017628290 0.34436657212422755459 0.00000000099999999998 0.07822240375689339109 0.02870997030870291525 0.00000000099999999998 
0.00000000099999999967 0.00000000099999999967 0.99999999400000005867 0.00000000099999999967 0.00000000099999999967 0.00000000099999999967 0.00000000099999999967 
0.03978787541773970426 0.38956600009915087757 0.49101940538057131658 0.00000000099999999996 0.00000000099999999996 0.07962671610253820031 0.00000000099999999996 
0.00000000099999999983 0.00000000099999999983 0.99999999400000005867 0.00000000099999999983 0.00000000099999999983 0.00000000099999999983 0.00000000099999999983 
0.00000000099999999983 0.00000000099999999983 0.99999999400000005867 0.00000000099999999983 0.00000000099999999983 0.00000000099999999983 0.00000000099999999983 
0.00000000099999999961 0.00000000099999999961 0.99999999400000005867 0.00000000099999999961 0.00000000099999999961 0.00000000099999999961 0.00000000099999999961 
0.00017067205639206286 0.00000000099999999997 0.93541360615884694418 0.06441571778476094801 0.00000000099999999997 0.00000000099999999997 0.00000000099999999997 
0.00000000099999999997 0.43628099357347271958 0.27234996706236891395 0.00000000099999999997 0.22914810736424265358 0.06222092899991566589 0.00000000099999999997 
0.00000000099999999964 0.00000000099999999964 0.99999999400000005867 0.00000000099999999964 0.00000000099999999964 0.00000000099999999964 0.00000000099999999964 
0.00000000099999999997 0.54642681476060228629 0.29764810750558101660 0.00000000099999999997 0.00000000099999999997 0.15592507373381664371 0.00000000099999999997 
0.00000000099999999959 0.00000000099999999959 0.00000000099999999959 0.00000000099999999959 0.00000000099999999959 0.99999999400000005867 0.00000000099999999959 
0.00000000099999999992 0.87304526340228771897 0.12695473159771236693 0.00000000099999999992 0.00000000099999999992 0.00000000099999999992 0.00000000099999999992 
0.00000000099999999997 0.39749818439258416403 0.42187543558297158075 0.02117858010465849608 0.00794402359390664753 0.15150377432587902593 0.00000000099999999997 
0.00000000099999999996 0.45803521424060228417 0.30996580379424693019 0.18668311600143935869 0.02726085209365239348 0.01805501187005882982 0.00000000099999999996 
0.00000000099999999987 0.40896552944506520122 0.44866093795726930127 0.00000000099999999987 0.00000000099999999987 0.14237352859766547186 0.00000000099999999987 
0.00000000099999999995 0.51354624217848043877 0.25082025178406253119 0.00000000099999999995 0.10487797688762733050 0.13075552614982960398 0.00000000099999999995 
0.05225781122774431769 0.00000000099999999998 0.00000000099999999998 0.06953266705861660402 0.13792060273241979473 0.09946505124247446983 0.64082386573874483560 
0.00000000099999999998 0.27793541548119699014 0.72206457951880309576 0.00000000099999999998 0.00000000099999999998 0.00000000099999999998 0.00000000099999999998 
0.00000000099999999999 0.38981538993964681694 0.44175416652420151920 0.06762523972067890909 0.00000000099999999999 0.03876563032566789774 0.06203957148980494829 
0.00000000099999999993 0.00000000099999999993 0.22476521936574372917 0.05012160418949326846 0.00000000099999999993 0.72511317244476281019 0.00000000099999999993 
0.00000000099999999986 0.00829862481396598066 0.20475437482447200743 0.00000000099999999986 0.00000000099999999986 0.78694699636156184575 0.00000000099999999986 
0.00000000099999999990 0.29391514319389894228 0.00000000099999999990 0.00000000099999999990 0.00000000099999999990 0.70608485180610092158 0.00000000099999999990 
0.00000000099999999993 0.02032015398476619272 0.13319444628281529308 0.00000000099999999993 0.00000000099999999993 0.84648539573241854406 0.00000000099999999993 
0.00000000099999999993 0.20621810584753866302 0.02839057668590373035 0.00000000099999999993 0.00000000099999999993 0.76539131346655764343 0.00000000099999999993 
0.00000000099999999994 0.59899920787066329719 0.02679516746460610527 0.00000000099999999994 0.00000000099999999994 0.37420562066473067597 0.00000000099999999994 
0.00000000099999999991 0.11202355315089433663 0.10800338767214705260 0.00000000099999999991 0.00000000099999999991 0.77997305517695858512 0.00000000099999999991 
0.00000000099999999930 0.00000000099999999930 0.00000000099999999930 0.00000000099999999930 0.00000000099999999930 0.99999999400000005867 0.00000000099999999930 
0.00778133787525683938 0.00000000099999999997 0.35331315930032719530 0.00000000099999999997 0.04193637988290896401 0.54079834401571635905 0.05617077692579082460 
0.00000000099999999999 0.14088112871475561017 0.11600390380640801524 0.00000000099999999999 0.06037997880138249590 0.68273498567745383170 0.00000000099999999999 
0.00000000099999999977 0.00000000099999999977 0.00000000099999999977 0.00000000099999999977 0.00000000099999999977 0.99999999399999994765 0.00000000099999999977 
0.00000000099999999993 0.45853030693224294811 0.33309714508799992405 0.00000000099999999993 0.00000000099999999993 0.20837254397975707443 0.00000000099999999993 
0.04794424304902297068 0.20406011396918391498 0.39939450651795527225 0.00000000099999999999 0.07877902215805458741 0.23330255609940520056 0.03651955720637809627 
0.00000000099999999959 0.00000000099999999959 0.00000000099999999959 0.00000000099999999959 0.00000000099999999959 0.99999999400000005867 0.00000000099999999959 
0.10659758629841858957 0.22026108404887481673 0.03786579339530628252 0.00000000099999999998 0.00000000099999999998 0.63527553325740016010 0.00000000099999999998 
0.00000000099999999997 0.00000000099999999997 0.20839309884082277136 0.00290982718904319367 0.00000000099999999997 0.78867654575161716402 0.00002052521851699949 
0.00000000099999999981 0.00000000099999999981 0.00000000099999999981 0.00000000099999999981 0.00000000099999999981 0.99999999400000005867 0.00000000099999999981 
0.17196658363343930720 0.14102769808141821239 0.02143843112747768551 0.04049956554329672137 0.00000000100000000000 0.30691899008842699059 0.31814873052594089264 
0.00000000099999999997 0.20257889063537493080 0.00000000099999999997 0.00000000099999999997 0.00000000099999999997 0.79742110376260855187 0.00000000160201660052 
0.00000000099999999998 0.15801559843944817940 0.00000000099999999998 0.03257986836789512203 0.03972535795491290850 0.76967917223774373614 0.00000000099999999998 
0.00000000099999999994 0.13444135982308050292 0.18221413229342592333 0.00000000099999999994 0.00000000099999999994 0.68334450388349354810 0.00000000099999999994 
0.00000000099999999983 0.00000000099999999983 0.00000000099999999983 0.00000000099999999983 0.00000000099999999983 0.99999999399999994765 0.00000000099999999983 
0.01771121282683695008 0.43269747307841815998 0.28850237444480053561 0.00000000099999999999 0.00000000099999999999 0.12981037330341035907 0.13127856434653387141 
0.00000000099999999995 0.19801100948171448946 0.00000000099999999995 0.10638239296309671966 0.00000000099999999995 0.69560659355518872360 0.00000000099999999995 
0.08288937643795604715 0.07117720628718754439 0.00000000099999999999 0.30307714040888600326 0.00000000099999999999 0.00000000099999999999 0.54285627386597046229 
0.22269180937506338758 0.13075206639011910381 0.01142487871545087505 0.23670125109656736662 0.00000000099999999997 0.00000000099999999997 0.39842999242279936167 
0.00000000099999999998 0.00000000099999999998 0.06424406614661737347 0.35337144641286299951 0.13981675330343595887 0.00000000099999999998 0.44256773113708364198 
0.06588925575905014986 0.05697789162730238638 0.02330349204033794683 0.23335127408146510986 0.02973852673450019801 0.00000000100000000000 0.59073955875734407428 
0.00712117360265877679 0.06451990571738781821 0.00000000099999999996 0.30204883670120624695 0.00000000099999999996 0.00000000099999999996 0.62631008097874718565 
0.00494027574330737664 0.06977204214885424083 0.00000000099999999999 0.31962468502997648523 0.00002519460664221109 0.00019744572405647735 0.60544035574716315029 
0.00000000099999999998 0.25093450751040674573 0.00000000099999999998 0.28973177577084441303 0.01443055764697125792 0.00000000099999999998 0.44490315607177760571 
0.00931974245544945658 0.00000000099999999999 0.04441155439510346276 0.26205847811294219474 0.18914377395977527430 0.00000000099999999999 0.49506644907672980871 
0.00008950715999643893 0.00000000099999999997 0.00000000099999999997 0.39745687955984398965 0.22835045951458823876 0.00000000099999999997 0.37410315076557126845 
0.01161256090239348726 0.00715348885469844088 0.00000000099999999998 0.40103508375360724658 0.00000000099999999998 0.00000000099999999998 0.58019886348930083120 
0.00000000099999999996 0.11866880798711203215 0.00000000099999999996 0.37830975763428575931 0.00000000099999999996 0.00000000099999999996 0.50302143037860214125 
0.00000000099999999997 0.10144975191105012891 0.00000000099999999997 0.52347834769249057540 0.10550748351410892123 0.00000000099999999997 0.26956441388235041767 
0.00964931524842280348 0.13395502726848945718 0.00000000099999999998 0.22490684491112311605 0.26913089007116836049 0.00000000099999999998 0.36235792050079634885 
0.00000000099999999995 0.15314203638715323530 0.00000000099999999995 0.40530571748787014297 0.06308087680537285968 0.00000000099999999995 0.37847136631960381914 
0.02485552631607637272 0.02334708705337585483 0.00000000099999999999 0.28085565984333232814 0.04128850107914348172 0.00834856878255406040 0.62130465592551797904 
0.03775355873718122535 0.12838883224673711125 0.00000000099999999995 0.34966060884827632194 0.00000000099999999995 0.00000000099999999995 0.48419699716780545407 
0.01461035279328833612 0.07829599712340064299 0.01899613629735179623 0.37766487832290107640 0.02173441103226897431 0.00000000099999999998 0.48869822343078922477 
0.00000000099999999997 0.15508062221610180442 0.00000000099999999997 0.37021522853861643654 0.00000000099999999997 0.00000000099999999997 0.47470414524528187217 
0.00000000099999999999 0.14290318767044801751 0.08576351374316640297 0.21093806028511816186 0.08214072095218670488 0.00000002254381493931 0.47825449380526574572 
0.00000000099999999994 0.00000000099999999994 0.00000000099999999994 0.21929275840063608416 0.00000000099999999994 0.00000000099999999994 0.78070723659936391847 
0.09626863848309705207 0.00000000099999999999 0.09081227005039786693 0.35620593625687774209 0.00000000099999999999 0.00000000099999999999 0.45671315220962732662 
0.09105834935328339930 0.09535826374454914323 0.02377026192666751442 0.37905303334432544071 0.00000000099999999999 0.00000000099999999999 0.41076008963117460748 
0.00000000099999999998 0.11401909986677974396 0.00000000099999999998 0.49285389235837551158 0.06157196065056966955 0.00000000099999999998 0.33155504412427516669 
0.00000000099999999997 0.00000000099999999997 0.04947003606158822259 0.31497829541966609890 0.08304629093922334671 0.00000000099999999997 0.55250537457952242359 
0.19733248583197676718 0.13117097991694862125 0.00318988538036152043 0.24858102838343282270 0.00002012987117931590 0.00000000099999999998 0.41970548961610087968 
0.09075342170076315662 0.12311312279192958286 0.00000000099999999998 0.29199973518551353147 0.00000000099999999998 0.00000000099999999998 0.49413371732179373064 
0.00000000099999999985 0.01221298496202806103 0.17441212065319838809 0.00000000099999999985 0.00000000099999999985 0.81337489038477339687 0.00000000099999999985 
0.01954333144372771489 0.12292794791704456103 0.00000000099999999997 0.41479807248109507034 0.20501744066863353266 0.00000000099999999997 0.23771320548949917417 
0.08439117870401351140 0.03581137902251119859 0.00000000099999999998 0.00000000099999999998 0.10966756053974016649 0.00000000099999999998 0.77012987873373506265 
0.01324946319023904452 0.00000000099999999996 0.00000000099999999996 0.74083537399341614638 0.23288950653364098864 0.00000000099999999996 0.01302565328270384459 
0.01562713226018747070 0.00000000099999999991 0.00000000099999999991 0.15751611058418898970 0.00000000099999999991 0.00000000099999999991 0.82685675315562356946 
0.04210500202316496549 0.15625847268925915912 0.01996458028180991481 0.26998223075861449427 0.11870806601489918009 0.00000000099999999998 0.39298164723225237349 
0.05952064548551355000 0.10093975562264329016 0.00000000099999999997 0.24190204985044655439 0.00000000099999999997 0.00000000099999999997 0.59763754604139651683 
0.00672381070324095872 0.00000000099999999992 0.00000000099999999992 0.18781793340664795777 0.04234023851188684767 0.00000000099999999992 0.76311801437822435190 
0.13845087619026347214 0.00000000099999999990 0.00000000099999999990 0.20588861085608889390 0.00000000099999999990 0.00000000099999999990 0.65566050895364758055 
0.00000000099999999998 0.00000000099999999998 0.00000000099999999998 0.00000000099999999998 0.00000000099999999998 0.00000000099999999998 0.99999999399999994765 
0.00000000099999999992 0.00000000099999999992 0.00000000099999999992 0.00000000099999999992 0.00000000099999999992 0.00000000099999999992 0.99999999399999994765 
0.02073482933069541179 0.14929538439608766587 0.00000000099999999998 0.00862596193025866667 0.00000000099999999998 0.00000000099999999998 0.82134382134295835787 
0.00000000099999999995 0.00000000099999999995 0.00000000099999999995 0.24565020898433223562 0.00000000099999999995 0.00000000099999999995 0.75434978601566782253 
0.08241747165246061935 0.00000000099999999994 0.00000000099999999994 0.14189034462383423585 0.00373989270810864624 0.00000000099999999994 0.77195228801559656606 
0.07843222349349782130 0.02726389863412717260 0.05015758948661998284 0.17848959566093205997 0.00000000100000000000 0.06153705921876231888 0.60411963250606059983 
0.01141884954467940229 0.00000000099999999997 0.02151040714786192631 0.32818508762276843438 0.01318480523981006153 0.00000000099999999997 0.62570084844488016440 
0.00000000099999999992 0.00000000099999999992 0.00000000099999999992 0.38741123226001417112 0.08830096578893584236 0.00000000099999999992 0.52428779795104984984 
0.09821049723493552319 0.13966321904692496902 0.00000000099999999999 0.20249226795997887773 0.07603421412780703159 0.00000000099999999999 0.48359979963035376604 
0.12656086365329180521 0.02495185116624988944 0.00000000099999999997 0.01774668291330623246 0.17842090964036874667 0.00000000099999999997 0.65231969062678329951 
0.00000000099999999999 0.14673808801995466555 0.00000000099999999999 0.15174396505139839397 0.07653840861360287906 0.05022867839830250786 0.57475085791674151992 
0.04383406461561901307 0.00000000099999999998 0.01803392101969042427 0.40772161474455043129 0.12928818365226199538 0.00000000099999999998 0.40112221396787811623 
0.00000000099999999995 0.00000000099999999995 0.00000000099999999995 0.29252807683008485995 0.00000000099999999995 0.00000000099999999995 0.70747191816991505942 
0.00000000099999999989 0.00000000099999999989 0.00000000099999999989 0.00000000099999999989 0.00140654371883700805 0.00000000099999999989 0.99859345128116294710 
0.06400859941677800036 0.00001502817669298008 0.01837296766533498549 0.11882813095332524223 0.03985549040182719688 0.00000000099999999999 0.75891978238604163032 
0.06721975766863572122 0.00274549377176406010 0.00000000100000000000 0.14807798211078015971 0.04156864254839560957 0.00000000311916991855 0.74038811978125451674 
0.00229675839216271190 0.00417720325061361579 0.10826537166794929223 0.33636872772127973663 0.02520304663827370797 0.00000000099999999999 0.52368889132972096245 
0.11733528447015893759 0.00000000099999999994 0.00000000099999999994 0.24065813086373785690 0.02928790830580392177 0.00000000099999999994 0.61271867336029939288 
0.00000000099999999992 0.00000000099999999992 0.00000000099999999992 0.77263871219052715489 0.12321751784290770060 0.00000000099999999992 0.10414376596656509111 
0.01731206482038931752 0.00000000099999999998 0.00966959394933961103 0.34499844838087279086 0.15380039584162524813 0.00000000099999999998 0.47421949500777316189 
0.05889083910957960272 0.03557249214425489692 0.00000000099999999999 0.34136595859080159920 0.05779204480574329922 0.00000000099999999999 0.50637866334962056136 
0.00000000099999999999 0.00279345107257680976 0.07153583329767518317 0.21735125393447185527 0.05681841361600644541 0.01170329488743427314 0.63979775219183532275 
0.02662548693767822008 0.00000000099999999999 0.16315871475076740293 0.08167780903696178485 0.08940787730572904990 0.00000000099999999999 0.63913010996886354675 
0.08206171815421699212 0.00000000099999999995 0.00000000099999999995 0.30218886132439454206 0.09386804534826337365 0.00000000099999999995 0.52188137217312513538 
0.07757688758473453572 0.00000000099999999999 0.13574811511045209445 0.09626519953137747942 0.07378126099617147993 0.01096605240642612063 0.60566248337083816722 
0.02834440622259105924 0.00000000099999999999 0.17544533817815180510 0.27871370265605610594 0.01852886154481247008 0.01882134795537505206 0.48014634244301351851 
0.06626580925841903114 0.00000000099999999998 0.19542586067284897777 0.37841510632818642357 0.05397676739314906380 0.00000000099999999998 0.30591645434739656029 
0.09291266069079805179 0.01878960727007658940 0.00000000099999999997 0.27488813027501640684 0.15856548595818975578 0.00000000099999999997 0.45484411380591927010 
0.04306255816753448012 0.05454042485525752160 0.00000000099999999998 0.21284397860435519401 0.00000000099999999998 0.01395899176311730765 0.67559404460973537798 
0.00000000099999999998 0.03282435673364624690 0.00000000099999999998 0.06999774340827150110 0.00000000099999999998 0.00764914117886711636 0.88952875567921507738 
0.00000000099999999994 0.00000000099999999994 0.00000000099999999994 0.00000000099999999994 0.70140728628280823997 0.00000000099999999994 0.29859270871719179041 
0.10295786243838460361 0.01895586557562852978 0.00000000099999999997 0.00000000099999999997 0.52745335944780114001 0.00000000099999999997 0.35063290953818587736 
0.01745353853708109249 0.00000000099999999997 0.00000000099999999997 0.00000000099999999997 0.61163264559981744828 0.01520666268035068304 0.35570715018275067543 
0.04552879387354231283 0.53703508584538806048 0.24676646774215615920 0.00000000100000000000 0.13091281230418869153 0.03975674113482277616 0.00000009809990199638 
0.01593389200728853247 0.01104413570926710692 0.17504430642415674813 0.00000000099999999999 0.62513444671546014586 0.00000000099999999999 0.17284321714382752666 
0.01454380706182726787 0.00793444296845237894 0.00000000099999999997 0.00000000099999999997 0.51825367372591468751 0.00000000099999999997 0.45926807324380569675 
0.02374352383796814181 0.13459016193344144896 0.02556575066587540510 0.26805250227550370123 0.25428930239580832540 0.00000000100000000000 0.29375875789140309946 
0.05313289068214295530 0.00000000099999999998 0.00000000099999999998 0.00000000099999999998 0.88682405683710052724 0.02495356726134541001 0.03508948221941109863 
0.08097720865210278340 0.12739116195400149167 0.08565458806933351488 0.00000000099999999999 0.41580439781786049380 0.01289215990426389319 0.27728048260243792766 
0.00000000099999999998 0.00000000099999999998 0.00494130629459929843 0.00000000099999999998 0.68258748730248020031 0.00000000099999999998 0.31247120240292053372 
0.02260027330395501799 0.00000000099999999995 0.00000000099999999995 0.00000000099999999995 0.47210765773220952912 0.00000000099999999995 0.50529206496383538560 
0.02007349806147611798 0.00000000099999999996 0.00000000099999999996 0.00000000099999999996 0.63826908488141964604 0.00000000099999999996 0.34165741305710423115 
0.14785962092295118486 0.00000000099999999993 0.00000000099999999993 0.00000000099999999993 0.36542720620333751791 0.00000000099999999993 0.48671316887371135484 
0.05680152903838613099 0.03233460326997864009 0.00000000099999999999 0.00000000099999999999 0.45980331514490291323 0.02808261194400987759 0.42297793860272248079 
0.03650870727803148807 0.00000000099999999997 0.02220753218637985457 0.00000000099999999997 0.58698326596236083397 0.00252074364024534219 0.35177974893298247228 
0.00000000099999999986 0.00000000099999999986 0.00000000099999999986 0.10866788516287630151 0.89133210983712363173 0.00000000099999999986 0.00000000099999999986 
0.00000000099999999995 0.00000000099999999995 0.00000000099999999995 0.00000000099999999995 0.74352239497297556436 0.00000000099999999995 0.25647760002702452153 
0.00000000099999999995 0.00000000099999999995 0.00000000099999999995 0.00000000099999999995 0.73049578142027482563 0.01313594241117924458 0.25636827216854596312 
0.05249118373807338395 0.07679834692693879306 0.00000000099999999996 0.00000000099999999996 0.59090199085906758292 0.00000000099999999996 0.27980847547592030411 
0.00000000099999999996 0.02188107401029619134 0.00000000099999999996 0.00000000099999999996 0.55302035891886358598 0.05120836729782682339 0.37389019677301343902 
0.05744307821388008883 0.13177173260953395362 0.00000000099999999999 0.00000000099999999999 0.50411477277562044552 0.02886037277789591654 0.27781004162306982552 
0.04333495029188172420 0.00000000100000000000 0.11400173761352526414 0.00000000100000000000 0.34309564997854852253 0.49956765911604444907 0.00000000100000000000 
0.00000000099999999995 0.00000000099999999995 0.01824301819483049175 0.00000000099999999995 0.46431079038890027411 0.00000000099999999995 0.51744618741626913216 
0.00000001257768375401 0.02845638973532799154 0.14304474191854968379 0.00000000099999999997 0.58565772612753830284 0.00000000099999999997 0.24284112764090018399 
0.00000000099999999990 0.00000000099999999990 0.00000000099999999990 0.00000000099999999990 0.99999999400000005867 0.00000000099999999990 0.00000000099999999990 
0.00000000099999999996 0.04894385293351845995 0.00000000099999999996 0.00000000099999999996 0.65840005178402682962 0.00000000099999999996 0.29265609128245484438 
0.07691312280999192119 0.00000000099999999994 0.00000000099999999994 0.08137259403570587524 0.84171427915430219180 0.00000000099999999994 0.00000000099999999994 
0.00000000099999999986 0.00000000099999999986 0.00000000099999999986 0.00000000099999999986 0.99999999400000005867 0.00000000099999999986 0.00000000099999999986 
0.00000000099999999998 0.03836602122222696615 0.00000000099999999998 0.00000000099999999998 0.73983596343531887740 0.03872088651195398218 0.18307712583050042565 
0.00000000099999999994 0.00000000099999999994 0.00000000099999999994 0.00000000099999999994 0.90003997395240786794 0.00000000099999999994 0.09996002104759214857 
0.00000000099999999996 0.00000000099999999996 0.00000000099999999996 0.00000000099999999996 0.79136269809146997378 0.05306766663904896597 0.15556963126948114562 
0.00000000099999999999 0.06983109531733225350 0.02687457190151956721 0.00000000099999999999 0.90324213657076402040 0.00000000099999999999 0.00005219321038413200 
0.00246124574709313338 0.39800340223494062863 0.20356818273007476483 0.04837870602944459308 0.18816126673113389711 0.00000000099999999999 0.15942719552731290933 
0.00850390786357430387 0.04882691531753174247 0.07160202303324492146 0.00000000099999999998 0.70194647372489293868 0.01155004733896197039 0.15757063172179414101 
0.08611670204017200791 0.06358184495892141297 0.05895485801817011706 0.00000006605159766965 0.79133125698383033342 0.00000223417603845510 0.00001303777126991083 
0.03602575039467130480 0.15707358679708993687 0.22644400431869157742 0.14114900703601426790 0.21787693995388243695 0.02322276170292250988 0.19820794979672803904 
0.03926484267794517341 0.02859142398898763954 0.00000000099999999998 0.00000000099999999998 0.56640077446872594269 0.04760795222177006958 0.31813500464257127298 
0.00000000099999999978 0.00000000099999999978 0.00000000099999999978 0.00000000099999999978 0.99999999399999994765 0.00000000099999999978 0.00000000099999999978 
0.00000000099999999995 0.00000000099999999995 0.00000000099999999995 0.09844476674973755281 0.83712632155969779468 0.00000000099999999995 0.06442890769056466849 
0.00000000099999999988 0.00000000099999999988 0.00000000099999999988 0.11069628624012201046 0.88930370875987796442 0.00000000099999999988 0.00000000099999999988 
0.00000000099999999980 0.00000000099999999980 0.00000000099999999980 0.00000000099999999980 0.99999999399999994765 0.00000000099999999980 0.00000000099999999980 
0.00000000099999999994 0.00000000099999999994 0.00000000099999999994 0.27778229146105498648 0.72221770353894509942 0.00000000099999999994 0.00000000099999999994 
0.00000000099999999980 0.00000000099999999980 0.00000000099999999980 0.00000000099999999980 0.99999999399999994765 0.00000000099999999980 0.00000000099999999980 
0.00000000099999999995 0.05442930012604039330 0.00000000099999999995 0.16067242932395950361 0.76016895314758914370 0.00000000099999999995 0.02472931440241099912 
0.00000000099999999997 0.00000588544814130835 0.00000000099999999997 0.07485090897960687550 0.66154072221757498351 0.00000000099999999997 0.26360248035467698235 
0.00000000099999999993 0.00000000099999999993 0.00000000099999999993 0.04150533990956253860 0.95849465509043751954 0.00000000099999999993 0.00000000099999999993 
0.00000000099999999983 0.00000000099999999983 0.00000000099999999983 0.00000000099999999983 0.99999999400000005867 0.00000000099999999983 0.00000000099999999983 
0.00000000099999999999 0.00000000099999999999 0.00000000099999999999 0.15105769517817593806 0.83051653732815278186 0.01842576349367120239 0.00000000099999999999 
0.00000000099999999995 0.00000000099999999995 0.01331693900549573047 0.11198826557122107395 0.87469479142328321331 0.00000000099999999995 0.00000000099999999995 
0.04568273198532361856 0.02838913789735614257 0.00000000099999999997 0.00000000099999999997 0.90931057165431328215 0.00000000099999999997 0.01661755546300697217 
0.00000000099999999997 0.01081857282335848582 0.03468860059656910660 0.00000000099999999997 0.89018725184800473471 0.00000000099999999997 0.06430557173206766230 
0.00000000099999999989 0.00000000099999999989 0.00000000099999999989 0.00000000099999999989 0.99999999400000005867 0.00000000099999999989 0.00000000099999999989 
0.00000000099999999998 0.00000000099999999998 0.00000000099999999998 0.00000000099999999998 0.86446727462089090199 0.00187983283893112130 0.13365288854017801090 
0.00000000099999999992 0.00000000099999999992 0.00000000099999999992 0.32106453003552137826 0.67893546496447854111 0.00000000099999999992 0.00000000099999999992 
0.00000000099999999982 0.00000000099999999982 0.00000000099999999982 0.99999999399999994765 0.00000000099999999982 0.00000000099999999982 0.00000000099999999982 
0.00000000099999999994 0.00000000099999999994 0.00000000099999999994 0.00000000099999999994 0.99999999400000005867 0.00000000099999999994 0.00000000099999999994 
0.42039396424908642702 0.00000000099999999999 0.06766177736921613617 0.16866723957788895549 0.11303661975994261368 0.00000000099999999999 0.23024039704386584093 
0.53125922474299436260 0.00000000099999999998 0.00000011966706351569 0.11563909013790331370 0.35310156245203894176 0.00000000099999999998 0.00000000099999999998 
0.20501661496909617810 0.00000000100000000000 0.17234901078471495661 0.28393884049857209817 0.10331785239878978067 0.00288026418402343625 0.23249741616480348871 
0.13985112390443726893 0.01249103623319014304 0.00000000099999999999 0.40010186282031806604 0.00000000099999999999 0.08339554524148706793 0.36416042980056739786 
0.00000000131158685256 0.02449773598853021220 0.07168679709585988602 0.30014171363657182745 0.10643169434652612060 0.00000000099999999999 0.49724205662092513247 
0.07164509890783862800 0.05236432891237114556 0.04003885847524687319 0.44251599482941988972 0.06631592972049939194 0.00000000099999999997 0.32711978815462416925 
0.03333617686473391156 0.31125511609570233329 0.00000000099999999999 0.14354220430337447101 0.00000000099999999999 0.00013107133314176376 0.51173542940304750370 
0.01416408926013719427 0.24597235338831177631 0.14182616772253928139 0.18947393434732084927 0.07693268443587106264 0.00000000099999999998 0.33163076984581979501 
0.00000000099999999999 0.00000000099999999999 0.00000000099999999999 0.28229400668571402733 0.13479533911858015971 0.02195402415173232716 0.56095662704397353249 
0.12943097627162894470 0.00000000099999999998 0.09964162374413668144 0.38288644672840693728 0.09150634320964058654 0.00000000099999999998 0.29653460804618686497 
0.09819237668695518506 0.01262775561995881785 0.09686632905030279073 0.28069947693309155179 0.10360070306366712944 0.00000902289621848303 0.40800433574980593532 
0.21018867359852005938 0.00000000099999999995 0.00000000099999999995 0.27073660362448975780 0.00000000099999999995 0.00000000099999999995 0.51907471877699007390 
0.03809099279728390963 0.00000000099999999999 0.15661950805237739859 0.24691785794879358984 0.28939059059949995278 0.00000000099999999999 0.26898104860204530286 
0.03235041947683065661 0.00000000099999999997 0.00000000099999999997 0.27632461735176855333 0.00000000099999999997 0.00000000099999999997 0.69132495917140091013 
0.00000000099999999998 0.00000000099999999998 0.09367726495455991342 0.30752402134250678145 0.04573810090529913108 0.00000000099999999998 0.55306060979763427277 
0.00000000099999999999 0.00000000099999999999 0.00000000099999999999 0.32793239700366932921 0.12794515713525569933 0.00000000099999999999 0.54412244186107505683 
0.00479615075396235772 0.00000000099999999998 0.08650744970389395716 0.15737966280077042569 0.25675527569595019139 0.00000000099999999998 0.49456145904542314629 
0.05639830053666626541 0.00665790786435009174 0.00000000099999999999 0.13396836008225809778 0.25261180879242378650 0.00000000366923621108 0.55036361805506550660 
0.00000000099999999996 0.00776830699365977685 0.00000000099999999996 0.48424303448996142141 0.01879167903192107553 0.00000000099999999996 0.48919697648445781279 
0.04758318360430888183 0.00000000099999999999 0.30269588780812062279 0.29165982989560784722 0.12767791486284690849 0.02347616593039485514 0.20690701689872084690 
0.01823414109878009060 0.00000000099999999996 0.72835680960599513689 0.20517355347951690692 0.04823549281570780473 0.00000000099999999996 0.00000000099999999996 
