0.93744339104761753578 0.06255660295238266166 0.00000000099999999994 0.00000000099999999994 0.00000000099999999994 0.00000000099999999994 0.00000000099999999994 0.00000000099999999994 
0.72594982600608570777 0.00000000099999999999 0.12535265517950408554 0.00923554942962009212 0.00000000099999999999 0.02654649305772318127 0.08767380594457988008 0.02524166838248704040 
0.74098038622327200287 0.03132238784588300268 0.02114536535598385281 0.16222977894185056091 0.00000000099999999997 0.00000000099999999997 0.00000009446745060213 0.04432198516555999057 
0.66324094506255126813 0.00000000099999999996 0.00000000099999999996 0.08511092539073397689 0.00685878957621694711 0.00000000099999999996 0.07262069517534772145 0.17216864179515015132 
0.80501677485668599044 0.11878996435819652588 0.00000000099999999999 0.02615631610768357970 0.00005908295951373700 0.00000000099999999999 0.01834997989484392009 0.03162787982307629225 
0.90664675148657847270 0.00000000099999999995 0.00000000099999999995 0.02294945825476895490 0.03607736493021628660 0.00000000099999999995 0.00000000099999999995 0.03432642132843633648 
0.77974692962601976909 0.00000000099999999998 0.05449632455110170470 0.00000000099999999998 0.00000000099999999998 0.02371627585251498069 0.00000000099999999998 0.14204046597036371069 
0.71689010135024611170 0.05920314267996305141 0.13017970061541717097 0.02739564956626309652 0.00000000099999999999 0.02632978129602315739 0.00000000099999999999 0.04000162249208749632 
0.67908434966181885351 0.01822391054655887396 0.00000000099999999999 0.16754312827495171367 0.11616999941928587980 0.01819822486640621309 0.00000000099999999999 0.00078038523097855733 
0.72312116999808995210 0.00000000099999999998 0.00000032188582442785 0.20459562740549211424 0.01690333001394271617 0.05537954769665074523 0.00000000099999999998 0.00000000099999999998 
0.72385711012175391055 0.00000000470097157203 0.00000000099999999996 0.22961282351927170264 0.00000000099999999996 0.04653005765800287408 0.00000000099999999996 0.00000000099999999996 
0.75308607266871463448 0.00000000099999999997 0.00000000099999999997 0.09091726126859393797 0.10079487480033341718 0.05520178726235810962 0.00000000099999999997 0.00000000099999999997 
0.41521466689943536954 0.00000000099999999998 0.22856752675412514431 0.00000000099999999998 0.08155410475002559945 0.27466369759641373616 0.00000000099999999998 0.00000000099999999998 
0.74361622917632697050 0.00000000099999999999 0.09645628237233262736 0.01274745040231621031 0.02716030590671441799 0.06235587874778676654 0.05113361654972729820 0.00653023584479574259 
0.61679386880860731512 0.04055364619369495466 0.01457749549786317364 0.17923327366536193073 0.07875462250386648655 0.00000000100000000000 0.02177370344354236445 0.04831338888706375456 
0.77926779395409695450 0.00000000099999999997 0.00000000099999999997 0.00000000099999999997 0.07493137012100245520 0.08574382468405013225 0.01757386316190447106 0.04248314507894609265 
0.65890127116276486774 0.00000000099999999998 0.15189184531625124497 0.15830631773035941379 0.00949309514228934351 0.02140746764833520790 0.00000000099999999998 0.00000000099999999998 
0.85265459972194601601 0.00000000099999999998 0.12968428821984676058 0.00000000099999999998 0.00000000099999999998 0.01766110705820718441 0.00000000099999999998 0.00000000099999999998 
0.63979458007599809832 0.06774176681220997476 0.12021393791589364552 0.17224971119589846391 0.00000000099999999997 0.00000000099999999997 0.00000000099999999997 0.00000000099999999997 
0.59610480223417072754 0.07866321311967448826 0.25879945408319254829 0.06471473604149223513 0.00000000099999999998 0.00000000099999999998 0.00000000099999999998 0.00171779152147004421 
0.74018819274127012342 0.02818854677054414767 0.02843689109235505996 0.11528913106029332891 0.00000000099999999999 0.00000000099999999999 0.05545144166681048592 0.03244579466872681700 
0.73123287198415376498 0.04522781939505635812 0.08966458433071287926 0.00000000099999999999 0.00000000099999999999 0.04760433285023667888 0.00451130404498063971 0.08175908539485970961 
0.90664989011492491677 0.00000000099999999996 0.00000000099999999996 0.04628974132440320105 0.00000000099999999996 0.00000000099999999996 0.00000000099999999996 0.04706036356067194726 
0.79320588088136345650 0.07394115323502906123 0.01878754582852079635 0.00000000099999999999 0.04258147814608673198 0.00000000099999999999 0.00000000099999999999 0.07148393890900013592 
0.52945581176150979807 0.00000000171650172450 0.15100224174739049210 0.08001419676424653682 0.06548252846164168139 0.08017498630773944868 0.00000000099999999999 0.09387023224097042207 
0.79995455934529013931 0.00000000099999999995 0.00000000099999999995 0.08552048614972422580 0.00000000099999999995 0.00000000099999999995 0.02384438670302862009 0.09068056380195717303 
0.74220033830443898903 0.16921905511243465203 0.00820382479913425722 0.07124729727258767575 0.00000000099999999998 0.00000000099999999998 0.00000000099999999998 0.00912948151140444662 
0.64075076386824292296 0.01596955628093078144 0.21673857490000486559 0.09612842236740222479 0.00000000099999999998 0.00000000099999999998 0.00000000099999999998 0.03041267958341904720 
0.76596181567409415969 0.00000000099999999998 0.00000677426906774534 0.13529016076709624028 0.00000000099999999998 0.00000000099999999998 0.02719654456422845173 0.07154470172551351259 
0.90596941169506906011 0.00000000099999999996 0.01184353411763387418 0.07983018586920882786 0.00000000099999999996 0.00000000099999999996 0.00235686431808823258 0.00000000099999999996 
0.66711662558272122325 0.14728315560076463142 0.00795945408915868687 0.00000000099999999997 0.00000000099999999997 0.00000000099999999997 0.08647011316861488717 0.09117064855874071339 
0.58606348880069181195 0.00000000099999999998 0.20888725679850675410 0.15581047934522007647 0.00000000099999999998 0.00000000099999999998 0.00000000099999999998 0.04923877105558160938 
0.49709778760996492508 0.00000000099999999999 0.10634278420653171804 0.16519563490702179887 0.04684776179069345681 0.00474774997948912338 0.00000000099999999999 0.17976827950629903352 
0.67557882656393775100 0.00000000099999999996 0.10282552628614170798 0.06609619319014474470 0.14815263210171258912 0.00734681885806339960 0.00000000099999999996 0.00000000099999999996 
0.78305886303449301344 0.00000000099999999999 0.01031976505345292769 0.00000000896270546055 0.00000000099999999999 0.07397208271364508203 0.03046897944745310602 0.10218029878825063417 
0.95241704440190344538 0.00000000099999999992 0.00000000099999999992 0.00000000099999999992 0.00000000099999999992 0.04264821062684647640 0.00000000099999999992 0.00493473997125015978 
0.70607237124914135062 0.00000000099999999997 0.17921271974031077745 0.00000000099999999997 0.00000000099999999997 0.08079049162274340445 0.03392441338780453203 0.00000000099999999997 
0.66864891825095562616 0.00000000099999999992 0.00000000099999999992 0.27167392579246052442 0.00000000099999999992 0.05967715095658415736 0.00000000099999999992 0.00000000099999999992 
0.75954381503222512251 0.00000000099999999996 0.00000000099999999996 0.04510452953350440469 0.16023067937400217731 0.03512097206026831842 0.00000000099999999996 0.00000000099999999996 
0.84501699707245025994 0.00358991907148608963 0.00000000099999999997 0.02554235539898757137 0.00000000099999999997 0.07398966384838512322 0.00000000099999999997 0.05186106160869091708 
0.81940549464501366561 0.07971823604763438043 0.02161697626135506908 0.02487873479594509760 0.00000000099999999999 0.03045375237877002289 0.00000000099999999999 0.02392680387128177932 
0.89146944899404756413 0.00000000099999999996 0.00000000099999999996 0.01556239612643660168 0.04727085034619643578 0.00000000099999999996 0.00000000099999999996 0.04569730053331952369 
0.58763320142962838233 0.00000000099999999998 0.00000000099999999998 0.10942255404709896882 0.00000000099999999998 0.00000000099999999998 0.03948737973119340050 0.26345686079207958352 
0.78212223999099483862 0.00000000099999999997 0.00000000099999999997 0.09335387461923562447 0.04708278235676038870 0.00284722397045030851 0.00000000099999999997 0.07459387606255887815 
0.33182414625468747982 0.10270536412458704245 0.15453309142265986287 0.34051878156058068559 0.03242322999134936851 0.00000000099999999999 0.00000000099999999999 0.03799538464613552713 
0.99991818917872110628 0.00000000099999999998 0.00000000099999999998 0.00000000099999999998 0.00000000099999999998 0.00000000099999999998 0.00000000099999999998 0.00008180482127900093 
0.19904736641226650207 0.00000000099999999996 0.16573109279015244000 0.53090846804752611643 0.00000000099999999996 0.10431306875005501300 0.00000000099999999996 0.00000000099999999996 
0.46872832874943715087 0.04242089768539920175 0.07054320729594801276 0.26514469745123669941 0.00000000099999999999 0.12911916126062883414 0.00000000099999999999 0.02404370555735009171 
0.51303044065139469243 0.00000000099999999998 0.05958991649424266734 0.28442643749348905935 0.00000000099999999998 0.02361605762114518323 0.01588676499771735431 0.10345038074201132194 
0.10799804465859497160 0.00000000099999999999 0.02977540719108838149 0.60626863913296213937 0.09073426774424740715 0.13866493486128816937 0.01617244278725372270 0.01038626262456520712 
0.00000000099999999992 0.00000000099999999992 0.00000000099999999992 0.99999999299999997593 0.00000000099999999992 0.00000000099999999992 0.00000000099999999992 0.00000000099999999992 
0.58168486253441376022 0.00000000099999999997 0.01768459952320141498 0.27842741318364333525 0.03347433089849514987 0.08872879086024636208 0.00000000099999999997 0.00000000099999999997 
0.23423069556871575769 0.00000000099999999999 0.03190041671571261506 0.41738389154220323363 0.03236509708115065803 0.19378752890082850957 0.02764674253371170176 0.06268562665767746234 
0.10356991203717713645 0.02342830670527484144 0.57158894439716922964 0.30141283286037906519 0.00000000099999999999 0.00000000099999999999 0.00000000099999999999 0.00000000099999999999 
0.28203121830391170155 0.00000000099999999997 0.13087738156465639205 0.48423320273100145528 0.00000000099999999997 0.05784521683821862437 0.00000000099999999997 0.04501297756221190466 
0.00000000099999999987 0.00000000099999999987 0.00000000099999999987 0.99999999300000008695 0.00000000099999999987 0.00000000099999999987 0.00000000099999999987 0.00000000099999999987 
0.21401641895578468744 0.02792981394272454898 0.00000000099999999998 0.64253579919603964754 0.00605145242500234205 0.00000000099999999998 0.00000000099999999998 0.10946651248044871052 
0.24875705442449641547 0.00000000099999999994 0.00262578048478636760 0.72981888110784232104 0.00000000099999999994 0.00000000099999999994 0.00000000099999999994 0.01879827998287506713 
0.14270639744930288528 0.02243624903732014536 0.17656181407691534657 0.26962266325045769477 0.00000000099999999998 0.16675682626775492623 0.00000000099999999998 0.22191604791824895426 
0.58727802773528958724 0.00000000099999999997 0.00000000099999999997 0.19523506729955539263 0.00000000099999999997 0.08422313470597288243 0.00000000099999999997 0.13326376625918232022 
0.37496286110448512341 0.05201688735468460584 0.00000000099999999994 0.38968216453939530375 0.00000000099999999994 0.00000000099999999994 0.00000000099999999994 0.18333808300143505932 
0.55873819940187641198 0.00000000099999999998 0.00000000099999999998 0.33346058675295681129 0.00000000099999999998 0.07794513234913175159 0.00032507120231574133 0.02953100729371934546 
0.00000000099999999959 0.00000000099999999959 0.00000000099999999959 0.99999999299999997593 0.00000000099999999959 0.00000000099999999959 0.00000000099999999959 0.00000000099999999959 
0.39404788509766708327 0.00000000099999999994 0.00000000099999999994 0.49042322368660001830 0.00000000099999999994 0.00000000099999999994 0.03893378569048118465 0.07659510152525174365 
0.00000000099999999979 0.00000000099999999979 0.00000000099999999979 0.99999999300000008695 0.00000000099999999979 0.00000000099999999979 0.00000000099999999979 0.00000000099999999979 
0.00000000099999999980 0.00000000099999999980 0.00000000099999999980 0.99999999299999997593 0.00000000099999999980 0.00000000099999999980 0.00000000099999999980 0.00000000099999999980 
0.00000000099999999954 0.00000000099999999954 0.00000000099999999954 0.99999999299999997593 0.00000000099999999954 0.00000000099999999954 0.00000000099999999954 0.00000000099999999954 
0.00000000099999999997 0.00000000099999999997 0.00000000099999999997 0.91844186403685990072 0.08155812996314007468 0.00000000099999999997 0.00000000099999999997 0.00000000099999999997 
0.43731541809375751306 0.00000000099999999997 0.00000000099999999997 0.27237168923584825775 0.00000000099999999997 0.22717991103842202771 0.00000000099999999997 0.06313297763197218970 
0.00000000099999999957 0.00000000099999999957 0.00000000099999999957 0.99999999300000008695 0.00000000099999999957 0.00000000099999999957 0.00000000099999999957 0.00000000099999999957 
0.56041632416538300632 0.00000000099999999997 0.00000000099999999997 0.28408040086538688396 0.00000000099999999997 0.00000000099999999997 0.00000000099999999997 0.15550326996923016787 
0.00000000099999999950 0.00000000099999999950 0.00000000099999999950 0.00000000099999999950 0.00000000099999999950 0.00000000099999999950 0.00000000099999999950 0.99999999299999997593 
0.87165204321058287196 0.00000000099999999990 0.00000000099999999990 0.12834795078941718671 0.00000000099999999990 0.00000000099999999990 0.00000000099999999990 0.00000000099999999990 
0.38053118462484619711 0.00000000099999999994 0.05231001066708110270 0.34034914652684772340 0.06782811571717620169 0.00000000099999999994 0.00000000099999999994 0.15898153946404855463 
0.46435000174011925589 0.00000000099999999995 0.00000000099999999995 0.29518768002302514519 0.19887195887640404801 0.01787171223992778737 0.00000000099999999995 0.02371864412052389348 
0.41892779712118766167 0.00000000099999999984 0.00000000099999999984 0.43786997501308261294 0.00000000099999999984 0.00000000099999999984 0.00000000099999999984 0.14320222286572975579 
0.52043161268599225089 0.00000000099999999994 0.00000000099999999994 0.24407494495954989988 0.00000000099999999994 0.10450896331994163901 0.00000000099999999994 0.13098447503451612906 
0.00000000099999999998 0.01208389573752614507 0.65484415152583796971 0.00000000099999999998 0.05235205523158614760 0.12066774170413965828 0.06020025221143477517 0.09985190158947533645 
0.18400700328190996991 0.00000000099999999997 0.11301100905187186352 0.62287586263581107282 0.08010612103040719301 0.00000000099999999997 0.00000000099999999997 0.00000000099999999997 
0.36526583698738906980 0.00000000099999999997 0.12328767336546345157 0.39606941838123016497 0.07801455886777539095 0.00000000099999999997 0.00000000099999999997 0.03736250939814202837 
0.00000000099999999993 0.00000000099999999993 0.00000000099999999993 0.21959265891282500616 0.05603221578245677625 0.00000000099999999993 0.00000000099999999993 0.72437512030471817859 
0.01096370028713031068 0.00000000099999999982 0.00000000099999999982 0.20641306749538412824 0.00000000099999999982 0.00000000099999999982 0.00000000099999999982 0.78262322721748556198 
0.29983504064420768431 0.00000000099999999989 0.00000000099999999989 0.00000000099999999989 0.00000000099999999989 0.00000000099999999989 0.00000000099999999989 0.70016495335579220782 
0.02798840907005523820 0.00000000099999999992 0.00000000099999999992 0.12896708757888258878 0.00000000099999999992 0.00000000099999999992 0.00000000099999999992 0.84304449835106232136 
0.21118940374538422433 0.00000000099999999992 0.00000000099999999992 0.02511536500923356244 0.00000000099999999992 0.00000000099999999992 0.00000000099999999992 0.76369522624538233035 
0.59633966208394917352 0.00000000099999999993 0.00000000099999999993 0.03566010628624355361 0.00000000099999999993 0.00000000099999999993 0.00000000099999999993 0.36800022662980741428 
0.12816158333999114194 0.00000000099999999989 0.00000000099999999989 0.09005992834181460183 0.00000000099999999989 0.00000000099999999989 0.00000000099999999989 0.78177848331819432826 
0.00000000099999999918 0.00000000099999999918 0.00000000099999999918 0.00000000099999999918 0.00000000099999999918 0.00000000099999999918 0.00000000099999999918 0.99999999300000008695 
0.00000000099999999995 0.00000000099999999995 0.10222142298219023815 0.33214509247995682717 0.00000000099999999995 0.01963946509066364157 0.00796924321127665154 0.53802477323591268998 
0.13840068341712935540 0.00000000099999999999 0.00000000099999999999 0.11501907583487371023 0.00000000099999999999 0.06568783342034312245 0.00000000099999999999 0.68089240332765366137 
0.00000000099999999974 0.00000000099999999974 0.00000000099999999974 0.00000000099999999974 0.00000000099999999974 0.00000000099999999974 0.00000000099999999974 0.99999999300000008695 
0.46241929022685418493 0.00000000099999999992 0.00000000099999999992 0.33066679688514416524 0.00000000099999999992 0.00000000099999999992 0.00000000099999999992 0.20691390788800165246 
0.19562398527108601498 0.01929726844394936969 0.01668824943240260206 0.40054779712537591507 0.00000000099999999999 0.08504923337815759044 0.05320360769092400549 0.22958985765810452362 
0.00000000099999999952 0.00000000099999999952 0.00000000099999999952 0.00000000099999999952 0.00000000099999999952 0.00000000099999999952 0.00000000099999999952 0.99999999299999997593 
0.22332237346163749669 0.00000000099999999997 0.00000000099999999997 0.03894975684886786693 0.00000000099999999997 0.00000000099999999997 0.10548614450178575574 0.63224172118770882722 
0.00000000099999999993 0.00000000099999999993 0.08560225801806942147 0.11150490337785155803 0.00000000099999999993 0.00000000099999999993 0.00000000099999999993 0.80289283360407903700 
0.00000000099999999977 0.00000000099999999977 0.00000000099999999977 0.00000000099999999977 0.00000000099999999977 0.00000000099999999977 0.00000000099999999977 0.99999999299999997593 
0.12743711641764343678 0.15222255169213644299 0.25245898446377651458 0.01227793283773843079 0.00000000099999999998 0.00000000099999999998 0.14943889908295474034 0.30616451350575052404 
0.20551072987692509120 0.00000000099999999997 0.00000000099999999997 0.00000000099999999997 0.00000000099999999997 0.00000000099999999997 0.00000000099999999997 0.79448926412307496747 
0.13832518644095315175 0.06677013167543703609 0.00000000099999999996 0.00000000099999999996 0.00000000099999999996 0.02907572707076846660 0.00000000099999999996 0.76582895081284141359 
0.14020347261250026838 0.00000000099999999992 0.00000000099999999992 0.17273224880948373494 0.00377892937720149518 0.00000000099999999992 0.00000000099999999992 0.68328534520081440906 
0.00000000099999999981 0.00000000099999999981 0.00000000099999999981 0.00000000099999999981 0.00000000099999999981 0.00000000099999999981 0.00000000099999999981 0.99999999299999997593 
0.44734730251904541998 0.00000000099999999999 0.16326926100604763348 0.23974988151373513579 0.00000000099999999999 0.00000000099999999999 0.01631043919866252342 0.13332311276250913279 
0.19507452374148134822 0.10365168145747703787 0.00000000099999999995 0.00000000099999999995 0.00002517467038910441 0.00000000099999999995 0.00000000099999999995 0.70124861613065248012 
0.05878818705286519702 0.20031023975962949923 0.47861754103249742887 0.00000000099999999999 0.18841662794463773234 0.00000000099999999999 0.07386740121037020657 0.00000000099999999999 
0.13055110214464601959 0.13537542227008475537 0.35735988942442575844 0.00687415588972861528 0.15445849080180773516 0.00000000099999999997 0.21538093746930719874 0.00000000099999999997 
0.00000000099999999998 0.07853409158716410932 0.44876372972990991039 0.05608718001422623861 0.30283859691213116383 0.11377639875656844759 0.00000000099999999998 0.00000000099999999998 
0.03217247278999035148 0.23378765142054425130 0.51182338823872963740 0.00189725384438803736 0.17209244325684558419 0.00000000099999999999 0.04822678844950232385 0.00000000099999999999 
0.06671653128666124588 0.22253456043857641755 0.54088385323293963758 0.00000000099999999996 0.16986504520463027723 0.00000000099999999996 0.00000000683719254613 0.00000000099999999996 
0.04768286293742522719 0.27780351144935200303 0.54441376950131281642 0.00000000099999999999 0.13009985211190996934 0.00000000099999999999 0.00000000099999999999 0.00000000099999999999 
0.24671511766441989177 0.14517852041905263127 0.38040786367609014107 0.00000000099999999998 0.21118526463136350069 0.01651323060907378473 0.00000000099999999998 0.00000000099999999998 
0.00000000099999999998 0.00000000099999999998 0.51952263494434569591 0.03025140579871203952 0.29486628463333625083 0.15021438385722488129 0.00514528776638116612 0.00000000099999999998 
0.00000000099999999996 0.00000000099999999996 0.42572253165885309834 0.00000000099999999996 0.36804224038925781315 0.20623522295188906339 0.00000000099999999996 0.00000000099999999996 
0.00000009872900994482 0.24913759518497427536 0.51566850836520561341 0.00000000099999999998 0.23517690983341801858 0.00000000099999999998 0.00001688488739204426 0.00000000099999999998 
0.11354274469784605972 0.10924302463166747634 0.48226183042345105445 0.00000000099999999995 0.29495239624703534220 0.00000000099999999995 0.00000000099999999995 0.00000000099999999995 
0.09419234623540430340 0.00000000099999999995 0.34733055183684513612 0.00000000099999999995 0.50224446660612420690 0.05623263132162625161 0.00000000099999999995 0.00000000099999999995 
0.11653135435820718979 0.00000000099999999997 0.40617136770989642480 0.00000000099999999997 0.25989840367925692854 0.21739873157149355865 0.00000013968114584543 0.00000000099999999997 
0.14534913301790605700 0.17255808937493088973 0.33552158711149071557 0.00000000099999999995 0.29164587922834489531 0.05492530826732758970 0.00000000099999999995 0.00000000099999999995 
0.02600996410244411569 0.09907883259901574535 0.60855910740730079223 0.00000000099999999999 0.21146888818175413327 0.02615207877138519751 0.02018116957863758457 0.00854995835946243364 
0.12198168527736469313 0.29221312288669298862 0.37981150357582643684 0.00000000099999999995 0.17930565801698264417 0.00000000099999999995 0.02668802724313334290 0.00000000099999999995 
0.07971609318488524776 0.20430164476756912384 0.41295404387622713926 0.01449613798280910242 0.26882166230010823282 0.01418834878769354227 0.00552206810070758527 0.00000000099999999998 
0.15301993514916681360 0.19171924955517688494 0.39983187316758211916 0.00000000099999999997 0.25542893812807415665 0.00000000099999999997 0.00000000099999999997 0.00000000099999999997 
0.14011178857876771531 0.11178526064962657216 0.46930564723495299395 0.08187522724437935884 0.12845969107941471177 0.06846238321285874617 0.00000000099999999999 0.00000000099999999999 
0.00000000099999999994 0.21281814439290355767 0.70856567088976452062 0.00000000099999999994 0.07861617971733200760 0.00000000099999999994 0.00000000099999999994 0.00000000099999999994 
0.00000000099999999998 0.00000000099999999998 0.43079137408082107674 0.08846287447017420202 0.37582751425032628889 0.00000000099999999998 0.10491823319867850384 0.00000000099999999998 
0.08754802035412005690 0.22511504384380773280 0.33357659063458089399 0.02531668568997769153 0.25150998077596398161 0.00000000099999999999 0.07693367670154960258 0.00000000099999999999 
0.10675338151724067526 0.03929349015267917522 0.34699366182239727019 0.00000000099999999997 0.44789335525676882144 0.05906610825091399009 0.00000000099999999997 0.00000000099999999997 
0.00000000099999999997 0.07202424664820193667 0.54907724457699591536 0.03694354915170990766 0.26169671290281210085 0.08025824372028012021 0.00000000099999999997 0.00000000099999999997 
0.12797514818055391594 0.09883232553528717435 0.38826095702430324375 0.00000756699662346746 0.19564781326981442455 0.00000000099999999998 0.18927618699341761110 0.00000000099999999998 
0.12326410155786558798 0.21195665518758419199 0.36694498071584924492 0.00000000099999999998 0.21197163370686755712 0.00000000099999999998 0.08586262583183361385 0.00000000099999999998 
0.01719981659511573072 0.00000000099999999981 0.00000000099999999981 0.17474653462408731852 0.00000000099999999981 0.00000000099999999981 0.00000000099999999981 0.80805364378079691523 
0.11663556041632260063 0.00177639401906853314 0.30182669115906080037 0.00000000099999999997 0.38986177125270499166 0.16507529981156304766 0.02482428134127997663 0.00000000099999999997 
0.00000000099999999996 0.00000000099999999996 0.84582811698472792905 0.00000000099999999996 0.00000000099999999996 0.05966299233906878496 0.09450888567620333025 0.00000000099999999996 
0.00000000099999999994 0.00000000099999999994 0.14281363708820685177 0.00000000099999999994 0.67392208533091835232 0.18326427258087482630 0.00000000099999999994 0.00000000099999999994 
0.00000000099999999990 0.09383195420530567044 0.81010657390058027350 0.00000000099999999990 0.08061722263433465652 0.00000000099999999990 0.01544424525977949360 0.00000000099999999990 
0.14405593500090932424 0.10532026406584359124 0.37921060430632130833 0.02626156309176983991 0.19534821897055468232 0.10810648270317355091 0.04169693086142767235 0.00000000099999999998 
0.09531913902583277753 0.15401811815413041229 0.54755032711176110372 0.00000000099999999997 0.14572866376210608097 0.00000000099999999997 0.05738374894616962707 0.00000000099999999997 
0.00000000099999999991 0.05727282790009666918 0.75855046195991804314 0.00000000099999999991 0.12631468202403164924 0.04476828362891348972 0.01309374148704021447 0.00000000099999999991 
0.00000000099999999990 0.15482211069507106904 0.62165826641488020066 0.00000000099999999990 0.09790635770352236478 0.00000000099999999990 0.12561326118652649253 0.00000000099999999990 
0.00000000099999999996 0.00000000099999999996 0.99999999299999997593 0.00000000099999999996 0.00000000099999999996 0.00000000099999999996 0.00000000099999999996 0.00000000099999999996 
0.00000000099999999992 0.00000000279525582277 0.99999999120474436509 0.00000000099999999992 0.00000000099999999992 0.00000000099999999992 0.00000000099999999992 0.00000000099999999992 
0.11534537379705459004 0.07950480657071261337 0.78261095002871916559 0.00000000099999999997 0.00000000099999999997 0.00000000099999999997 0.02253886560351361229 0.00000000099999999997 
0.00000000099999999993 0.00000000099999999993 0.76883076214108247992 0.00000000099999999993 0.23116923185891763426 0.00000000099999999993 0.00000000099999999993 0.00000000099999999993 
0.00000000099999999992 0.00000000099999999992 0.77006199426507637718 0.00000000099999999992 0.14161111863588426996 0.00000000099999999992 0.08832688209903921672 0.00000000099999999992 
0.02495214627425617823 0.10569146025779825593 0.58180661471273853458 0.04208391164080022007 0.11052750945345767020 0.00000000100000000000 0.07282675216383267813 0.06211160449711648768 
0.00000000099999999996 0.00000000099999999996 0.71884900139597796009 0.00643231137283664049 0.27471868223118539598 0.00000000099999999996 0.00000000099999999996 0.00000000099999999996 
0.00000000099999999992 0.10700260744933574875 0.53396171975833839340 0.00000000099999999992 0.28119539941682752948 0.07784026937549838598 0.00000000099999999992 0.00000000099999999992 
0.11878382630030413780 0.24784199131039566510 0.39815414478642846552 0.00000000099999999999 0.08138274778685244959 0.07117332745201167266 0.08266396036400766589 0.00000000099999999999 
0.00015101082684838149 0.11066025142686751470 0.61987751285783188049 0.00000000099999999997 0.00000000099999999997 0.15335648404989649096 0.11595473783855572703 0.00000000099999999997 
0.13835951426814940834 0.20243709541327570278 0.52780714230450886948 0.00000000099999999998 0.02936462036185298607 0.05808123383159428249 0.00000000099999999998 0.04395039182061884209 
0.00000000099999999998 0.09530474339061505151 0.42059907059455953204 0.00000000099999999998 0.34026166671525759355 0.10951664600041954856 0.03431787029914843551 0.00000000099999999998 
0.00000000099999999995 0.00000000099999999995 0.69194323356535791802 0.00000000099999999995 0.30805676043464191860 0.00000000099999999995 0.00000000099999999995 0.00000000099999999995 
0.00000000099999999987 0.00000000099999999987 0.99999999300000008695 0.00000000099999999987 0.00000000099999999987 0.00000000099999999987 0.00000000099999999987 0.00000000099999999987 
0.00000000099999999999 0.08807332447846280554 0.71401584497342951430 0.01405752582734592741 0.07553216344857317799 0.04326225236940633295 0.06505888690278217867 0.00000000099999999999 
0.00000000100000000000 0.12075840632515949524 0.65987795393943682321 0.00000000100000000000 0.11397386441052029249 0.03514231237725196771 0.07024745994763131884 0.00000000100000000000 
0.00000000099999999999 0.03418449126968804014 0.51924652837405427253 0.10730610805872484170 0.31128541588171321219 0.01618638443178936973 0.01179106998403012599 0.00000000099999999999 
0.00000000099999999994 0.00000000099999999994 0.63619021354548266345 0.00000000099999999994 0.24930755211578997654 0.00000000554427659683 0.11450222479445068546 0.00000000099999999994 
0.00000000099999999991 0.00000000099999999991 0.21327173110069186368 0.00000000099999999991 0.71655792083032399109 0.07017034306898414786 0.00000000099999999991 0.00000000099999999991 
0.00000000099999999998 0.08468929308084684193 0.46053299275460374274 0.00562331717932864489 0.27428092508198392840 0.15489296840275432188 0.01998050150048251081 0.00000000099999999998 
0.03553661364431374287 0.03055860293753718399 0.48085648669549752032 0.00000000099999999998 0.35354682494056210995 0.04235612076286715544 0.05714534901922233012 0.00000000099999999998 
0.00000000099999999999 0.20308299509269173155 0.53781905234921789649 0.06950842158840295215 0.09916421303489804384 0.07866281540405503647 0.00000000099999999999 0.01176250053073451748 
0.00000000099999999999 0.05960989181789820568 0.56325139162555681871 0.15018913721639631786 0.08471643399358183557 0.10396018004728357909 0.03827296329928309149 0.00000000099999999999 
0.00000000099999999996 0.05292103198287618354 0.55659763494376912618 0.00000000099999999996 0.24043011539864841963 0.07189644194934435850 0.07815477272536182352 0.00000000099999999996 
0.00000000099999999999 0.00000000099999999999 0.62225888000540163780 0.12610578418032691861 0.10433111561596108974 0.04998800733391853268 0.08504798604326241351 0.01226822482112949718 
0.00000000099999999999 0.10962508605338115719 0.42035180549732092947 0.17503685162916982065 0.22530790996126873194 0.02046129944881440801 0.02958157146886288696 0.01963547494118201078 
0.00000000099999999998 0.18954378324539744582 0.25319241653565766059 0.18603305008882842220 0.26547901160365966478 0.04860158624520389409 0.05715015028125294133 0.00000000099999999998 
0.01473216877342555312 0.00000000099999999997 0.46650470631414048261 0.00000000099999999997 0.29819261480474207326 0.12874715201711353640 0.09182335509057823475 0.00000000099999999997 
0.05166087546201560826 0.15662155542260861041 0.57767856341801937514 0.00000000099999999998 0.16825229110632355933 0.00000000099999999998 0.03819335744703810515 0.00759335514399470807 
0.01923467414060064593 0.19087673622152392938 0.72987338464063133969 0.00000000099999999997 0.05062385258612033673 0.00000000099999999997 0.00000000099999999997 0.00939134941112404649 
0.00000000099999999994 0.10497550003200158131 0.17846354852114937328 0.00000000099999999994 0.00000000099999999994 0.71656094644684897865 0.00000000099999999994 0.00000000099999999994 
0.02405563469547918054 0.00000000099999999997 0.34777797528698473073 0.00000000099999999997 0.00000000099999999997 0.52275452744150840978 0.10541185857602751452 0.00000000099999999997 
0.00000000099999999997 0.02321428578378803217 0.28634789059751108997 0.00000000099999999997 0.00000000099999999997 0.64116889210635930052 0.03320307336786498115 0.01606585514447655266 
0.53111839789948145363 0.00000000099999999999 0.00000000099999999999 0.24972522300644561799 0.00000000099999999999 0.13593511759401047390 0.04775632895215934509 0.03546492954790313179 
0.03296770209308306360 0.04285554703445056818 0.10079161935647122650 0.17283520784960895722 0.00000000099999999999 0.62690058830197481488 0.02364933336441135681 0.00000000099999999999 
0.01723455976135571804 0.16263618338911636774 0.29512527782150976829 0.00000000099999999996 0.00000000099999999996 0.51166201147467171850 0.01334196455334643247 0.00000000099999999996 
0.07606843472616904578 0.00000000099999999999 0.43376309872764062803 0.02387899051618484758 0.28738462606048104098 0.17890484599778894159 0.00000000197173551286 0.00000000099999999999 
0.00000000099999999997 0.00000000099999999997 0.04915935579871232725 0.00000000099999999997 0.00000000099999999997 0.87304796518049299081 0.05703520667540684652 0.02075746834538790345 
0.12995805668285259626 0.03385563181283999384 0.24660271175343922989 0.08589535524043760695 0.00000000099999999999 0.41198893348658549574 0.07983872210086701005 0.01186058792297795331 
0.00000000099999999996 0.00000000099999999996 0.34003673529484679250 0.00000000099999999996 0.00000000099999999996 0.65996325870515326617 0.00000000099999999996 0.00000000099999999996 
0.00000000099999999994 0.12374877877103442059 0.39109440339461670755 0.00000000099999999994 0.00000000099999999994 0.46744402967503279056 0.01771278415931602790 0.00000000099999999994 
0.00000000099999999996 0.00004917006412558485 0.31003844514042266933 0.00000000099999999996 0.00000000099999999996 0.65243187307922467788 0.03748050771622712940 0.00000000099999999996 
0.00000000099999999993 0.00000001067612697410 0.44869928046232898655 0.00000000099999999993 0.00000000099999999993 0.38978575579732949175 0.16151494906421456910 0.00000000099999999993 
0.03860400481776522785 0.00000000099999999999 0.41438094228386151974 0.00000000099999999999 0.00000000099999999999 0.45834494731392716460 0.05709423213483711540 0.03157587044960882133 
0.00000000099999999995 0.00000000099999999995 0.32261848195224840374 0.02400572510344367236 0.00000000099999999995 0.60516225111746413390 0.04090221440072625697 0.00731132442611743920 
0.00000000099999999985 0.05214685410928758535 0.00000000099999999985 0.00000000099999999985 0.07016204666080548547 0.87769109422990698732 0.00000000099999999985 0.00000000099999999985 
0.00000000099999999994 0.00000000099999999994 0.26379753960750129682 0.00000000099999999994 0.00000000099999999994 0.72809454426423803053 0.00810791112826056773 0.00000000099999999994 
0.00000000099999999993 0.12461554164189855842 0.12280759838935173534 0.00000000099999999993 0.00000000099999999993 0.73552465162861202508 0.00000000099999999993 0.01705220434013773184 
0.09637664131502042542 0.00000000099999999996 0.23558326964200101972 0.00000000099999999996 0.00000000099999999996 0.60751015834413946148 0.06052992669883903304 0.00000000099999999996 
0.03700700637029037676 0.03870257199345247118 0.30767832578623377504 0.00000000099999999996 0.00000000099999999996 0.56248223307389744186 0.00000000099999999996 0.05412985977612603389 
0.09438174541310651033 0.17440693660646316987 0.15937791660503530800 0.00000000099999999998 0.00000000099999999998 0.50560237276208364054 0.03978262589332587362 0.02644840071998543277 
0.00000000099999999999 0.00000000099999999999 0.00000001090627692411 0.10248623373955591254 0.00000000099999999999 0.35092619596876323262 0.04785273157440637914 0.49873482481099756791 
0.00000000099999999995 0.03010483368096121548 0.47942617017075367380 0.01722776701231138255 0.00000000099999999995 0.47324122513597383088 0.00000000099999999995 0.00000000099999999995 
0.04184823893238667075 0.00000000099999999997 0.22739310951884597611 0.13978687141062098864 0.00000000099999999997 0.58495008711710794191 0.00602169002103828017 0.00000000099999999997 
0.00000000099999999990 0.00000000099999999990 0.00000000099999999990 0.00000000099999999990 0.01687294217644801780 0.98312705182355208944 0.00000000099999999990 0.00000000099999999990 
0.04634655026200062977 0.00000000099999999994 0.31176226990400324190 0.00000000099999999994 0.00000000099999999994 0.64189117483399626973 0.00000000099999999994 0.00000000099999999994 
0.00000000099999999993 0.00000000099999999993 0.00000000099999999993 0.00000000099999999993 0.08812628804135558269 0.83311961626196118225 0.07875409069668311279 0.00000000099999999993 
0.00000000099999999984 0.00000000099999999984 0.00000000099999999984 0.00000000099999999984 0.00000000099999999984 0.99999999300000008695 0.00000000099999999984 0.00000000099999999984 
0.03414499889681842787 0.00000000099999999998 0.19578848658695732765 0.00000000099999999998 0.00000005597676206634 0.73082370094055071341 0.00000000099999999998 0.03924275459891146678 
0.00000000099999999994 0.00000000099999999994 0.09933020884238755177 0.00000000099999999994 0.00553998525988228484 0.89512948325732633048 0.00000031864040366691 0.00000000099999999994 
0.00000000099999999996 0.00000000099999999996 0.15075912576584482583 0.00000000099999999996 0.00000000099999999996 0.79660212178106748482 0.00000000099999999996 0.05263874745308769199 
0.06211751177326664541 0.00000000099999999998 0.00000000099999999998 0.03663300201158443264 0.00000000099999999998 0.90124948121514891763 0.00000000099999999998 0.00000000099999999998 
0.39622090870379034211 0.00000000099999999999 0.16658088488813474481 0.19230129553836400325 0.06025193827015575682 0.17963207738860789697 0.00501289321094732562 0.00000000099999999999 
0.06924765906287701223 0.00000000099999999997 0.12992734881550230264 0.07544560332814669035 0.00000000099999999997 0.69872275361388258563 0.01860734096214092595 0.00804929221745048600 
0.05619250135810158892 0.00000000099999999999 0.00000000099999999999 0.06018772014716656377 0.04855528116360322000 0.75277579887051371266 0.08228869546061484685 0.00000000099999999999 
0.15925403476661051383 0.22822350934150928414 0.12629553409766583472 0.21978546156837419634 0.00003326226235927159 0.22616477044818550368 0.01730013795690337960 0.02294328955839216450 
0.03313168709464789363 0.00000000233910379211 0.30521978942257471656 0.00000000099999999998 0.00000000099999999998 0.56903992144876847092 0.04443959549873556514 0.04816900219616940260 
0.00000000099999999977 0.00000000099999999977 0.00000000099999999977 0.00000000099999999977 0.00000000099999999977 0.99999999300000008695 0.00000000099999999977 0.00000000099999999977 
0.00000000099999999994 0.00000000099999999994 0.06901334862370372969 0.00000000099999999994 0.12531174751910620357 0.80567489885719012488 0.00000000099999999994 0.00000000099999999994 
0.00000000099999999987 0.00000000099999999987 0.00000000099999999987 0.00000000099999999987 0.12184449301673487553 0.87815550098326511375 0.00000000099999999987 0.00000000099999999987 
0.00000000099999999976 0.00000000099999999976 0.00000000099999999976 0.00000000099999999976 0.00000000099999999976 0.99999999299999997593 0.00000000099999999976 0.00000000099999999976 
0.00000000099999999992 0.00000000099999999992 0.02259749165140828228 0.00000000099999999992 0.29202149845708025300 0.68538100489151154715 0.00000000099999999992 0.00000000099999999992 
0.00000000099999999977 0.00000000099999999977 0.00000000099999999977 0.00000000099999999977 0.00000000099999999977 0.99999999300000008695 0.00000000099999999977 0.00000000099999999977 
0.04293577693634633569 0.08451297704488347495 0.00000000099999999994 0.00000000099999999994 0.11694487375415506258 0.75560636826461513582 0.00000000099999999994 0.00000000099999999994 
0.00000000099999999997 0.05083185668421059955 0.26392215746102698493 0.00000000099999999997 0.02403374243226912704 0.66121223942249329752 0.00000000099999999997 0.00000000099999999997 
0.00000000099999999991 0.00000000099999999991 0.00000000099999999991 0.00000000099999999991 0.06461004055487418185 0.93538995344512587682 0.00000000099999999991 0.00000000099999999991 
0.00000000099999999982 0.00000000099999999982 0.00000000099999999982 0.00000000099999999982 0.00000000099999999982 0.99999999299999997593 0.00000000099999999982 0.00000000099999999982 
