0.00000000099999999993 0.00000000099999999993 0.00000000099999999993 0.95652869836093712408 0.04347129463906294206 0.00000000099999999993 0.00000000099999999993 0.00000000099999999993 0.00000000099999999993 
0.00000000099999999998 0.09254741020302613419 0.08257563098019567172 0.71741754737322682711 0.00000000099999999998 0.07806219744729908649 0.01121142203570556911 0.01818578896054666785 0.00000000099999999998 
0.17362437098667615754 0.00000000099999999995 0.06684953103399303431 0.73111667460682461250 0.00000000099999999995 0.00000000099999999995 0.02840941837250613930 0.00000000099999999995 0.00000000099999999995 
0.06307189819624542393 0.00826721191227079884 0.00000000099999999996 0.59473405173526427969 0.00000000099999999996 0.15828252257033409434 0.17564431158588544868 0.00000000099999999996 0.00000000099999999996 
0.02771316645158319880 0.03869071762219278982 0.00000000099999999999 0.78928673006288063707 0.06935587888702439419 0.03160482565545619238 0.02189350727233035920 0.00000000099999999999 0.02145517204853255450 
0.04579607606807902659 0.00000000099999999996 0.00000000099999999996 0.86512297543333338545 0.00000000099999999996 0.00000000099999999996 0.03453435385539633390 0.00000000099999999996 0.05454658964319156894 
0.00000000099999999995 0.00000000099999999995 0.00000000099999999995 0.60945533721058953169 0.00000000099999999995 0.24417865944833960778 0.14636599734107094695 0.00000000099999999995 0.00000000099999999995 
0.02045387298826737560 0.00000000099999999998 0.14710265505469988234 0.74345026874009945139 0.03178425468322561981 0.00000000099999999998 0.02495427193622925047 0.03225467359747861973 0.00000000099999999998 
0.11005193883441097280 0.00000000099999999998 0.00000000099999999998 0.58823058842679931679 0.03246426257304864393 0.21966590934145818759 0.00781659474828402638 0.00000000099999999998 0.04177070307599891480 
0.11793139388489765063 0.00000000099999999997 0.00000000099999999997 0.59553914619361836280 0.00000000099999999997 0.28652945392148393422 0.00000000099999999997 0.00000000099999999997 0.00000000099999999997 
0.15904034436097591598 0.00000000099999999994 0.00000000099999999994 0.60825303512055095556 0.01024651303344057025 0.22246010248503261808 0.00000000099999999994 0.00000000099999999994 0.00000000099999999994 
0.06991077665662639995 0.00000000099999999996 0.00000000099999999996 0.68427990310786823702 0.00000000099999999996 0.14892487396421710821 0.00000000346201082920 0.01677864319003721794 0.08010579661924030481 
0.00000000099999999998 0.00000000099999999998 0.13872674903042342409 0.28366852087221977596 0.00000000099999999998 0.36987619465569804289 0.00000000099999999998 0.18108861920585284100 0.02663991223580607776 
0.01199370685251484499 0.02587412102441053949 0.07865908692227581434 0.68986694372717327628 0.00000000099999999999 0.14073969150322748756 0.00000009026126242442 0.03697023213224297916 0.01589612657689272457 
0.18440242798947045766 0.00880152206713808241 0.06441864870870071813 0.57847833662778158637 0.01053312064685038921 0.02680847266467532505 0.04097085768223842489 0.00004414625873823500 0.08554246735440672322 
0.00000000099999999997 0.01765045589671288689 0.00000000099999999997 0.77362034705313786898 0.00000000099999999997 0.00000000099999999997 0.02931076228140878578 0.09325664098731338558 0.08616178978142707834 
0.15087647308404072977 0.00000000099999999997 0.16163649855808254197 0.65117492529471820983 0.00000000099999999997 0.00000000099999999997 0.00000000099999999997 0.02712378008116536274 0.00918831898199323760 
0.00000000099999999995 0.00000000099999999995 0.15881459696342412058 0.83674034388222051639 0.00000000099999999995 0.00000000099999999995 0.00000000099999999995 0.00444505315435533236 0.00000000099999999995 
0.16928350800887878580 0.00000000099999999996 0.17731058209508313017 0.63384995940384525337 0.01946812738876516763 0.00000000099999999996 0.00000000099999999996 0.00008781910342766264 0.00000000099999999996 
0.05231625567693792139 0.00000000099999999998 0.27189509802512767944 0.62300671240169258613 0.02205264281418130648 0.02810135607209190631 0.00000000099999999998 0.00000000099999999998 0.00262793200996879915 
0.09061421088734304685 0.05236793679409136593 0.06535461979945304811 0.71534078189826866279 0.00000000099999999998 0.04933696485321631409 0.02698548276762754300 0.00000000099999999998 0.00000000099999999998 
0.00000000099999999999 0.00711355613254359594 0.13514577727596099876 0.73807674295037284384 0.00000000099999999999 0.00000000099999999999 0.06724293432283745542 0.05242098531828515845 0.00000000099999999999 
0.04053079672822636897 0.00000000099999999994 0.00000000099999999994 0.78503971107435510657 0.00000000099999999994 0.13495445852039314460 0.03947502867702536861 0.00000000099999999994 0.00000000099999999994 
0.01197688993461681374 0.00000000099999999997 0.05661389220085513707 0.79561741734898905332 0.00005231842723770953 0.00000000099999999997 0.05684881131269647198 0.00000000099999999997 0.07889066777560495292 
0.07794754722375087097 0.00000000099999999998 0.15389242162350888488 0.53487908491017499557 0.00000000099999999998 0.00000000099999999998 0.08053328561009034936 0.08760394772186864965 0.06514370991060645932 
0.08838442985035446786 0.02372499256902901171 0.00000000099999999993 0.80915248539820749940 0.00000000099999999993 0.00000000099999999993 0.07873808718240911386 0.00000000099999999993 0.00000000099999999993 
0.06073901447786517888 0.00000000099999999998 0.06891582711179314313 0.72652713896377163483 0.13969867240925906704 0.00000000099999999998 0.00000000099999999998 0.00000000099999999998 0.00411934303731108318 
0.09796169010444527592 0.00406440114314041232 0.24550668244554174624 0.63812677048625365828 0.00000000238060359334 0.00000071722895675213 0.01433973421105854025 0.00000000099999999998 0.00000000099999999998 
0.08372058959599057437 0.00818724154752346715 0.00000000099999999996 0.66946538098563213026 0.00000000099999999996 0.16332509025992411611 0.07530169361092978186 0.00000000099999999996 0.00000000099999999996 
0.08207079217085201661 0.01030397043071584057 0.02104046413620506289 0.88658476826222709644 0.00000000099999999995 0.00000000099999999995 0.00000000099999999995 0.00000000099999999995 0.00000000099999999995 
0.00000000099999999995 0.08420280867250871937 0.08001527334579709716 0.66196847536131864231 0.09575879785288489432 0.00000000099999999995 0.07805464076749066282 0.00000000099999999995 0.00000000099999999995 
0.09485271566698341705 0.00000000099999999997 0.02706385165074970400 0.49625377515004437390 0.00000000099999999997 0.32471175812823027673 0.05711789540399225817 0.00000000099999999997 0.00000000099999999997 
0.14919916285507725529 0.00000000099999999999 0.09883277368899931470 0.44523856469066791508 0.00000000099999999999 0.09813309167078389239 0.17598014376460147101 0.00000001475181054674 0.03261624657805960864 
0.05742889492200376617 0.00000000099999999996 0.08383376997876740289 0.63117007735042940375 0.00000000099999999996 0.12172931398508711476 0.00000000099999999996 0.00017403963388278534 0.10566390112982955440 
0.01667286629687314212 0.00376201727605096018 0.00002160706656911898 0.69239022050795073771 0.00000000099999999999 0.13174548540958569420 0.09178874008350562663 0.06361906135946468477 0.00000000099999999999 
0.00000000099999999991 0.00000000099999999991 0.00000000099999999991 0.94454876696585921003 0.00000000099999999991 0.00000000099999999991 0.00000000099999999991 0.05545122603414077977 0.00000000099999999991 
0.00000008883106106608 0.03125012316930862039 0.18265720377870159341 0.70803322017847214465 0.00000000099999999994 0.00000000099999999994 0.00000000099999999994 0.07805936004245661586 0.00000000099999999994 
0.24901306842666126595 0.00000000099999999991 0.00000000099999999991 0.56878110500920142645 0.00000000099999999991 0.14967835747328853135 0.00000000099999999991 0.03252746409084883439 0.00000000099999999991 
0.05095963579344632566 0.00000000099999999995 0.00000000099999999995 0.70975469238905020131 0.00000000099999999995 0.02498390951554214923 0.00000000099999999995 0.04426325280945644230 0.17003850549250487667 
0.03750899741073279031 0.00000000099999999997 0.00000000099999999997 0.75916137695686192188 0.03999676380667297609 0.05579457281602652474 0.04678723071637624908 0.06075105529332949089 0.00000000099999999997 
0.03598532929919810719 0.00000000099999999996 0.08234680245372465179 0.82710811366604253259 0.00680831910471881973 0.00000000099999999996 0.00000000099999999996 0.04775143147631585178 0.00000000099999999996 
0.02583298186515422742 0.00000000099999999996 0.00000000099999999996 0.86870450769657403534 0.00000000099999999996 0.00000000099999999996 0.03802690505522272196 0.00000000366092461974 0.06743559772212445735 
0.08893333285596496940 0.02461062744913025679 0.00000000099999999996 0.47894358039825957185 0.00000000099999999996 0.14160634329290666678 0.26590611200373859280 0.00000000099999999996 0.00000000099999999996 
0.09001404611149539658 0.00000000099999999997 0.00000000099999999997 0.75332589617589085229 0.00000000099999999997 0.00000000099999999997 0.07830196184023081873 0.01942723310580679943 0.05893085876657625649 
0.22883588530297646613 0.00000000099999999995 0.00000000099999999995 0.20936032411132979303 0.07476626848987270868 0.43604996135610024632 0.05098755673972090591 0.00000000099999999995 0.00000000099999999995 
0.00000000099999999997 0.00000000099999999997 0.00000000099999999997 0.99408700258628257540 0.00000000099999999997 0.00000000099999999997 0.00591299041371754971 0.00000000099999999997 0.00000000099999999997 
0.43253270935969034827 0.00000000099999999991 0.00000000099999999991 0.00000000099999999991 0.00000000099999999991 0.56746728364030951663 0.00000000099999999991 0.00000000099999999991 0.00000000099999999991 
0.24995897949684897643 0.00000000099999999999 0.00000027116577671780 0.32663000804399344723 0.03004288274611063500 0.27663984249444906194 0.03616714662900681609 0.08056086742381426968 0.00000000099999999999 
0.22999881564955759750 0.01584494098703367188 0.00000138807140731512 0.42577187788461123841 0.00000000099999999998 0.21757034839732866671 0.11081262601006142132 0.00000000099999999998 0.00000000099999999998 
0.49431592233676452386 0.00000000099999999998 0.00000000099999999998 0.04679808965429843592 0.00000000099999999998 0.27279309721462985383 0.01995235199243982488 0.09426540709327388412 0.07187512870859336100 
0.68943342381274008712 0.00000000099999999988 0.00000000099999999988 0.00000000099999999988 0.00000000099999999988 0.31056656918726011085 0.00000000099999999988 0.00000000099999999988 0.00000000099999999988 
0.22320267829966797257 0.00000000099999999994 0.00000000099999999994 0.39685399965093781649 0.00000000099999999994 0.37994325124910299785 0.00000006580029135484 0.00000000099999999994 0.00000000099999999994 
0.34589448126401828310 0.00000000099999999997 0.00000000099999999997 0.03206470975017215036 0.00000000099999999997 0.45219378350847572179 0.08286257758417928110 0.08698444389315453107 0.00000000099999999997 
0.23914935444655480157 0.00000000099999999997 0.45649457145325550433 0.00000004445388004166 0.00000000099999999997 0.29476789401514641442 0.00958813163116315793 0.00000000099999999997 0.00000000099999999997 
0.35703077779098363331 0.00000000099999999991 0.00000000099999999991 0.06576119324239958208 0.00000000099999999991 0.51488361121106274165 0.06232441275555403171 0.00000000099999999991 0.00000000099999999991 
0.71366972887322444041 0.00000000099999999982 0.00000000099999999982 0.00000000099999999982 0.00000000099999999982 0.28633026412677575756 0.00000000099999999982 0.00000000099999999982 0.00000000099999999982 
0.61687185344201345139 0.00000000099999999999 0.00000000099999999999 0.20175823003914347686 0.02612256963117411124 0.01323450565461969410 0.11105232433409237269 0.00000000519514193597 0.03096050970381501038 
0.71263711639568338985 0.00000000099999999993 0.02969259612006334981 0.24982082814698830520 0.00000000099999999993 0.00000000099999999993 0.00784945433726498207 0.00000000099999999993 0.00000000099999999993 
0.21394964645956629501 0.00000000099999999998 0.09847213839507808208 0.05532316310103356505 0.02398214860905106133 0.24357006273506828786 0.23678122547005475695 0.12792161323014786256 0.00000000099999999998 
0.15340665852873727748 0.00000000099999999991 0.00000000099999999991 0.30937664567556411033 0.00000000099999999991 0.39385946088909545848 0.14335722990660307308 0.00000000099999999991 0.00000000099999999991 
0.37351785935363490676 0.00961876776529940053 0.00000000099999999994 0.39194708400619632238 0.03972787421013163761 0.00000000099999999994 0.18518841066473779033 0.00000000099999999994 0.00000000099999999994 
0.25256388573162052991 0.00000000099999999989 0.00000000099999999989 0.25618121284869199705 0.00000000099999999989 0.46196643238935375386 0.02928846403033380161 0.00000000099999999989 0.00000000099999999989 
0.99999999200000022626 0.00000000099999999940 0.00000000099999999940 0.00000000099999999940 0.00000000099999999940 0.00000000099999999940 0.00000000099999999940 0.00000000099999999940 0.00000000099999999940 
0.46946434459725949750 0.00112981805364638518 0.00000000099999999994 0.35918919583604880241 0.00000000099999999994 0.10753411136438804918 0.06268252614865724159 0.00000000099999999994 0.00000000099999999994 
0.99999999200000022626 0.00000000099999999973 0.00000000099999999973 0.00000000099999999973 0.00000000099999999973 0.00000000099999999973 0.00000000099999999973 0.00000000099999999973 0.00000000099999999973 
0.99999999200000011523 0.00000000099999999984 0.00000000099999999984 0.00000000099999999984 0.00000000099999999984 0.00000000099999999984 0.00000000099999999984 0.00000000099999999984 0.00000000099999999984 
0.99999999200000022626 0.00000000099999999942 0.00000000099999999942 0.00000000099999999942 0.00000000099999999942 0.00000000099999999942 0.00000000099999999942 0.00000000099999999942 0.00000000099999999942 
0.87571601021416700661 0.01747381854537283924 0.00000000099999999996 0.00000000099999999996 0.00000000099999999996 0.03721497578862380251 0.00000000099999999996 0.00000000099999999996 0.06959519045183644448 
0.20721728598664729271 0.00000000099999999994 0.00000000099999999994 0.23453048640238938205 0.00000000099999999994 0.45138042830809688155 0.06523046603150979561 0.04164132927135662243 0.00000000099999999994 
0.99999999200000022626 0.00000000099999999951 0.00000000099999999951 0.00000000099999999951 0.00000000099999999951 0.00000000099999999951 0.00000000099999999951 0.00000000099999999951 0.00000000099999999951 
0.25525578136052723410 0.00000000099999999995 0.00000000099999999995 0.45523353986265480131 0.00000000099999999995 0.13304929793026218365 0.15646137584655564479 0.00000000099999999995 0.00000000099999999995 
0.00000000099999999945 0.00000000099999999945 0.00000000099999999945 0.00000000099999999945 0.00000000099999999945 0.00000000099999999945 0.99999999200000000421 0.00000000099999999945 0.00000000099999999945 
0.13226977845738616124 0.00000000099999999989 0.00000000099999999989 0.72757121302732752355 0.00000000099999999989 0.14015900251528631837 0.00000000099999999989 0.00000000099999999989 0.00000000099999999989 
0.23046898784540192917 0.00000000099999999988 0.00000000099999999988 0.24211439974815093801 0.00000000099999999988 0.34142559067145938911 0.18599101673498757981 0.00000000099999999988 0.00000000099999999988 
0.22408216787852136553 0.00000000099999999994 0.00000000099999999994 0.36092004788686443684 0.00000000099999999994 0.22632060253017707852 0.04921947822311565496 0.00001266473444621135 0.13944503574687519554 
0.31539430759255343562 0.00000000099999999977 0.00000000099999999977 0.21185231453547595515 0.00000000099999999977 0.30139434946524756853 0.17135902340672301558 0.00000000099999999977 0.00000000099999999977 
0.16877710705040138706 0.00000000099999999990 0.00000000099999999990 0.34934981915335217018 0.00000000099999999990 0.34411323955224620841 0.13775982924400037577 0.00000000099999999990 0.00000000099999999990 
0.00000000099999999997 0.06010358548240128662 0.66058301819507370123 0.00000000099999999997 0.00000000099999999997 0.00985460553613243945 0.10310344090019765706 0.12812790604087548330 0.03822744084531933678 
0.33974917134347215608 0.00000000099999999989 0.00000000099999999989 0.00000000099999999989 0.00000000099999999989 0.66025082165652770883 0.00000000099999999989 0.00000000099999999989 0.00000000099999999989 
0.32236820462688942079 0.00000000099999999996 0.00000000099999999996 0.28594065887517711166 0.00000000099999999996 0.31482409764628688231 0.04326157627337448575 0.00000000099999999996 0.03360545857827213628 
0.22339526259123945739 0.00000000099999999991 0.00000000099999999991 0.00000000099999999991 0.00000000099999999991 0.00000000099999999991 0.71576164660642704884 0.00000000099999999991 0.06084308480233361488 
0.20022532890624999968 0.00000000099999999982 0.00000000099999999982 0.00006870332410220747 0.00000000099999999982 0.00000000099999999982 0.79970596176964792168 0.00000000099999999982 0.00000000099999999982 
0.00000000099999999989 0.00000000099999999989 0.00000000099999999989 0.27205070507452516759 0.00000000099999999989 0.01994255718699118607 0.70800673173848360786 0.00000000099999999989 0.00000000099999999989 
0.12475901377503682832 0.00000000099999999990 0.00000000099999999990 0.04158370766538974084 0.00000000099999999990 0.00000000099999999990 0.83365727255957333686 0.00000000099999999990 0.00000000099999999990 
0.05221463762994090624 0.00000000099999999992 0.00000000099999999992 0.18737264125103833545 0.00000000099999999992 0.00000000099999999992 0.76041271511902075453 0.00000000099999999992 0.00000000099999999992 
0.06309290800729654147 0.00000000099999999990 0.00000000099999999990 0.58234732185154947093 0.00000000099999999990 0.00000000099999999990 0.35455976414115397688 0.00000000099999999990 0.00000000099999999990 
0.08115078146149655447 0.00000000099999999989 0.00000000099999999989 0.13102004404818062833 0.00000000099999999989 0.00000000099999999989 0.78782916849032280648 0.00000000099999999989 0.00000000099999999989 
0.00000000099999999907 0.00000000099999999907 0.00000000099999999907 0.00000000099999999907 0.00000000099999999907 0.00000000099999999907 0.99999999199999989319 0.00000000099999999907 0.00000000099999999907 
0.33120480139468855274 0.01359680251499486778 0.10432586803930958552 0.00000000099999999993 0.00000000099999999993 0.00000000099999999993 0.52600959245274192533 0.02486293159826508115 0.00000000099999999993 
0.11220751553905540521 0.00357081562090101352 0.00000000100000000000 0.12194345846882759243 0.00003539747557126344 0.00000000433835393578 0.68740597971894978890 0.06988808823401390646 0.00494873960432717745 
0.00000000099999999970 0.00000000099999999970 0.00000000099999999970 0.00000000099999999970 0.00000000099999999970 0.00000000099999999970 0.99999999199999989319 0.00000000099999999970 0.00000000099999999970 
0.27113298994299389610 0.00000000099999999991 0.00000000099999999991 0.37184721525478942050 0.00000000099999999991 0.13018167576406358688 0.22683811403815312691 0.00000000099999999991 0.00000000099999999991 
0.34261426764654495658 0.04601938401051245547 0.00000000099999999999 0.13081503082964843210 0.03083218448028654871 0.16414240877381652828 0.23682560319153300732 0.04875111906765807607 0.00000000099999999999 
0.00000000099999999947 0.00000000099999999947 0.00000000099999999947 0.00000000099999999947 0.00000000099999999947 0.00000000099999999947 0.99999999199999989319 0.00000000099999999947 0.00000000099999999947 
0.00000000099999999995 0.02507192227295733725 0.00000000099999999995 0.13968311350494153067 0.00000000099999999995 0.20392192009305681877 0.63132303912904430554 0.00000000099999999995 0.00000000099999999995 
0.00000000099999999984 0.00000000099999999984 0.00000000099999999984 0.00000000099999999984 0.00000000099999999984 0.20388759520361515731 0.79611239779638487413 0.00000000099999999984 0.00000000099999999984 
0.00000000099999999976 0.00000000099999999976 0.00000000099999999976 0.00000000099999999976 0.00000000099999999976 0.00000000099999999976 0.99999999200000000421 0.00000000099999999976 0.00000000099999999976 
0.02021149970224586645 0.14951075621049828013 0.28412548939213189136 0.13905757029445534045 0.11146205380274638863 0.00000000099999999997 0.29563262759792235945 0.00000000099999999997 0.00000000099999999997 
0.00000000099999999993 0.00000000099999999993 0.00000000099999999993 0.09592600854037934555 0.00000000099999999993 0.09298914682040379520 0.81108483863921687629 0.00000000099999999993 0.00000000099999999993 
0.00000000099999999997 0.00000000099999999997 0.00000000099999999997 0.12561716782207069110 0.06771040932893866715 0.00000000099999999997 0.77213662104377511763 0.03453579680521547818 0.00000000099999999997 
0.17415077138078802199 0.00000000099999999992 0.00000000099999999992 0.12864228785756096074 0.00000000099999999992 0.00000000099999999992 0.68505314454536914148 0.00000000099999999992 0.01215379121628183158 
0.00000000099999999978 0.00000000099999999978 0.00000000099999999978 0.00000000099999999978 0.00000000099999999978 0.00000000099999999978 0.99999999199999989319 0.00000000099999999978 0.00000000099999999978 
0.17328807204985940960 0.01592883663138821085 0.09887492086664355362 0.41503445751283823961 0.00000000099999999998 0.15803253472871645058 0.13884117521055411304 0.00000000099999999998 0.00000000099999999998 
0.00000000099999999995 0.00000000099999999995 0.00000000099999999995 0.16935553837649677811 0.09222427246964522152 0.00000000099999999995 0.70923992956842374369 0.00000000099999999995 0.02918025458543411707 
0.00000000099999999998 0.07414126370609110117 0.41086300685788873510 0.05244252256203724843 0.14945570164701524329 0.13219525980748517147 0.00000000099999999998 0.00000000099999999998 0.18090224241948241191 
0.00219772062292331559 0.21363172140324862558 0.29810856703795024503 0.12672087124218947563 0.11771480395616382153 0.09869339035028804052 0.00000000099999999997 0.00000000099999999997 0.14293292338723675994 
0.03723821197382508330 0.00000000099999999997 0.33723747675229781562 0.00000000099999999997 0.09491453342906018553 0.16110991538966940029 0.00000000099999999997 0.08997061486260493623 0.27952924459254246958 
0.00897929411323671392 0.05013747255011178489 0.52155874238014365840 0.06487992539942266657 0.17961469512845595897 0.00000000099999999999 0.00000000099999999999 0.00004069163433275127 0.17478917679429673004 
0.00000000099999999993 0.00000000099999999993 0.56693357082837991801 0.11571588086546701069 0.13639079854718502705 0.00000000099999999993 0.00000000099999999993 0.00000000099999999993 0.18095974475896808853 
0.00000000099999999998 0.00044018326479111777 0.53214134976896998452 0.06371859610023178355 0.20132465308575767104 0.05381186020999472602 0.00000000099999999998 0.00000000099999999998 0.14856335457025474089 
0.00000000099999999998 0.00000009632649038883 0.39962200250612672781 0.26396742615967555556 0.05111135709941776878 0.00000000099999999998 0.00000000099999999998 0.02945820944435472918 0.25584090546393500887 
0.00000000099999999998 0.00001492469972463460 0.39219436796920026378 0.00000000099999999998 0.00000000099999999998 0.27584168159401906140 0.00000000099999999998 0.07447904817144077039 0.25746997356561518444 
0.00000000099999999993 0.00000000099999999993 0.23461070145966872458 0.00000000099999999993 0.00000000099999999993 0.38873247739432392756 0.00000000099999999993 0.09848670244212716363 0.27817011370388022851 
0.00000000099999999996 0.01067884513047859425 0.51560823883368978038 0.04164306055402317713 0.18198459994346399826 0.00000000099999999996 0.00000000099999999996 0.00000000099999999996 0.25008525153834432198 
0.00000000099999999995 0.00000000099999999995 0.47022454659047752124 0.14180245007710326477 0.07752133525890772536 0.00000000099999999995 0.00000000099999999995 0.00000000099999999995 0.31045166307351163004 
0.00000000099999999994 0.00000000099999999994 0.23773051408321196898 0.01491277598319974002 0.00000000099999999994 0.25386779131157799494 0.00000000099999999994 0.01253244434550559311 0.48095647027650473282 
0.00000000099999999997 0.00061779486369775444 0.32507572403036411046 0.07070139862728110070 0.00000000099999999997 0.19965478665581865014 0.00000000099999999997 0.17535016181424109560 0.22860013100859727375 
0.00000000099999999994 0.00000000099999999994 0.35752620457641975937 0.16124746289973101998 0.11104901246789293523 0.00000000099999999994 0.00000000099999999994 0.06468690880303400170 0.30549040725292214704 
0.00000000099999999999 0.01677374086132093003 0.50040847288888012923 0.01599952319486195457 0.09231738494523260286 0.16908962581267772407 0.00471510389478085445 0.01288577384844358069 0.18781037355380245102 
0.00000000099999999995 0.03735979189197885519 0.40548603440858693725 0.16625143682510118426 0.20718955482937942425 0.00000000099999999995 0.00000000099999999995 0.00000000099999999995 0.18371317804495362891 
0.00658283213236279374 0.01611296599571308830 0.39215146675441997504 0.09584495253819130811 0.14607892434699429329 0.07166648226703244140 0.00000000099999999998 0.01076181277439943081 0.26080056219088659786 
0.00000000099999999997 0.00000000099999999997 0.39437353703816213635 0.16074732675133046600 0.14434145490450636662 0.03907900092720155427 0.00000000099999999997 0.00000000099999999997 0.26145867637879943723 
0.07649239282848220578 0.00000000099999999999 0.42714275241665450311 0.11127653692183471501 0.10360197422638774134 0.12693123869424055572 0.00000000099999999999 0.04537176665294049421 0.10918333625945980669 
0.00000000099999999996 0.00000000099999999996 0.73202358463551164824 0.00000000099999999996 0.17535589979975080288 0.00000000099999999996 0.00000000099999999996 0.00000000099999999996 0.09262050956473762142 
0.05300392246933442048 0.08789867872618471745 0.37642954544651652249 0.00000000099999999998 0.00000000099999999998 0.14817768968397332374 0.00000000099999999998 0.00000000099999999998 0.33449015967399098326 
0.01710869558447260241 0.06666956940841184398 0.24728819644649621678 0.06123757921362165541 0.19574132091445906045 0.15701942970271307032 0.00000000099999999999 0.00000000099999999999 0.25493520672982566966 
0.00000000099999999996 0.00000000099999999996 0.20132950959041520655 0.04983807014457020124 0.04173790010190809446 0.26962988967196421797 0.00000000099999999996 0.02702053361179524923 0.41044409387934693845 
0.05154928104420279655 0.00000000099999999998 0.54892159802001994073 0.00000000099999999998 0.04138642370348229182 0.00000000382330130167 0.00000000099999999998 0.07808238936624128934 0.28006030104275242421 
0.00000000099999999997 0.14297011090025563140 0.30260022442298240009 0.08713822990771727395 0.09130108185999158410 0.22679877196055236999 0.00000000099999999997 0.00000000099999999997 0.14919157794850085308 
0.00000000099999999998 0.09411339002425453404 0.36587860255450721514 0.11279066140814640595 0.15523445733193133589 0.06956267984160373341 0.00000000099999999998 0.00000000099999999998 0.20242020583955677715 
0.17710887492761481776 0.00000000099999999979 0.00000000099999999979 0.00827290230638741582 0.00000000099999999979 0.00000000099999999979 0.81461821676599788233 0.00000000099999999979 0.00000000099999999979 
0.00000000099999999997 0.01762549782885608485 0.30538243777488560671 0.11184559671393690117 0.01313176740034661082 0.00000000099999999997 0.00000000099999999997 0.16991367511646202071 0.38210102216551278254 
0.00000000099999999997 0.02659849257302239478 0.79264439570080680308 0.00000000099999999997 0.00000000099999999997 0.12345304732326613240 0.00000000099999999997 0.05730405934364692783 0.00000000105925790323 
0.00000000099999999995 0.00118857778993085588 0.11465817060296337737 0.00000000099999999995 0.00000000099999999995 0.03384398974474250171 0.00000000099999999995 0.17728594748079379295 0.67302331038156937293 
0.00000000099999999990 0.01402262849256248264 0.75749893943668999974 0.00000000099999999990 0.07184237976873578124 0.07359178252693236721 0.00000000099999999990 0.00000000099999999990 0.08304426577507946494 
0.03099518325883550765 0.04423492875470961400 0.34825410476593449127 0.10771565923668678655 0.07230065333483665091 0.11497596167972946868 0.00000000099999999998 0.08418708064028755655 0.19733642732897979655 
0.00000000099999999997 0.06086103890539194122 0.54931193369157649276 0.12058365416621588673 0.08238019493346183941 0.03085745954760883009 0.00000000099999999997 0.00000000099999999997 0.15600571575574492811 
0.00000000099999999991 0.01710362937685116005 0.74916734688559760702 0.00000000099999999991 0.05691827216391357608 0.00000000099999999991 0.00000000099999999991 0.03899981118553053072 0.13781093638810709701 
0.00000000099999999990 0.12406453806006263740 0.63908676976209533027 0.00000000099999999990 0.11256259939948234927 0.00000000099999999990 0.00000000099999999990 0.00000000099999999990 0.12428608777835983834 
0.00000000099999999995 0.00000000099999999995 0.76505266639375735238 0.00000000099999999995 0.00000000099999999995 0.23494732660624254028 0.00000000099999999995 0.00000000099999999995 0.00000000099999999995 
0.00000000099999999986 0.00000000099999999986 0.99999999200000000421 0.00000000099999999986 0.00000000099999999986 0.00000000099999999986 0.00000000099999999986 0.00000000099999999986 0.00000000099999999986 
0.00000000099999999995 0.01238620122823226762 0.79834429409561658009 0.15444559020523043746 0.03482390947092076777 0.00000000099999999995 0.00000000099999999995 0.00000000099999999995 0.00000000099999999995 
0.00000000099999999989 0.00000000099999999989 0.61581522265873644972 0.00000000099999999989 0.00000000099999999989 0.22021263926735740180 0.00000000099999999989 0.00000000099999999989 0.16397213207390629042 
0.00000000099999999992 0.09691633891249543109 0.67474342760931993457 0.00000000099999999992 0.00000000099999999992 0.11837941921233072207 0.00000000099999999992 0.00000000099999999992 0.10996080926585408144 
0.05286772333068096019 0.07996905518190651485 0.57911696925924560642 0.04793226658988523903 0.07172913072320667716 0.00000000099999999998 0.05383039277274832834 0.00000000099999999998 0.11455446014232660568 
0.03144045353891958966 0.00000000099999999996 0.66644562356070125020 0.00000000099999999996 0.00000000099999999996 0.02712694984447997990 0.00000000099999999996 0.00000000099999999996 0.27498696805589945003 
0.00000000099999999991 0.00000000099999999991 0.44240516643179228495 0.00000000099999999991 0.12720836696496601315 0.11107752448488440733 0.00000000099999999991 0.05909399711950803075 0.26021494099884917572 
0.00000000099999999999 0.09437381484467330384 0.40640019801450244508 0.13866336817409430360 0.20567597699128525868 0.01285249277816741427 0.00000000099999999999 0.06855197257941927913 0.07348217461785792881 
0.00000000099999999996 0.11116838101299023056 0.60884786775202870412 0.02883688137230621534 0.09974518725893791182 0.00000000099999999996 0.00000000099999999996 0.15140167860373690556 0.00000000099999999996 
0.00000000099999999999 0.00000000099999999999 0.51155806703728556872 0.15375316303842506693 0.18450224944006582417 0.01082393813952779726 0.04150294141726446062 0.06103421063946889991 0.03682542828796227935 
0.00000000099999999996 0.03206986158584808344 0.25291653404413982908 0.00000000099999999996 0.10533608033203430143 0.28376525694798110377 0.00000000099999999996 0.01999318671907415745 0.30591907737092244313 
0.00000000099999999994 0.00000000099999999994 0.65549718188425720733 0.00000000099999999994 0.00000000099999999994 0.04785808862175855438 0.00000000099999999994 0.00000000099999999994 0.29664472349398429696 
0.00000000099999999983 0.00000000099999999983 0.99999999200000000421 0.00000000099999999983 0.00000000099999999983 0.00000000099999999983 0.00000000099999999983 0.00000000099999999983 0.00000000099999999983 
0.01755296897861590225 0.07248116160027719135 0.73835461497387666618 0.02974832871222559544 0.01693048533134707684 0.00000000099999999999 0.00000000099999999999 0.04052561880010719514 0.08440681960355035651 
0.00009426926345585659 0.07873833606054862766 0.62539442867115324631 0.01931972017763460697 0.08856272197702547144 0.04725151016485236444 0.00000000100000000000 0.03509460525990412000 0.10554440742542560427 
0.09419113752152377672 0.01168888639791439837 0.46977838527970527949 0.00000000099999999999 0.02812961244787207798 0.09791573234089311073 0.00000000099999999999 0.00005635467925072550 0.29823988933284067970 
0.00000000099999999993 0.09387400806016837906 0.58224097268111441039 0.00000000099999999993 0.00000000099999999993 0.08083060168734344797 0.00000000099999999993 0.00000000099999999993 0.24305441257137389011 
0.00000000099999999990 0.00000000099999999990 0.20302278774326118493 0.00000000099999999990 0.00000000099999999990 0.00000000099999999990 0.00000000099999999990 0.08336386274893937964 0.71361334350779948021 
0.00000000099999999997 0.01133526871031451978 0.39826674579842291646 0.00000000099999999997 0.05082154255025709416 0.12835905148046239388 0.00000000099999999997 0.13514356114686396082 0.27607382731367902107 
0.00000000099999999995 0.05037349989672387091 0.32263545337858245965 0.00000000099999999995 0.03196349349971157328 0.30493462333358195560 0.00000000099999999995 0.00000000099999999995 0.29009292589140017737 
0.06695195302423552486 0.00000000099999999999 0.50242181597182289376 0.00000009134397640688 0.14271423184002285378 0.10566445000683276356 0.01024878809001778142 0.05810200448162310821 0.11389666424146871471 
0.08498817182549141258 0.00568137772907893572 0.36965582833367821580 0.00000000099999999997 0.05907571971858852772 0.37946137332856810787 0.00000000099999999997 0.04581714718409875264 0.05532037988049609556 
0.00000000099999999994 0.04321960112178182406 0.46917208567459456336 0.00000000099999999994 0.05960647453393199541 0.18175877875013143892 0.00000000099999999994 0.03712341339769018034 0.20911964352187015215 
0.10095476284489877938 0.08647641027635831479 0.50194865343303518568 0.00000000099999999999 0.00003161777464879658 0.21876460640167794125 0.01191058780859955736 0.00000281364275737017 0.07991054681802398085 
0.15852216906844640576 0.04091222180730565150 0.38534240752336196278 0.00000000099999999999 0.08938335599256960751 0.08098340047856202040 0.01760452355840854896 0.00892087544587320813 0.21833104512547266141 
0.15306633330938337889 0.05441166809998203985 0.19680058513993164970 0.00000000099999999998 0.18762519842436314876 0.15539746997682818419 0.00000000099999999998 0.01097943216798799408 0.24171931088152348588 
0.00000000099999999997 0.08737583498165382712 0.42771838784852267423 0.00032227430001360933 0.00000004728874206437 0.08893941090942050764 0.00000000099999999997 0.11400059975527433720 0.28164344291637305462 
0.00000000099999999997 0.04235809148467242075 0.48252752106719637437 0.02914396471461428925 0.13015075193876962656 0.17033715421408784918 0.00781558161635531254 0.00000000099999999997 0.13766693296430432270 
0.00000000099999999997 0.00000000099999999997 0.73633765593483335721 0.04494104162157142729 0.15048149047876460682 0.06823980696483059050 0.00000000099999999997 0.00000000099999999997 0.00000000099999999997 
0.00000000099999999994 0.00000000099999999994 0.18429893078556638941 0.00000000099999999994 0.12693217494427297409 0.00000000099999999994 0.00000000099999999994 0.68876888827016058414 0.00000000099999999994 
0.00000000099999999995 0.05749462858092239254 0.26025866545233938831 0.00000000099999999995 0.00000000099999999995 0.25116355269098666891 0.00000000099999999995 0.43108314827575144879 0.00000000099999999995 
0.00000000099999999995 0.02389234993401931698 0.14942614159416967023 0.00000000099999999995 0.02554527082267647395 0.29847695951007413573 0.01192744781341533757 0.49073182732564490927 0.00000000099999999995 
0.14483582217879592546 0.00000000099999999998 0.00000000099999999998 0.30875476375792904049 0.00149909881839340353 0.48990875519988646980 0.05500155604499528533 0.00000000099999999998 0.00000000099999999998 
0.08041980051212362091 0.00000000099999999998 0.00121880411934014343 0.00000000099999999998 0.03388129566505815315 0.40227493527524704753 0.00000000099999999998 0.48220516042823097225 0.00000000099999999998 
0.00000000099999999996 0.01644890576735677859 0.24642242084083290643 0.00000001758467706490 0.15684551629964324504 0.12938188582525481096 0.00000000099999999996 0.45090125068223518845 0.00000000099999999996 
0.00000000157342463239 0.00000000099999999999 0.30412743739849978919 0.00000000258207651718 0.00000000099999999999 0.35644373258210199085 0.01180507474981514274 0.12047079552859185636 0.20715295358549007387 
0.00000000099999999990 0.00000000099999999990 0.00000000099999999990 0.00000000099999999990 0.00000000099999999990 0.37227241571180030855 0.00000000099999999990 0.62772757728819950085 0.00000000099999999990 
0.08927939558333258807 0.03173261438771833587 0.24049422169570822128 0.10821078247076854062 0.04103520086004010248 0.10958824254523995279 0.00708434823988447933 0.37257519321730775408 0.00000000099999999999 
0.00000000099999999993 0.00000000099999999993 0.18981335622788306217 0.00000000099999999993 0.00000000099999999993 0.33937500043263674199 0.00000000099999999993 0.47081163733948011574 0.00000000099999999993 
0.00000000099999999994 0.02795255865996889438 0.35440463978973535397 0.00000000099999999994 0.09120706314972149009 0.09985270946005002368 0.00000000099999999994 0.42658302494052408038 0.00000000099999999994 
0.00000000099999999996 0.03392024612184656868 0.24061563794947382622 0.00000000099999999996 0.02518986470151152179 0.12534762651235969999 0.00000000099999999996 0.57492662071480837849 0.00000000099999999996 
0.00000000099999999992 0.12638559941985397228 0.39515360054735160222 0.00000000099999999992 0.00736660102925519242 0.13614623545342230404 0.00000000099999999992 0.33494795955011691380 0.00000000099999999992 
0.00000000099999999999 0.03599158384507111091 0.31392854440673811922 0.00877631411905286339 0.00658907189723224179 0.21825288081631069592 0.02909718791430924989 0.38736441500128554472 0.00000000099999999999 
0.01251761373437251627 0.00000000099999999994 0.19442978222212206618 0.00000000099999999994 0.00000000099999999994 0.34196436469600149932 0.00287122661228253733 0.44821700873522124509 0.00000000099999999994 
0.00000000099999999982 0.00000000099999999982 0.00000000099999999982 0.00000000099999999982 0.09281805445012522582 0.00000000099999999982 0.00000000099999999982 0.86368395179308854459 0.04349798775678617724 
0.00000000099999999993 0.00128515424119705359 0.18659069538567402136 0.00000000099999999993 0.00000000099999999993 0.18374896908304985677 0.00000000099999999993 0.62837517629007899611 0.00000000099999999993 
0.00000000099999999994 0.00000000099999999994 0.11705564646776239757 0.00000000099999999994 0.13888779255590347206 0.01747483236213513008 0.01833650601728574470 0.70824521859691325076 0.00000000099999999994 
0.00000000099999999995 0.05741929078841803008 0.21722420200730874207 0.08996798406615894028 0.00000000099999999995 0.08469823390424272014 0.00000000099999999995 0.55069028523387142382 0.00000000099999999995 
0.00000000099999999996 0.00000000099999999996 0.32216251954689223425 0.06989498191699874963 0.01696173749189593127 0.00000000099999999996 0.05209134582803216090 0.53888941121618083585 0.00000000099999999996 
0.00000000099999999998 0.04177081676551851197 0.14791712278546770287 0.08958458574934542729 0.14603348293059387197 0.09712572530437572904 0.02675646140077713245 0.45081180306392154566 0.00000000099999999998 
0.00000021937017013389 0.01566814747731245377 0.00000000099999999997 0.00000000099999999997 0.00000000099999999997 0.33160386303938088615 0.48743295347587251021 0.16529481263726403251 0.00000000099999999997 
0.02218962288520770487 0.00000000099999999996 0.48425489193128912202 0.00000000099999999996 0.02928296153806412769 0.00000000099999999996 0.00000000099999999996 0.46427251864543911397 0.00000000099999999996 
