0.00000000099999999987 0.00000000099999999987 0.00000000099999999987 0.00000000099999999987 0.00000000099999999987 0.00000000099999999987 0.00000000099999999987 0.99999999100000003249 0.00000000099999999987 0.00000000099999999987 
0.00000069853269032520 0.14151007803971005217 0.08185543537220321686 0.08875201866722615129 0.00000000099999999997 0.00000000099999999997 0.00000000099999999997 0.68721914385429061500 0.00000000099999999997 0.00066262153387944929 
0.03570054410750792689 0.00000000099999999995 0.00000000099999999995 0.00000000099999999995 0.00000000099999999995 0.00000000099999999995 0.00000000099999999995 0.80195835568230933177 0.16234109321018275196 0.00000000099999999995 
0.16505425580688609655 0.07917601716480579532 0.00000000099999999992 0.00000000099999999992 0.15841598631793135654 0.00000000099999999992 0.00000000099999999992 0.55724287393690918879 0.04011086177346750298 0.00000000099999999992 
0.00674011094983749306 0.08303200571380697781 0.00674155717847001526 0.00000000099999999998 0.05019675862869599908 0.09858700112145947492 0.00000000191943236259 0.74572314412445717124 0.00897941836384044678 0.00000000099999999998 
0.00921839083739361964 0.19159388203048785537 0.00000000099999999993 0.00000000099999999993 0.04779546597299282051 0.00000000099999999993 0.01050301502972133920 0.73920345864865422136 0.00168578348075019177 0.00000000099999999993 
0.14490411864881805326 0.04809394145246204816 0.00000000099999999993 0.00000000099999999993 0.18289773216923896348 0.00000000099999999993 0.00000000099999999993 0.62410420172948100070 0.00000000099999999993 0.00000000099999999993 
0.02724939916778634785 0.00000000099999999998 0.00000000099999999998 0.13614880768584322612 0.00000000099999999998 0.00000000099999999998 0.00000000099999999998 0.79570580553549530300 0.01817395413584419958 0.02272202847503097464 
0.00831986077154543181 0.05450473800955034365 0.00000000099999999992 0.00000000099999999992 0.30341174217185445938 0.00000000099999999992 0.00000000099999999992 0.54415083696540156311 0.08961281708164818560 0.00000000099999999992 
0.00000000099999999995 0.03928485011331672022 0.00000000099999999995 0.00000000099999999995 0.28702663722286253511 0.00000000099999999995 0.00000000099999999995 0.56105021508363372984 0.11263829158018699717 0.00000000099999999995 
0.00000000099999999992 0.22669616263235556342 0.00000000099999999992 0.00000000099999999992 0.19654353978713928752 0.00000000099999999992 0.00000000099999999992 0.47910997684769246474 0.09765031473281263197 0.00000000099999999992 
0.00000146335795814257 0.00000000099999999993 0.00000000099999999993 0.00000000099999999993 0.21337879005625726148 0.00000000099999999993 0.01306766690123527079 0.69731234358420657315 0.07623973110034271139 0.00000000099999999993 
0.00005225348163816350 0.17804039286483863691 0.00000000099999999998 0.20466843194909237202 0.13377346029066422561 0.00000000099999999998 0.03389980646051428403 0.22383634032261323643 0.00000000099999999998 0.22572931163063908455 
0.00000000099999999999 0.15803914581614450507 0.02580334542748904253 0.07788765158582991455 0.08308841798271672519 0.00000000099999999999 0.00818612581008691317 0.61837028190627008062 0.00000000099999999999 0.02862502847146291413 
0.04417617207107311927 0.08036663096359084046 0.01571498573256764966 0.00000000099999999999 0.07457204555432722648 0.00192363610846529431 0.06886994257214879012 0.57171275783139174909 0.14266382716643535855 0.00000000099999999999 
0.03624394589783345305 0.00000000099999999995 0.00069643656668110616 0.00000000099999999995 0.02190915361078805620 0.00000000099999999995 0.08293337767055733445 0.79695028391022304515 0.00000000099999999995 0.06126679834391703106 
0.00000000099999999994 0.38001029943857894677 0.00000000099999999994 0.14312956053744588236 0.00000000099999999994 0.00000000099999999994 0.00000000099999999994 0.46317889944486628773 0.01368123457910892446 0.00000000099999999994 
0.00000000099999999993 0.00000000099999999993 0.00000000099999999993 0.10802734401482816384 0.00000000099999999993 0.00000000099999999993 0.00000000099999999993 0.89075685034338913937 0.00000000099999999993 0.00121579864178264236 
0.00000000099999999995 0.15033768440974201730 0.00000000099999999995 0.12623829974901312756 0.00000000099999999995 0.04789752246953676851 0.00000000099999999995 0.55908844126728984847 0.11643804710441822692 0.00000000099999999995 
0.00415284064896564650 0.00000000099999999996 0.00000000099999999996 0.22415385158893749717 0.00000000099999999996 0.05462032544502663789 0.00003056563958708603 0.66377769683046339289 0.05326471584701961831 0.00000000099999999996 
0.02569614583178448514 0.00014589900134703583 0.03699264741324113925 0.00000000099999999999 0.06146383711000746874 0.00885139733500808247 0.00000000099999999999 0.76529997310115949194 0.10155009720745231117 0.00000000099999999999 
0.07041219960484919327 0.00000000099999999998 0.00109049423535967859 0.03320240747626482941 0.01516627775760127916 0.04173395490879670128 0.00000000099999999998 0.78223897299884681544 0.00000000099999999998 0.05615569001828146778 
0.03381610589490050001 0.16760696065465408022 0.00000000099999999991 0.00000000099999999991 0.13619307221434254207 0.00000000099999999991 0.00000000099999999991 0.66063499857533614090 0.00174885766076678974 0.00000000099999999991 
0.05312848393134333297 0.00000000099999999995 0.00000000099999999995 0.00000000099999999995 0.00000000099999999995 0.05187788144826172010 0.04817145463448824216 0.83983693025585925973 0.00698524473004755262 0.00000000099999999995 
0.07684005838269521160 0.11570218914463230309 0.00000000099999999996 0.17095461523986574259 0.00000000099999999996 0.00000000099999999996 0.04581555953682676929 0.49757235237760594204 0.04534717874746311411 0.04776804357091098824 
0.07436444282624028734 0.05440132264646318355 0.00000000099999999992 0.00000000099999999992 0.00000000099999999992 0.00000000099999999992 0.00000000099999999992 0.80294069300042980597 0.06829353552686667772 0.00000000099999999992 
0.00000000099999999996 0.22069139491643885442 0.00000000099999999996 0.00000000099999999996 0.00000000099999999996 0.17082853134623082747 0.01197717999756701089 0.58548559376794750975 0.01101729497181562663 0.00000000099999999996 
0.01663754536893953528 0.10461166333706772846 0.00000000099999999995 0.17276208016330837913 0.00000000099999999995 0.06264031994736565800 0.00000000099999999995 0.58046348705085548669 0.06288490013246295085 0.00000000099999999995 
0.06445858045634549061 0.08833486116310138025 0.00000002885639477007 0.00000000099999999994 0.12384053862060240281 0.00000000099999999994 0.00000000099999999994 0.63046618538829313216 0.09289980151526269769 0.00000000099999999994 
0.00000000099999999994 0.00000000270714766212 0.00000000099999999994 0.00000000099999999994 0.00000000099999999994 0.00000000099999999994 0.00000000099999999994 0.91646538013501144260 0.08353461015784073573 0.00000000099999999994 
0.06862066714993148020 0.04091040722761490195 0.06245873645317232686 0.00000000099999999996 0.00000000099999999996 0.18529753225144104944 0.00000000099999999996 0.64271265191784032744 0.00000000099999999996 0.00000000099999999996 
0.00000434510822576099 0.52972770688738035627 0.00001147173185742266 0.09690771841042394863 0.03338895824642927612 0.00560293477962703346 0.00000000099999999997 0.33435686183605617394 0.00000000099999999997 0.00000000099999999997 
0.14748846551121458370 0.30383275192780728746 0.00000000099999999999 0.09099053088386317711 0.00000000099999999999 0.00000000099999999999 0.04924181467933102380 0.35198408278195292276 0.05646234957017762929 0.00000000164565346778 
0.00000000099999999995 0.08782901068161892699 0.00000000099999999995 0.09257972789136258152 0.00002955160972252851 0.00000000099999999995 0.11045860309074531647 0.64832720823653700037 0.04206303371748353753 0.01871286177253021765 
0.07805059084574152151 0.13214286912473446889 0.00000000099999999996 0.00000000099999999996 0.14932752903585885806 0.00000000099999999996 0.00000000099999999996 0.60397980556778785299 0.00000000099999999996 0.03649920042587719016 
0.00000000099999999982 0.00000000099999999982 0.00000000099999999982 0.00000000099999999982 0.00000000099999999982 0.00000000099999999982 0.00000000099999999982 0.99999999100000003249 0.00000000099999999982 0.00000000099999999982 
0.00000000099999999993 0.00000000099999999993 0.01507553333344002246 0.18090939811286591010 0.00000000099999999993 0.00000000099999999993 0.00000000099999999993 0.75941551685109076608 0.00000000099999999993 0.04459954570260325768 
0.00000000099999999991 0.35978516328254728229 0.00000000099999999991 0.00000000099999999991 0.05829548825418516544 0.00000000099999999991 0.00000000099999999991 0.40185916405479787938 0.14989467679072321360 0.03016550261774634048 
0.00000000099999999994 0.28338572138836204406 0.00000000099999999994 0.00000000099999999994 0.00000000099999999994 0.00000000099999999994 0.16095408095339158727 0.53655670164502544672 0.00000000099999999994 0.01910349001322094939 
0.03709464800917783300 0.24923172985554173375 0.00000000099999999997 0.00000000099999999997 0.04477887855955784563 0.00000000099999999997 0.00000000099999999997 0.60944736113555963986 0.00000000099999999997 0.05944737744016272835 
0.00000000099999999992 0.00000000099999999992 0.00000000099999999992 0.00000000099999999992 0.00000000099999999992 0.06155850690710266276 0.00000000099999999992 0.91234466870432406882 0.02609681738857331373 0.00000000099999999992 
0.02168639625276960400 0.17009362624854673651 0.00000000099999999993 0.00000000099999999993 0.00000000099999999993 0.00000000099999999993 0.03211476678592846412 0.77610520471275512566 0.00000000099999999993 0.00000000099999999993 
0.22041775126684323705 0.31554913792787830928 0.01669646232042252404 0.00000000099999999994 0.10888786942058741036 0.00000000099999999994 0.00000000099999999994 0.33844877406426859823 0.00000000099999999994 0.00000000099999999994 
0.02233601402521347840 0.35236380230012892545 0.00000000099999999994 0.00000000099999999994 0.00000000099999999994 0.00000000099999999994 0.05435459431150201776 0.57094558336315559544 0.00000000099999999994 0.00000000099999999994 
0.00000000099999999993 0.80709818968387103677 0.00000000099999999993 0.00000000099999999993 0.00000000099999999993 0.19290179162429221815 0.00000000099999999993 0.00000001169183678275 0.00000000099999999993 0.00000000099999999993 
0.00000135622211867910 0.00000000099999999997 0.00000000099999999997 0.00000000099999999997 0.00000000099999999997 0.00000000099999999997 0.00000000099999999997 0.99999863577788128399 0.00000000099999999997 0.00000000099999999997 
0.00000000099999999971 0.99999999100000025454 0.00000000099999999971 0.00000000099999999971 0.00000000099999999971 0.00000000099999999971 0.00000000099999999971 0.00000000099999999971 0.00000000099999999971 0.00000000099999999971 
0.00000000099999999999 0.56107386645500478828 0.00000000099999999999 0.03916060835391951128 0.05445345758416724607 0.04655030259509828489 0.00000000099999999999 0.16371056187442836749 0.05283441806275274849 0.08221678207462902732 
0.10056773858102494024 0.23603770018364358951 0.01935934245274456914 0.00000000099999999998 0.11745289507551834318 0.00000000099999999998 0.00000000099999999998 0.36513731881138983271 0.16144500089567864753 0.00000000099999999998 
0.01189261810339213750 0.31617176511219857726 0.00000000099999999997 0.00000000099999999997 0.14600432792172476915 0.00000000099999999997 0.06438577465887820872 0.00000000099999999997 0.36608530908567971096 0.09546020111812644759 
0.00000000099999999990 0.30604456516880662598 0.00000000099999999990 0.00000000099999999990 0.07135166069336658368 0.00000000099999999990 0.00000000099999999990 0.00000000099999999990 0.62260376713782661362 0.00000000099999999990 
0.00000000099999999996 0.65740716209451122154 0.00000000099999999996 0.00000000099999999996 0.08741372338650613139 0.00000000099999999996 0.00000000099999999996 0.13757445795076023165 0.08169895867844093051 0.03590569288978177898 
0.02673287836271129314 0.52089776917846786208 0.00000000099999999995 0.00000000099999999995 0.21729861129167227229 0.00000000099999999995 0.00000000099999999995 0.00000000099999999995 0.15340021334778838891 0.08167052281936035274 
0.00000000099999999987 0.53465738147387154022 0.00000000099999999987 0.45392707985200336784 0.00000000099999999987 0.01141553167412539919 0.00000000099999999987 0.00000000099999999987 0.00000000099999999987 0.00000000099999999987 
0.00000000099999999981 0.99999999100000014352 0.00000000099999999981 0.00000000099999999981 0.00000000099999999981 0.00000000099999999981 0.00000000099999999981 0.00000000099999999981 0.00000000099999999981 0.00000000099999999981 
0.00000000099999999982 0.48408659619723481971 0.00000000099999999982 0.00000000099999999982 0.00000000099999999982 0.00000000099999999982 0.00000000099999999982 0.00000000099999999982 0.51591339580276507348 0.00000000099999999982 
0.08967530766598656722 0.27260636618280503773 0.00000000099999999998 0.00000000099999999998 0.00000000099999999998 0.00682773279707494900 0.01216246670912901097 0.11082391703207665479 0.50790420561292759505 0.00000000099999999998 
0.02111456750152781309 0.07512824284550397025 0.00000000099999999991 0.00000000099999999991 0.00000000099999999991 0.00000000099999999991 0.00000000099999999991 0.24066189396189741068 0.66309528969107078833 0.00000000099999999991 
0.15689342743020015525 0.58065703401951962448 0.00000000099999999995 0.12034091452269170264 0.00000000099999999995 0.03584847845284667989 0.00000000099999999995 0.00000000099999999995 0.00907567020765943054 0.09718447136708244227 
0.07989733559477160685 0.85239330313494665603 0.01061651159979341147 0.00000000099999999994 0.04161738025449940315 0.00000000099999999994 0.00000000099999999994 0.00000000099999999994 0.00000000099999999994 0.01547546441598908647 
0.12789713729114635110 0.42692598164372808078 0.00000000099999999987 0.00000000099999999987 0.00000000099999999987 0.10010097007659948809 0.00000000099999999987 0.15315252220039346498 0.19192338378813264543 0.00000000099999999987 
0.00000000099999999989 0.82386451024610440896 0.00000000099999999989 0.00000000099999999989 0.16130327005439384913 0.00000000099999999989 0.00000000099999999989 0.00000000099999999989 0.01483221269950194161 0.00000000099999999989 
0.00000000099999999923 0.00000000099999999923 0.00000000099999999923 0.00000000099999999923 0.00000000099999999923 0.00000000099999999923 0.00000000099999999923 0.00000000099999999923 0.99999999100000003249 0.00000000099999999923 
0.06697495077769827221 0.00000000099999999990 0.00000000099999999990 0.00000000099999999990 0.09911560915983945452 0.00000000099999999990 0.00000000099999999990 0.35277420563651323837 0.48113522842594907969 0.00000000099999999990 
0.00000000099999999964 0.00000000099999999964 0.00000000099999999964 0.00000000099999999964 0.00000000099999999964 0.00000000099999999964 0.00000000099999999964 0.00000000099999999964 0.99999999100000003249 0.00000000099999999964 
0.00000000099999999979 0.00000000099999999979 0.00000000099999999979 0.00000000099999999979 0.00000000099999999979 0.00000000099999999979 0.00000000099999999979 0.00000000099999999979 0.99999999100000003249 0.00000000099999999979 
0.00000000099999999937 0.00000000099999999937 0.00000000099999999937 0.00000000099999999937 0.00000000099999999937 0.00000000099999999937 0.00000000099999999937 0.00000000099999999937 0.99999999100000003249 0.00000000099999999937 
0.00000000099999999996 0.00000000099999999996 0.00492501346846401216 0.00000000099999999996 0.01002498871212047574 0.00000000099999999996 0.04820492948052675780 0.00000000099999999996 0.93684506233888864557 0.00000000099999999996 
0.04596200992164058835 0.50968438327154008682 0.00000000099999999994 0.00000000099999999994 0.23328795614999287000 0.00000000099999999994 0.00000000099999999994 0.02039789508549877395 0.09594050289721653413 0.09472724867411121130 
0.00000000099999999942 0.00000000099999999942 0.00000000099999999942 0.00000000099999999942 0.00000000099999999942 0.00000000099999999942 0.00000000099999999942 0.00000000099999999942 0.99999999100000003249 0.00000000099999999942 
0.13237736801017471744 0.49229304963980557996 0.00000801926748108599 0.00000000099999999997 0.00020373077372415045 0.00000006786981486747 0.00000000099999999997 0.28046767466445776673 0.09465008677454184172 0.00000000099999999997 
0.99999999100000014352 0.00000000099999999941 0.00000000099999999941 0.00000000099999999941 0.00000000099999999941 0.00000000099999999941 0.00000000099999999941 0.00000000099999999941 0.00000000099999999941 0.00000000099999999941 
0.00000000099999999987 0.64738983576838882161 0.00000000099999999987 0.00000000099999999987 0.00000000099999999987 0.00000000099999999987 0.00000000099999999987 0.35261015623161134913 0.00000000099999999987 0.00000000099999999987 
0.06681962087594164879 0.93318037112405860523 0.00000000099999999984 0.00000000099999999984 0.00000000099999999984 0.00000000099999999984 0.00000000099999999984 0.00000000099999999984 0.00000000099999999984 0.00000000099999999984 
0.00000000099999999993 0.76473050251979990399 0.00000000099999999993 0.00000000099999999993 0.10965215015455791192 0.00000000099999999993 0.12560339918659338410 0.00000000099999999993 0.00001394213904877575 0.00000000099999999993 
0.00000000099999999964 0.99999999100000025454 0.00000000099999999964 0.00000000099999999964 0.00000000099999999964 0.00000000099999999964 0.00000000099999999964 0.00000000099999999964 0.00000000099999999964 0.00000000099999999964 
0.08610410932720008459 0.63106076708582181656 0.00000000099999999990 0.00000000099999999990 0.13734720559385887872 0.00000000099999999990 0.00000000099999999990 0.08901755341973031921 0.01832467603419246638 0.03814568453919640889 
0.10223524051624811870 0.00000000099999999997 0.05603287378167997462 0.67970264076148856347 0.00000000099999999997 0.00000000099999999997 0.03802292040512205568 0.00000000099999999997 0.00000000099999999997 0.12400631953546140118 
0.00000000099999999988 0.99999999100000025454 0.00000000099999999988 0.00000000099999999988 0.00000000099999999988 0.00000000099999999988 0.00000000099999999988 0.00000000099999999988 0.00000000099999999988 0.00000000099999999988 
0.00000000099999999996 0.57163623188932444208 0.00000000099999999996 0.07291594519494117022 0.00000000099999999996 0.00000000099999999996 0.03072700929852249102 0.19296050309922932464 0.13176030551798265100 0.00000000099999999996 
0.64968155337077715394 0.19963188896269001837 0.00000000099999999990 0.00000000099999999990 0.00000000099999999990 0.00000000099999999990 0.04359491625067489495 0.00000000099999999990 0.10709163541585792201 0.00000000099999999990 
0.64309243557002115921 0.35690755642997906705 0.00000000099999999968 0.00000000099999999968 0.00000000099999999968 0.00000000099999999968 0.00000000099999999968 0.00000000099999999968 0.00000000099999999968 0.00000000099999999968 
0.69514229547057859726 0.00000000099999999989 0.00000000099999999989 0.00000000099999999989 0.04371060241528638979 0.00000000099999999989 0.00000000099999999989 0.26114709511413519705 0.00000000099999999989 0.00000000099999999989 
0.76953885938062815963 0.11447545914432409597 0.00000000099999999990 0.00000000099999999990 0.00000000099999999990 0.00000000099999999990 0.00000000099999999990 0.04102786916793480648 0.07495780630711305903 0.00000000099999999990 
0.67029334944117602291 0.32456555834932743210 0.00000000099999999988 0.00000000099999999988 0.00000000099999999988 0.00000000099999999988 0.00000000099999999988 0.00514108520949661720 0.00000000099999999988 0.00000000099999999988 
0.33896145325605170351 0.07405149871745957124 0.00000000099999999992 0.00000000099999999992 0.00000000099999999992 0.00000000099999999992 0.00000000099999999992 0.54652264656255788999 0.04046439546393066494 0.00000000099999999992 
0.70792582130569925436 0.29207417069430097190 0.00000000099999999985 0.00000000099999999985 0.00000000099999999985 0.00000000099999999985 0.00000000099999999985 0.00000000099999999985 0.00000000099999999985 0.00000000099999999985 
0.99999999100000003249 0.00000000099999999894 0.00000000099999999894 0.00000000099999999894 0.00000000099999999894 0.00000000099999999894 0.00000000099999999894 0.00000000099999999894 0.00000000099999999894 0.00000000099999999894 
0.53125850034549315648 0.00000000099999999991 0.00000000163842902808 0.12994329944320892611 0.00000000099999999991 0.00000000099999999991 0.00000000099999999991 0.00000000099999999991 0.33879819257286908352 0.00000000099999999991 
0.63154710561139215663 0.15214873147731572400 0.00297208338242256490 0.00000000099999999998 0.00000000099999999998 0.00000000099999999998 0.00711430375056326583 0.08081540829346911536 0.06737025655783385192 0.05803210792700337628 
0.99999999100000014352 0.00000000099999999971 0.00000000099999999971 0.00000000099999999971 0.00000000099999999971 0.00000000099999999971 0.00000000099999999971 0.00000000099999999971 0.00000000099999999971 0.00000000099999999971 
0.12334561788383792413 0.58846046600392198922 0.00000000099999999991 0.00000000099999999991 0.00000000099999999991 0.00000000099999999991 0.00000000099999999991 0.18109665411439443417 0.10709725599784576666 0.00000000099999999991 
0.21786539373723876056 0.11174565079629698860 0.03184463628449045458 0.00000000099999999999 0.13676504449741794245 0.00000000213111932083 0.00000000099999999999 0.12277544165565219825 0.32090315487427639729 0.05810067402350790194 
0.99999999100000025454 0.00000000099999999938 0.00000000099999999938 0.00000000099999999938 0.00000000099999999938 0.00000000099999999938 0.00000000099999999938 0.00000000099999999938 0.00000000099999999938 0.00000000099999999938 
0.60636353165190604031 0.00000000099999999992 0.00000000099999999992 0.00000000099999999992 0.24112938170151593242 0.00000000099999999992 0.00000000099999999992 0.15250707964657822524 0.00000000099999999992 0.00000000099999999992 
0.66744983044824712781 0.33255016155175298742 0.00000000099999999977 0.00000000099999999977 0.00000000099999999977 0.00000000099999999977 0.00000000099999999977 0.00000000099999999977 0.00000000099999999977 0.00000000099999999977 
0.99999999100000014352 0.00000000099999999976 0.00000000099999999976 0.00000000099999999976 0.00000000099999999976 0.00000000099999999976 0.00000000099999999976 0.00000000099999999976 0.00000000099999999976 0.00000000099999999976 
0.28388399161660127223 0.00000000099999999996 0.13722607743569054106 0.25106150775617341875 0.00000000099999999996 0.15767639114092005248 0.00000000099999999996 0.15013063943769333619 0.02002138861292145425 0.00000000099999999996 
0.69481146705980678657 0.30518852494019349519 0.00000000099999999984 0.00000000099999999984 0.00000000099999999984 0.00000000099999999984 0.00000000099999999984 0.00000000099999999984 0.00000000099999999984 0.00000000099999999984 
0.71704964588177244611 0.10112928363504332385 0.00000000099999999996 0.00000000099999999996 0.03361667024345690868 0.04116062385966239023 0.00000000099999999996 0.07708762690129070116 0.00000000099999999996 0.02995614547877440206 
0.58843684720787359232 0.41156314479212652291 0.00000000099999999986 0.00000000099999999986 0.00000000099999999986 0.00000000099999999986 0.00000000099999999986 0.00000000099999999986 0.00000000099999999986 0.00000000099999999986 
0.99999999100000025454 0.00000000099999999979 0.00000000099999999979 0.00000000099999999979 0.00000000099999999979 0.00000000099999999979 0.00000000099999999979 0.00000000099999999979 0.00000000099999999979 0.00000000099999999979 
0.09797113105119679977 0.45148653976010089117 0.01255094513168835899 0.10024363510406260336 0.00000000099999999997 0.01501870672556863094 0.00000000099999999997 0.27276971155917523193 0.04995932766820763288 0.00000000099999999997 
0.64235984887933039733 0.13425830121744339318 0.00000000099999999995 0.00000000099999999995 0.00000000099999999995 0.05176214647088640125 0.06014998314959623532 0.11146971528274360330 0.00000000099999999995 0.00000000099999999995 
0.00000000099999999998 0.00000000099999999998 0.07430123487744934307 0.41072580677557163353 0.06510333558810128818 0.18196615529588863747 0.17697634453871460836 0.09092711892427453313 0.00000000099999999998 0.00000000099999999998 
0.00000000099999999996 0.01915856877956025051 0.19818803629358924812 0.26682462457995359539 0.13440165264964251679 0.13909813379709257131 0.11993853900904369314 0.12239044189111820959 0.00000000099999999996 0.00000000099999999996 
0.00000000099999999996 0.12036165171165000287 0.00000000099999999996 0.37214700717065485325 0.17056666926420377406 0.00000021010116430049 0.25777182944683912913 0.00000000099999999996 0.00000000099999999996 0.07915262830548802642 
0.00000000099999999998 0.00000000099999999998 0.04687695961610070100 0.43083890420764037188 0.03143262266806494398 0.25519995963143560225 0.13883487331216295968 0.09297147857457682685 0.00384519899001869786 0.00000000099999999998 
0.00000000099999999992 0.00000000099999999992 0.00000000099999999992 0.47241565212966984966 0.00000000099999999992 0.22118871299334913472 0.15415816882698737955 0.15223746004999372250 0.00000000099999999992 0.00000000099999999992 
0.00000000099999999998 0.00000000099999999998 0.01169540850144308239 0.44285421382969530901 0.05726974062093289491 0.25967220555578224284 0.13865077885089083232 0.08985764864125554696 0.00000000099999999998 0.00000000099999999998 
0.00000000099999999997 0.00000000099999999997 0.00000000099999999997 0.31332218275566336985 0.03577680253200222343 0.13855254463803323706 0.21331715738040735175 0.28346845473223641898 0.00000000099999999997 0.01556285396165740104 
0.00000000099999999998 0.00000000099999999998 0.00968547022832774891 0.41178281255585419407 0.32380243481670367700 0.00000000099999999998 0.17332070327990498071 0.00000000099999999998 0.00000000099999999998 0.08140857411920941755 
0.00000000099999999993 0.00000000099999999993 0.00000000099999999993 0.30204014772648007936 0.32166566320393424894 0.00000000099999999993 0.25540682945050141583 0.00000000099999999993 0.00000000099999999993 0.12088735361908437005 
0.00000000099999999996 0.00000000099999999996 0.01169266697694880050 0.45519719628399618605 0.00011948643064913749 0.21130826905611976851 0.25103470213652451237 0.07064767511576167114 0.00000000099999999996 0.00000000099999999996 
0.00000000099999999994 0.00000000099999999994 0.00000000099999999994 0.42525434447255255899 0.04081317730601973642 0.06323237449198840232 0.30721715345565353550 0.16348294527378587349 0.00000000099999999994 0.00000000099999999994 
0.00000000099999999994 0.02661071937371030718 0.00000000099999999994 0.26596951423987302832 0.24078199305455677548 0.00000000099999999994 0.41588479087943530654 0.03071750828454860791 0.00000000099999999994 0.02003547016787605300 
0.00000000099999999995 0.16275108675138214021 0.00041918417540445432 0.40798935779131395574 0.00000000099999999995 0.00000000099999999995 0.22572661542917749067 0.00000000099999999995 0.00000000099999999995 0.20311375085272198593 
0.00000000099999999993 0.00000000099999999993 0.00000000099999999993 0.31545869934861497930 0.00000000099999999993 0.16150280772129566031 0.29349196258350535027 0.16488999130746936905 0.00000000099999999993 0.06465653403911442165 
0.00660747783942091434 0.03293554574130896917 0.01415132048599600234 0.44390721178600761609 0.29598937808875702693 0.05763057285651668193 0.13511032541945156016 0.00000000099999999998 0.00000000099999999998 0.01366816578254114421 
0.00000000099999999994 0.00000000099999999994 0.04509174325933694438 0.29779142599344726738 0.06342113539489913077 0.24379602269359762490 0.17241779614801730491 0.17748187251070166037 0.00000000099999999994 0.00000000099999999994 
0.00000000099999999998 0.04966605866455707508 0.02026537837534052311 0.28293531873107102825 0.14540040394633360621 0.19608219748869068488 0.23036208244472886064 0.05990669783629370276 0.00000000099999999998 0.01538186051298455134 
0.00000000099999999996 0.00000000099999999996 0.00000000099999999996 0.29902521911362167639 0.17730782646428719374 0.14738102054449564449 0.20950060583445023754 0.16678532304314513945 0.00000000099999999996 0.00000000099999999996 
0.00000000099999999999 0.13023605543984442812 0.00000000099999999999 0.40473433956283616508 0.12516387162020081725 0.09050853390090157768 0.09285822357420797646 0.05226060308634757762 0.05328603373591733749 0.05095233707974411441 
0.00000000099999999996 0.00000000099999999996 0.00000000099999999996 0.64600238907938312138 0.03091155575059829561 0.25198421205606907902 0.07110181619087434235 0.00000002192307498040 0.00000000099999999996 0.00000000099999999996 
0.00000071967534502016 0.00000000732931860821 0.06840411157464711123 0.26811251732238233769 0.33330809667019778431 0.00000000099999999998 0.26396129076207430764 0.00000000099999999998 0.06621325366603492135 0.00000000099999999998 
0.00000000099999999998 0.00000000099999999998 0.05708187101494476695 0.18292700954059959439 0.26045287136470757217 0.17478771519701857828 0.21946782385914950786 0.08586953034163967435 0.01941317568194023471 0.00000000099999999998 
0.00000000099999999995 0.00000000099999999995 0.00000000099999999995 0.23726497251254952126 0.24172499291699972579 0.01213319497204711113 0.37283417763483395202 0.10748083908211568394 0.00000000099999999995 0.02856181888145412073 
0.00000000099999999998 0.00000000099999999998 0.00000000099999999998 0.50120604126685275315 0.07180803770438931588 0.07878161370898473237 0.23288652688122418732 0.00000000099999999998 0.03918850825761237971 0.07612926818093652959 
0.00000000099999999996 0.00000000099999999996 0.10223448967288854827 0.21561446683660279167 0.32367478261704463183 0.11328385387863590394 0.11804032346606964377 0.11308280645083471083 0.01406927407792374699 0.00000000099999999996 
0.00000000099999999997 0.00000000099999999997 0.07333413679702319166 0.25226752132003521512 0.14810628452442545222 0.24565801293638145353 0.15459227449693327405 0.12604176592520138778 0.00000000099999999997 0.00000000099999999997 
0.68587006392881344485 0.31412992807118661487 0.00000000099999999970 0.00000000099999999970 0.00000000099999999970 0.00000000099999999970 0.00000000099999999970 0.00000000099999999970 0.00000000099999999970 0.00000000099999999970 
0.00000000099999999996 0.04418987187307624881 0.02855803385230663849 0.32957686450692086355 0.00000000099999999996 0.00000000099999999996 0.37639079142486747687 0.05757118615941015510 0.00000000099999999996 0.16371324818341853602 
0.00000000099999999995 0.00000000099999999995 0.00000000099999999995 0.77680307897417855134 0.18261588165285200236 0.00000000099999999995 0.00000000099999999995 0.00000000099999999995 0.00019352611517374762 0.04038750725779579470 
0.00000000099999999993 0.00000000099999999993 0.02069880571540312630 0.15078227827442775011 0.02054167105620708506 0.00000000099999999993 0.64066261035605398533 0.00000000099999999993 0.00000000099999999993 0.16731462959790815992 
0.00000000099999999988 0.00000000099999999988 0.00000000099999999988 0.75811268478004933957 0.05990601273633888724 0.14494895873574920042 0.03703233774786254123 0.00000000099999999988 0.00000000099999999988 0.00000000099999999988 
0.00000000099999999998 0.00000000099999999998 0.04212452212198369850 0.28765377812712822347 0.19627537084747004315 0.04611076211125637869 0.16333728000358924137 0.13764183648374456181 0.02250958866838745007 0.10434685963644030338 
0.00000000099999999996 0.00000000099999999996 0.05657406631420149046 0.42758129921997384271 0.08889554640927505025 0.19120332403865039628 0.10452109075410859207 0.13122466926379050545 0.00000000099999999996 0.00000000099999999996 
0.00000000099999999990 0.00000000099999999990 0.03110105124446550101 0.75528755645029910237 0.00249858058932534832 0.03808051112752500883 0.13398376396694247625 0.00000000099999999990 0.00000000099999999990 0.03904853262144254017 
0.00000000099999999988 0.00000000099999999988 0.11387889988359958804 0.55786905020896415675 0.06751262663821135102 0.18773889344397809431 0.07300052482524684028 0.00000000099999999988 0.00000000099999999988 0.00000000099999999988 
0.00000000099999999995 0.00000000099999999995 0.00000000099999999995 0.92755809369799957498 0.07244189830200044311 0.00000000099999999995 0.00000000099999999995 0.00000000099999999995 0.00000000099999999995 0.00000000099999999995 
0.00000000099999999983 0.00000000099999999983 0.00000000099999999983 0.99999999100000003249 0.00000000099999999983 0.00000000099999999983 0.00000000099999999983 0.00000000099999999983 0.00000000099999999983 0.00000000099999999983 
0.00000000099999999993 0.00000000099999999993 0.00000000099999999993 0.73899464930959668507 0.00000000099999999993 0.10405565765886307106 0.00000000099999999993 0.15694968603154033082 0.00000000099999999993 0.00000000099999999993 
0.00000000099999999990 0.00000000099999999990 0.00000000099999999990 0.68760815105630201938 0.15555093738828418282 0.00000000099999999990 0.15684090455541385700 0.00000000099999999990 0.00000000099999999990 0.00000000099999999990 
0.00000000099999999991 0.00000000099999999991 0.09271352133791245509 0.68000868313632811812 0.14834036885183987664 0.00000000099999999991 0.07893742067391958106 0.00000000099999999991 0.00000000099999999991 0.00000000099999999991 
0.05243754800173339170 0.04112006867103921992 0.08246742390281572299 0.54437728605445323549 0.00000000099999999999 0.11706210469553637865 0.09708740341146615549 0.03543357348475988794 0.03001458977819616153 0.00000000099999999999 
0.00000000099999999994 0.04279564783678567463 0.00505535463987124341 0.61488174789088567707 0.12488543703373874982 0.00000000099999999994 0.21238180759871877479 0.00000000099999999994 0.00000000099999999994 0.00000000099999999994 
0.00000000099999999991 0.00000000099999999991 0.00000000099999999991 0.50349218905487658215 0.10832376928558065665 0.07486838516289923140 0.24315642819122676443 0.00000000099999999991 0.00000000099999999991 0.07015922330541674024 
0.00000000099999999999 0.00000000099999999999 0.07645337451704285747 0.34296816108711214444 0.06677995355689982093 0.26495954065155541413 0.05255937387055188009 0.11675542796170125526 0.00000000099999999999 0.07952416535513673335 
0.00000000099999999996 0.00000000099999999996 0.11930486562074596457 0.59004136028148690407 0.02936941221364332277 0.09353472402036981659 0.00000000099999999996 0.02918067510483001586 0.00000000099999999996 0.13856895875892394354 
0.01381029021784629246 0.15729272414508821409 0.00000000099999999997 0.48762763631636757422 0.00000013514571832041 0.24772443099829252744 0.00000000118094024133 0.03816439944790989136 0.00000000099999999997 0.05538038054783712277 
0.00000000099999999995 0.04676252819016774726 0.03372816440879630034 0.22208247947776937892 0.31888737482958168235 0.04411910640330295869 0.28944568023227318365 0.00000000099999999995 0.00000000099999999995 0.04497466345810884752 
0.00138924598847527353 0.00000000099999999994 0.00000000099999999994 0.53214425834630996182 0.22575808119278339969 0.00000000099999999994 0.24070840847243138438 0.00000000099999999994 0.00000000099999999994 0.00000000099999999994 
0.00000000099999999982 0.00000000099999999982 0.00000000099999999982 0.99999999100000003249 0.00000000099999999982 0.00000000099999999982 0.00000000099999999982 0.00000000099999999982 0.00000000099999999982 0.00000000099999999982 
0.00000000099999999999 0.00000000099999999999 0.05449762033519601340 0.59357479333195917182 0.09062871716115793175 0.14536838433792975689 0.01548219366534728074 0.05787039605311765367 0.00000000099999999999 0.04257789211529214302 
0.00000000100000000000 0.01483497562249939949 0.07203189817075307533 0.54051628581876309809 0.08796503368635864850 0.18022499538622627213 0.06508195421392759528 0.00000000100000000000 0.00000000100000000000 0.03934485410147194051 
0.00000000099999999998 0.06670458644137566839 0.00945649192541992215 0.42181277870336608693 0.11481195974256838688 0.05576483796506061935 0.25909132519333910594 0.00000000099999999998 0.07235801702887016684 0.00000000099999999998 
0.00000000099999999991 0.00000000099999999991 0.09776585294134035320 0.52789251921392221778 0.20721065676170702385 0.00000000099999999991 0.16713096508303043608 0.00000000099999999991 0.00000000099999999991 0.00000000099999999991 
0.00000000099999999988 0.00000000099999999988 0.00000000099999999988 0.25629461494385752385 0.00000000099999999988 0.00000000099999999988 0.68938204627233257149 0.00000000099999999988 0.00000000099999999988 0.05432333178380990141 
0.00000000099999999996 0.02876005101874990616 0.03363506453270684315 0.37672199095449748762 0.12465810257665721483 0.04588120154938603312 0.25323813120288429790 0.00000000099999999996 0.00000000099999999996 0.13710545516511823960 
0.00000000099999999997 0.00160899139448657247 0.05376418316359601185 0.28662890337058349877 0.41919289181912205988 0.00000000099999999997 0.23213353762717456319 0.00667148862503723176 0.00000000099999999997 0.00000000099999999997 
0.00974151474161967859 0.00000000099999999998 0.00000000099999999998 0.36598454491209542194 0.22118308269263894927 0.22194562481428087297 0.04937866295368643216 0.00000000099999999998 0.07023416537505709767 0.06153240151062145530 
0.00000000099999999997 0.07855838391524670727 0.00000000099999999997 0.28325147504511438701 0.42882486406002429113 0.08278260847783547316 0.00000000099999999997 0.00000000099999999997 0.06462214670418618689 0.06196051779759292194 
0.00000000099999999992 0.00000000099999999992 0.04914987678830799039 0.45517284358842069469 0.32037675075749821874 0.00000000099999999992 0.13596048647089220562 0.00000000099999999992 0.00000000099999999992 0.03934003739488099727 
0.01385797092879822480 0.00000000099999999998 0.07672651695980022002 0.48650066318863677273 0.28009405433219136672 0.00000000099999999998 0.02043458661965740636 0.00000000099999999998 0.11764685025526874784 0.00473935471564747215 
0.02924260631620880999 0.00000000099999999999 0.03642272297402464332 0.30042058087388168186 0.16283011573618197398 0.10431510037956419346 0.18792561231305968117 0.00000000099999999999 0.16432711282267420394 0.01451614658440486191 
0.00000000099999999998 0.00000000099999999998 0.05110289652072768501 0.18133304192456742299 0.21248792956555578870 0.12587430877897376469 0.23901870178870465722 0.00000000099999999998 0.17260132021207907904 0.01758179820939151719 
0.00000000099999999996 0.00001505586971297683 0.09776566732838415374 0.37347514899681227840 0.19150915366335949375 0.00000000099999999996 0.22470921841388208362 0.00000000099999999996 0.00000000099999999996 0.11252575172784914925 
0.00567445460216887444 0.00000000099999999996 0.02559650652492141340 0.37148106734379399141 0.26860646326830167618 0.17587746370921833461 0.08471600054633844634 0.06804804100525738142 0.00000000099999999996 0.00000000099999999996 
0.00000000099999999996 0.00000000099999999996 0.00000000099999999996 0.65125507702904417151 0.03966372994813614078 0.23920681130875642850 0.00000000099999999996 0.06987437571406310277 0.00000000099999999996 0.00000000099999999996 
0.00000000099999999993 0.00000000099999999993 0.00000000099999999993 0.03964139948804578512 0.09464999369431269238 0.15031767973220849788 0.00000000099999999993 0.00000000099999999993 0.00000000099999999993 0.71539092108543300697 
0.00000000099999999996 0.00000000099999999996 0.04875952256669520424 0.20631033019593503219 0.26332664180546683230 0.00000000099999999996 0.00000000099999999996 0.01096714553706914889 0.00000000099999999996 0.47063635489483396368 
0.01392508943694912259 0.00000000099999999995 0.03003947884562927287 0.06177594276126801426 0.22919860959140694878 0.09219982461878407920 0.00000000099999999995 0.00000000099999999995 0.00000000099999999995 0.57286105074596249676 
0.00863730256679448583 0.39239906481490804957 0.00000000099999999997 0.00000000099999999997 0.43262997685595072639 0.00000000099999999997 0.00000000099999999997 0.12830086533914791813 0.03803278542319876721 0.00000000099999999997 
