0.99999999800000005656 0.00000000099999999987 0.00000000099999999987 
0.99999999800000005656 0.00000000099999999994 0.00000000099999999994 
0.99999999800000005656 0.00000000099999999996 0.00000000099999999996 
0.99999999800000005656 0.00000000099999999993 0.00000000099999999993 
0.22287968318073617113 0.73537037413549088960 0.04174994268377293927 
0.99999999799999994554 0.00000000099999999996 0.00000000099999999996 
0.02996757683812302855 0.77485294744284238799 0.19517947571903448978 
0.46034912861138155282 0.53965087038861847546 0.00000000099999999998 
0.05513915421476109358 0.94486084478523879593 0.00000000099999999999 
0.00000000099999999995 0.99999999799999994554 0.00000000099999999995 
0.00000000099999999995 0.99999999799999994554 0.00000000099999999995 
0.99999999799999994554 0.00000000099999999996 0.00000000099999999996 
0.09703127672943168136 0.90296872227056823590 0.00000000099999999999 
0.00000000099999999999 0.92562526933501743098 0.07437472966498266669 
0.00000000099999999993 0.99999999799999994554 0.00000000099999999993 
0.02692305982020959387 0.54407688179708024734 0.42900005838271021430 
0.00000000099999999997 0.00000000099999999997 0.99999999799999994554 
0.00000000099999999998 0.00000000099999999998 0.99999999800000005656 
0.08218124731478443357 0.85176408694784455644 0.06605466573737102387 
0.03990733444467687435 0.44918559135171470809 0.51090707420360848001 
0.00000071201616397639 0.80996028408500930773 0.19003900389882677491 
0.00049863006233916087 0.74643130709569371906 0.25307006284196714718 
0.00000000100000000000 0.91643246928471644441 0.08356752971528352836 
0.00000000099999999989 0.00000000099999999989 0.99999999800000005656 
0.00000000099999999992 0.00000000099999999992 0.99999999799999994554 
0.00000000099999999987 0.00000000099999999987 0.99999999799999994554 
0.10786004195524535876 0.78190388210654071521 0.11023607593821387052 
0.00552034595889326542 0.99447965304110674811 0.00000000099999999998 
0.00000000099999999999 0.99999990539656580246 0.00000009360343415273 
0.00000000099999999995 0.99999999800000005656 0.00000000099999999995 
0.05025568385762395340 0.78419658468348663050 0.16554773145888945773 
0.05745064557259179500 0.86634845833545026661 0.07620089609195797309 
0.00000000099999999999 0.86948081568910717820 0.13051918331089287784 
0.00000000099999999998 0.99999999799999994554 0.00000000099999999998 
0.00000000099999999999 0.98494766778822639974 0.01505233121177361293 
0.00000000099999999999 0.99999999800000005656 0.00000000099999999999 
0.05058612044294552579 0.83436920699109917710 0.11504467256595532487 
0.02786192791314768061 0.80488556686890466718 0.16725250521794773895 
