0.00000000099999999983 0.99999999200000011523 0.00000000099999999983 0.00000000099999999983 0.00000000099999999983 0.00000000099999999983 0.00000000099999999983 0.00000000099999999983 0.00000000099999999983 
0.00000000099999999984 0.99999999200000022626 0.00000000099999999984 0.00000000099999999984 0.00000000099999999984 0.00000000099999999984 0.00000000099999999984 0.00000000099999999984 0.00000000099999999984 
0.00000000099999999987 0.99999993929839314788 0.00000000099999999987 0.00000000099999999987 0.00000000099999999987 0.00000000469619741224 0.00000000748569340046 0.00000000099999999987 0.00000004351971613802 
0.00000000099999999986 0.99999999200000011523 0.00000000099999999986 0.00000000099999999986 0.00000000099999999986 0.00000000099999999986 0.00000000099999999986 0.00000000099999999986 0.00000000099999999986 
0.00000000099999999991 0.89612563151951429852 0.00000000099999999991 0.00000000099999999991 0.00000000099999999991 0.00000000099999999991 0.00000000099999999991 0.10387436148048574680 0.00000000099999999991 
0.00000000099999999979 0.00000000099999999979 0.00000000099999999979 0.00000000099999999979 0.00000000099999999979 0.00000000099999999979 0.00000000099999999979 0.99999999199999989319 0.00000000099999999979 
0.00000000099999999988 0.99999999200000011523 0.00000000099999999988 0.00000000099999999988 0.00000000099999999988 0.00000000099999999988 0.00000000099999999988 0.00000000099999999988 0.00000000099999999988 
0.00000000099999999986 0.79413091788027134754 0.00000000099999999986 0.00000000099999999986 0.00000000099999999986 0.00000000099999999986 0.00000000099999999986 0.20586907511972887819 0.00000000099999999986 
0.00000000099999999922 0.00000000099999999922 0.00000000099999999922 0.00000000099999999922 0.00000000099999999922 0.00000000099999999922 0.00000000099999999922 0.99999999199999989319 0.00000000099999999922 
0.00000000099999999989 0.40198469793120444882 0.00000000099999999989 0.00000000099999999989 0.00000000099999999989 0.00000000099999999989 0.00000000099999999989 0.59801529506879536058 0.00000000099999999989 
0.00000000099999999972 0.00000000099999999972 0.00000000099999999972 0.00000000099999999972 0.00000000099999999972 0.00000000099999999972 0.00000000099999999972 0.99999999200000000421 0.00000000099999999972 
0.00000000099999999940 0.00000000099999999940 0.00000000099999999940 0.00000000099999999940 0.00000000099999999940 0.00000000099999999940 0.00000000099999999940 0.99999999200000000421 0.00000000099999999940 
0.00000000099999999996 0.00000000099999999996 0.00000000099999999996 0.00000000099999999996 0.00000000099999999996 0.23748226282607992621 0.00000000099999999996 0.76251773017391999421 0.00000000099999999996 
0.00000000099999999994 0.99999995911487282729 0.00000000650148608863 0.00000000099999999994 0.00000000099999999994 0.00000002838364113655 0.00000000099999999994 0.00000000099999999994 0.00000000099999999994 
0.00588367065950761662 0.25869476240896699393 0.00000000099999999998 0.60686695109477284404 0.00000000099999999998 0.00000000099999999998 0.00000000099999999998 0.12855461083675262524 0.00000000099999999998 
0.00000000099999999984 0.30588245059818031102 0.00000000099999999984 0.58665083669264717070 0.00000000099999999984 0.00000000099999999984 0.00000000099999999984 0.10746670670917259083 0.00000000099999999984 
0.00000000099999999992 0.45123224023105990010 0.00000000099999999992 0.54876775276894007582 0.00000000099999999992 0.00000000099999999992 0.00000000099999999992 0.00000000099999999992 0.00000000099999999992 
0.00000000099999999988 0.38137000716521612942 0.00000000099999999988 0.61862998583478390202 0.00000000099999999988 0.00000000099999999988 0.00000000099999999988 0.00000000099999999988 0.00000000099999999988 
0.00000000099999999985 0.42462093544746931650 0.00000000099999999985 0.57537905755253071494 0.00000000099999999985 0.00000000099999999985 0.00000000099999999985 0.00000000099999999985 0.00000000099999999985 
0.00000000099999999994 0.54740429142775404170 0.14274131342512019760 0.26667940263815420598 0.00000000099999999994 0.00000000099999999994 0.00000000099999999994 0.04317498750897144633 0.00000000099999999994 
0.00000000099999999983 0.37192155315028851970 0.00000000099999999983 0.62807843984971156726 0.00000000099999999983 0.00000000099999999983 0.00000000099999999983 0.00000000099999999983 0.00000000099999999983 
0.00000000099999999929 0.00000000099999999929 0.00000000099999999929 0.99999999200000011523 0.00000000099999999929 0.00000000099999999929 0.00000000099999999929 0.00000000099999999929 0.00000000099999999929 
0.00000000099999999991 0.00000000099999999991 0.00000000099999999991 0.58243698148933931158 0.00000000099999999991 0.00000000099999999991 0.00000000099999999991 0.41756301151066077537 0.00000000099999999991 
0.00000000099999999995 0.24561569600914243128 0.00000000099999999995 0.68429002750916356757 0.00000000099999999995 0.02771576687839370084 0.00000000099999999995 0.04237850460330029601 0.00000000099999999995 
0.00000000099999999969 0.00000000099999999969 0.00000000099999999969 0.99999999200000011523 0.00000000099999999969 0.00000000099999999969 0.00000000099999999969 0.00000000099999999969 0.00000000099999999969 
0.00000000099999999993 0.77106184088713813907 0.00000000099999999993 0.06552496109628593024 0.00000000099999999993 0.00000000099999999993 0.00000000099999999993 0.16341319201657619753 0.00000000099999999993 
0.00000000099999999998 0.53318123945090156734 0.08299849906260217680 0.12304763996612970434 0.00000000099999999998 0.00034317015846910905 0.00000000099999999998 0.26042944736189754806 0.00000000099999999998 
0.00000000099999999963 0.00000000099999999963 0.00000000099999999963 0.99999999200000000421 0.00000000099999999963 0.00000000099999999963 0.00000000099999999963 0.00000000099999999963 0.00000000099999999963 
0.00000000099999999998 0.20231869113015293893 0.00000000099999999998 0.64292719888879645840 0.00000000099999999998 0.09719539692981299384 0.00000000099999999998 0.03955398786466342298 0.01800472118657412204 
0.00000000099999999981 0.33687344023835635864 0.00000000099999999981 0.66312655276164367280 0.00000000099999999981 0.00000000099999999981 0.00000000099999999981 0.00000000099999999981 0.00000000099999999981 
0.00000000099999999967 0.00000000099999999967 0.00000000099999999967 0.99999999200000011523 0.00000000099999999967 0.00000000099999999967 0.00000000099999999967 0.00000000099999999967 0.00000000099999999967 
0.03443302279185299353 0.13594029146020703003 0.12935303175631718275 0.30448653694427207927 0.07211872283792102045 0.00000000100000000000 0.06363854437440555345 0.03642785345794699592 0.22360199537707711737 
0.00000000099999999986 0.32455136852563376548 0.00000000099999999986 0.67544862447436637698 0.00000000099999999986 0.00000000099999999986 0.00000000099999999986 0.00000000099999999986 0.00000000099999999986 
0.00000000099999999990 0.19896739221870360370 0.10816438321528554223 0.69286821856601099601 0.00000000099999999990 0.00000000099999999990 0.00000000099999999990 0.00000000099999999990 0.00000000099999999990 
0.00000000099999999985 0.35482382129478412525 0.00000000099999999985 0.55542196730206094824 0.00000000099999999985 0.00000000099999999985 0.00000000099999999985 0.08975420540315484641 0.00000000099999999985 
0.00000000099999999968 0.00000000099999999968 0.00000000099999999968 0.99999999200000011523 0.00000000099999999968 0.00000000099999999968 0.00000000099999999968 0.00000000099999999968 0.00000000099999999968 
0.00000000099999999993 0.99999999200000011523 0.00000000099999999993 0.00000000099999999993 0.00000000099999999993 0.00000000099999999993 0.00000000099999999993 0.00000000099999999993 0.00000000099999999993 
0.00000000099999999995 0.40033080002373599982 0.03001237034340673016 0.56965682363285730094 0.00000000099999999995 0.00000000099999999995 0.00000000099999999995 0.00000000099999999995 0.00000000099999999995 
0.00000000099999999992 0.00000000099999999992 0.31898250395339988739 0.00000000099999999992 0.00000000099999999992 0.21146221222926420147 0.46955527781733585879 0.00000000099999999992 0.00000000099999999992 
0.19525430688819608860 0.00000000099999999994 0.29009837390253051526 0.00000000099999999994 0.00000000099999999994 0.23812766619410549729 0.27651964801516787373 0.00000000099999999994 0.00000000099999999994 
0.22582018338657269818 0.00000000099999999992 0.20001839847442165476 0.00000000099999999992 0.00000000099999999992 0.19988216271029513038 0.37427925042871057482 0.00000000099999999992 0.00000000099999999992 
0.00000000099999999976 0.00000000099999999976 0.99999999200000011523 0.00000000099999999976 0.00000000099999999976 0.00000000099999999976 0.00000000099999999976 0.00000000099999999976 0.00000000099999999976 
0.00000000099999999984 0.00000000099999999984 0.99999999200000011523 0.00000000099999999984 0.00000000099999999984 0.00000000099999999984 0.00000000099999999984 0.00000000099999999984 0.00000000099999999984 
0.00000000099999999989 0.00000000099999999989 0.99999999200000000421 0.00000000099999999989 0.00000000099999999989 0.00000000099999999989 0.00000000099999999989 0.00000000099999999989 0.00000000099999999989 
0.00000000099999999969 0.00000000099999999969 0.99999999200000011523 0.00000000099999999969 0.00000000099999999969 0.00000000099999999969 0.00000000099999999969 0.00000000099999999969 0.00000000099999999969 
0.00000000099999999979 0.00000000099999999979 0.99999999200000011523 0.00000000099999999979 0.00000000099999999979 0.00000000099999999979 0.00000000099999999979 0.00000000099999999979 0.00000000099999999979 
0.04465198238398569719 0.00000000099999999993 0.81298800412174154761 0.00000000099999999993 0.00000000099999999993 0.00000000099999999993 0.14236000749427274448 0.00000000099999999993 0.00000000099999999993 
0.00000000099999999980 0.00000000099999999980 0.99999999200000000421 0.00000000099999999980 0.00000000099999999980 0.00000000099999999980 0.00000000099999999980 0.00000000099999999980 0.00000000099999999980 
0.00000000099999999976 0.00000000099999999976 0.99999999200000000421 0.00000000099999999976 0.00000000099999999976 0.00000000099999999976 0.00000000099999999976 0.00000000099999999976 0.00000000099999999976 
0.00000000099999999975 0.00000000099999999975 0.99999999200000011523 0.00000000099999999975 0.00000000099999999975 0.00000000099999999975 0.00000000099999999975 0.00000000099999999975 0.00000000099999999975 
0.00000000099999999986 0.00000000099999999986 0.99999999200000000421 0.00000000099999999986 0.00000000099999999986 0.00000000099999999986 0.00000000099999999986 0.00000000099999999986 0.00000000099999999986 
0.07044531652279931166 0.00000000099999999989 0.86109499206705919505 0.00000000099999999989 0.00000000099999999989 0.06845968541014159359 0.00000000099999999989 0.00000000099999999989 0.00000000099999999989 
0.00000000099999999980 0.00000000099999999980 0.00000000099999999980 0.00000000099999999980 0.99999999200000011523 0.00000000099999999980 0.00000000099999999980 0.00000000099999999980 0.00000000099999999980 
0.06963183741883433031 0.00000000099999999982 0.00000000099999999982 0.00000000099999999982 0.93036815558116570113 0.00000000099999999982 0.00000000099999999982 0.00000000099999999982 0.00000000099999999982 
0.00000000099999999986 0.00000000099999999986 0.00000000099999999986 0.00000000099999999986 0.72157715111649212147 0.27842284188350790997 0.00000000099999999986 0.00000000099999999986 0.00000000099999999986 
0.00000000099999999996 0.02901730447773782917 0.00000000099999999996 0.00000000099999999996 0.75359150049569612051 0.12200645193240237940 0.00000000099999999996 0.00000000099999999996 0.09538473809416372906 
0.00000000099999999988 0.00000000099999999988 0.00000000099999999988 0.00000000099999999988 0.99999999200000000421 0.00000000099999999988 0.00000000099999999988 0.00000000099999999988 0.00000000099999999988 
0.30256274865802290641 0.00000000099999999993 0.00000000099999999993 0.00000000099999999993 0.68340414249226322241 0.00000000099999999993 0.00000000619454090883 0.00000000099999999993 0.01403309765517313581 
0.00000000099999999975 0.00000000099999999975 0.00000000099999999975 0.00000000099999999975 0.99999999200000011523 0.00000000099999999975 0.00000000099999999975 0.00000000099999999975 0.00000000099999999975 
0.00000000099999999991 0.00000000099999999991 0.00000000099999999991 0.00000000099999999991 0.78600817416463653053 0.00000000099999999991 0.21399181883536361193 0.00000000099999999991 0.00000000099999999991 
0.00000000099999999960 0.00000000099999999960 0.00000000099999999960 0.00000000099999999960 0.99999999200000000421 0.00000000099999999960 0.00000000099999999960 0.00000000099999999960 0.00000000099999999960 
0.33030345014056600172 0.10295965929005422568 0.00000000099999999994 0.00000000099999999994 0.56673688170835367917 0.00000000099999999994 0.00000000386102592757 0.00000000099999999994 0.00000000099999999994 
0.00000000099999999997 0.30383479174342675755 0.20708680834937701065 0.00000000099999999997 0.32675507663705144479 0.00000000099999999997 0.07662746608642746760 0.08569585318371729377 0.00000000099999999997 
0.00000000099999999996 0.22095263309970658572 0.00000000099999999996 0.00000000099999999996 0.55969912309869307432 0.00000000099999999996 0.21934823780160037088 0.00000000099999999996 0.00000000099999999996 
0.56273491626201621596 0.23979639420276610551 0.00000000099999999995 0.00000000099999999995 0.19735630038028267874 0.00000000099999999995 0.00000000099999999995 0.00000000099999999995 0.00011238415493509436 
0.00000000099999999971 0.00000000099999999971 0.00000000099999999971 0.00000000099999999971 0.99999999200000011523 0.00000000099999999971 0.00000000099999999971 0.00000000099999999971 0.00000000099999999971 
0.00000000099999999938 0.00000000099999999938 0.00000000099999999938 0.00000000099999999938 0.00000000099999999938 0.00000000099999999938 0.00000000099999999938 0.00000000099999999938 0.99999999200000000421 
0.27893441574438931907 0.00000000099999999993 0.15614734506726288266 0.00000000099999999993 0.00000000099999999993 0.19495935909375461392 0.36995887509459307596 0.00000000099999999993 0.00000000099999999993 
0.00000000099999999993 0.13529389933827756787 0.00000000099999999993 0.00000000099999999993 0.13295633122777342217 0.00000000099999999993 0.73174976343394915190 0.00000000099999999993 0.00000000099999999993 
0.00000000099999999970 0.00000000099999999970 0.00000000099999999970 0.00000000099999999970 0.00000000099999999970 0.00000000099999999970 0.99999999200000000421 0.00000000099999999970 0.00000000099999999970 
0.00000000099999999982 0.00000000099999999982 0.00000000099999999982 0.00000000099999999982 0.00000000099999999982 0.00000000099999999982 0.40530198026521496724 0.00000000099999999982 0.59469801273478506420 
0.00000000099999999990 0.00000000099999999990 0.08141155483788062308 0.00000000099999999990 0.00000000099999999990 0.18092279463820862273 0.00000000099999999990 0.00000000099999999990 0.73766564452391070184 
0.00000000099999999968 0.00000000099999999968 0.00000000099999999968 0.00000000099999999968 0.00000000099999999968 0.00000000099999999968 0.00000000099999999968 0.00000000099999999968 0.99999999200000000421 
0.00000000099999999956 0.00000000099999999956 0.00000000099999999956 0.00000000099999999956 0.00000000099999999956 0.00000000099999999956 0.00000000099999999956 0.00000000099999999956 0.99999999199999989319 
0.12759053236995407388 0.20020186566904332737 0.00000000099999999995 0.00000000099999999995 0.10194561989637404564 0.00000000099999999995 0.43758819608469951001 0.00000000099999999995 0.13267378197992893418 
0.00000000099999999998 0.08802225027486790254 0.00525853688300862224 0.00000000099999999998 0.19416196196492807591 0.00000000099999999998 0.03287493308273942844 0.00000000099999999998 0.67968231379445587237 
0.00000000099999999984 0.00000000099999999984 0.00000000099999999984 0.00000000099999999984 0.00000000099999999984 0.00000000099999999984 0.00000000099999999984 0.00000000099999999984 0.99999999200000000421 
0.00000000099999999981 0.00000000099999999981 0.00000000099999999981 0.00000000099999999981 0.00000000099999999981 0.00000000099999999981 0.99999999199999989319 0.00000000099999999981 0.00000000099999999981 
0.00000000099999999988 0.00000000099999999988 0.00000000099999999988 0.18337911400979847731 0.00000000099999999988 0.00000000099999999988 0.00000000099999999988 0.06537324510262494670 0.75124763488757650975 
0.00000000099999999987 0.00000000099999999987 0.00000000099999999987 0.00000000099999999987 0.00000000099999999987 0.99999999200000000421 0.00000000099999999987 0.00000000099999999987 0.00000000099999999987 
0.00000000099999999988 0.00000000099999999988 0.00000000099999999988 0.00000000099999999988 0.00000000099999999988 0.00000000099999999988 0.00000000099999999988 0.00000000099999999988 0.99999999200000000421 
0.00000000099999999986 0.00000000099999999986 0.00000000099999999986 0.00000000099999999986 0.00000000099999999986 0.00000000099999999986 0.99999999199999989319 0.00000000099999999986 0.00000000099999999986 
0.00000000099999999975 0.00000000099999999975 0.00000000099999999975 0.00000000099999999975 0.00000000099999999975 0.00000000099999999975 0.99999999199999989319 0.00000000099999999975 0.00000000099999999975 
0.00000000099999999975 0.00000000099999999975 0.00000000099999999975 0.00000000099999999975 0.00000000099999999975 0.99999999200000000421 0.00000000099999999975 0.00000000099999999975 0.00000000099999999975 
0.00000000099999999989 0.00000000099999999989 0.00000000099999999989 0.00000000099999999989 0.00000000099999999989 0.75369795727402122409 0.00000000099999999989 0.24630203572597877959 0.00000000099999999989 
0.00000000099999999973 0.00000000099999999973 0.00000000099999999973 0.00000000099999999973 0.00000000099999999973 0.99999999200000011523 0.00000000099999999973 0.00000000099999999973 0.00000000099999999973 
0.00000000099999999972 0.00000000099999999972 0.00000000099999999972 0.00000000099999999972 0.00000000099999999972 0.99999999200000011523 0.00000000099999999972 0.00000000099999999972 0.00000000099999999972 
0.00000000099999999961 0.00000000099999999961 0.00000000099999999961 0.00000000099999999961 0.00000000099999999961 0.99999999200000000421 0.00000000099999999961 0.00000000099999999961 0.00000000099999999961 
0.99999999200000011523 0.00000000099999999975 0.00000000099999999975 0.00000000099999999975 0.00000000099999999975 0.00000000099999999975 0.00000000099999999975 0.00000000099999999975 0.00000000099999999975 
0.00000000099999999986 0.00000000099999999986 0.00000000099999999986 0.00000000099999999986 0.00000000099999999986 0.00000000099999999986 0.99999999200000000421 0.00000000099999999986 0.00000000099999999986 
0.00000000099999999993 0.00000000099999999993 0.00000000099999999993 0.14684071204784171494 0.00000000099999999993 0.85315928095215831650 0.00000000099999999993 0.00000000099999999993 0.00000000099999999993 
0.37552352281336470741 0.00000000099999999997 0.27081087438296258529 0.00000000099999999997 0.00000000099999999997 0.13935257516440371917 0.11088955034453416848 0.00000000099999999997 0.10342347329473494666 
0.99999999200000011523 0.00000000099999999976 0.00000000099999999976 0.00000000099999999976 0.00000000099999999976 0.00000000099999999976 0.00000000099999999976 0.00000000099999999976 0.00000000099999999976 
0.99999999200000011523 0.00000000099999999972 0.00000000099999999972 0.00000000099999999972 0.00000000099999999972 0.00000000099999999972 0.00000000099999999972 0.00000000099999999972 0.00000000099999999972 
0.99999999200000011523 0.00000000099999999979 0.00000000099999999979 0.00000000099999999979 0.00000000099999999979 0.00000000099999999979 0.00000000099999999979 0.00000000099999999979 0.00000000099999999979 
0.99999999200000011523 0.00000000099999999987 0.00000000099999999987 0.00000000099999999987 0.00000000099999999987 0.00000000099999999987 0.00000000099999999987 0.00000000099999999987 0.00000000099999999987 
0.17970211053057280615 0.00000000099999999992 0.00001303207293581720 0.00000000099999999992 0.00000000099999999992 0.00000000195653395017 0.82028485043995735815 0.00000000099999999992 0.00000000099999999992 
0.99999999200000011523 0.00000000099999999945 0.00000000099999999945 0.00000000099999999945 0.00000000099999999945 0.00000000099999999945 0.00000000099999999945 0.00000000099999999945 0.00000000099999999945 
0.99999999200000022626 0.00000000099999999985 0.00000000099999999985 0.00000000099999999985 0.00000000099999999985 0.00000000099999999985 0.00000000099999999985 0.00000000099999999985 0.00000000099999999985 
