0.22985742164531217102 0.00000000099999999987 0.00000000099999999987 0.00000000099999999987 0.00000000099999999987 0.00000000099999999987 0.00000000099999999987 0.00000000099999999987 0.77014257035468780543 0.00000000099999999987 
0.00000000099999999981 0.00000000099999999981 0.00000000099999999981 0.00000000099999999981 0.00000000099999999981 0.00000000099999999981 0.00000000099999999981 0.00000000099999999981 0.99999999099999992147 0.00000000099999999981 
0.00000000099999999984 0.00000000099999999984 0.00000000099999999984 0.00000000099999999984 0.00000000099999999984 0.00000000099999999984 0.00000000099999999984 0.00000000099999999984 0.99999999099999992147 0.00000000099999999984 
0.00000000099999999981 0.00000000099999999981 0.00000000099999999981 0.00000000099999999981 0.00000000099999999981 0.00000000099999999981 0.00000000099999999981 0.33014237390089079538 0.66985761809910915332 0.00000000099999999981 
0.00000000099999999989 0.00000000099999999989 0.00000000099999999989 0.00000000099999999989 0.00000000099999999989 0.00000000099999999989 0.00000000099999999989 0.00000000099999999989 0.99999999100000003249 0.00000000099999999989 
0.00000000099999999975 0.00000000099999999975 0.00000000099999999975 0.00000000099999999975 0.00000000099999999975 0.00000000099999999975 0.00000000099999999975 0.00000000099999999975 0.37924215858247528610 0.62075783341752477362 
0.00000000099999999987 0.00000000099999999987 0.00000000099999999987 0.00000000099999999987 0.00000000099999999987 0.00000000099999999987 0.00000000099999999987 0.00000000099999999987 0.99999999100000003249 0.00000000099999999987 
0.00000000099999999983 0.00000000099999999983 0.00000000099999999983 0.00000000099999999983 0.00000000099999999983 0.00000000099999999983 0.00000000099999999983 0.00000000099999999983 0.84177055782083687330 0.15822943417916324194 
0.00000000099999999908 0.00000000099999999908 0.00000000099999999908 0.00000000099999999908 0.00000000099999999908 0.00000000099999999908 0.00000000099999999908 0.00000000099999999908 0.00000000099999999908 0.99999999099999992147 
0.00000000099999999987 0.00000000099999999987 0.00000000099999999987 0.00000000099999999987 0.00000000099999999987 0.00000000099999999987 0.00000000099999999987 0.00000000099999999987 0.48978184986208844753 0.51021814213791150117 
0.00000000099999999967 0.00000000099999999967 0.00000000099999999967 0.00000000099999999967 0.00000000099999999967 0.00000000099999999967 0.00000000099999999967 0.00000000099999999967 0.00000000099999999967 0.99999999099999992147 
0.00000000099999999931 0.00000000099999999931 0.00000000099999999931 0.00000000099999999931 0.00000000099999999931 0.00000000099999999931 0.00000000099999999931 0.00000000099999999931 0.00000000099999999931 0.99999999099999992147 
0.00000000099999999996 0.00000000099999999996 0.00000000099999999996 0.00000000099999999996 0.00000000099999999996 0.25431775408671813965 0.00000000099999999996 0.00000000099999999996 0.00000000099999999996 0.74568223791328180905 
0.00000000099999999994 0.00000000099999999994 0.00000000099999999994 0.00000000099999999994 0.00000000099999999994 0.00000000099999999994 0.00000000099999999994 0.20716581476967099729 0.78156438813823214673 0.01126979009209682497 
0.05605821818143798957 0.60629596143132291619 0.00000000099999999995 0.00000000099999999995 0.00000000099999999995 0.00000000099999999995 0.00000000099999999995 0.00000000099999999995 0.24480008305260567147 0.09284573133463347450 
0.00000000099999999979 0.56249429554952767862 0.00000000099999999979 0.00000000099999999979 0.00000000099999999979 0.00000000099999999979 0.00000000099999999979 0.00000000099999999979 0.38660092791296402082 0.05090476953750844996 
0.00000000099999999993 0.56862041539834284887 0.00000000099999999993 0.00000000099999999993 0.00000000099999999993 0.00000000099999999993 0.00000000099999999993 0.00000000099999999993 0.43137957660165732188 0.00000000099999999993 
0.00000000099999999988 0.63003533168358594185 0.00000000099999999988 0.00000000099999999988 0.00000000099999999988 0.00000000099999999988 0.00000000099999999988 0.00000000099999999988 0.36996466031641411787 0.00000000099999999988 
0.00000000099999999984 0.58362561741841267882 0.00000000099999999984 0.00000000099999999984 0.00000000099999999984 0.00000000099999999984 0.00000000099999999984 0.00000000099999999984 0.41637437458158754744 0.00000000099999999984 
0.00000000099999999992 0.24311286211709987048 0.00000000099999999992 0.00000000099999999992 0.00000000099999999992 0.00000000099999999992 0.00000000099999999992 0.00000000099999999992 0.75688712988290018924 0.00000000099999999992 
0.00000000099999999985 0.66681902994702291210 0.00000000099999999985 0.00000000099999999985 0.00000000099999999985 0.00000000099999999985 0.00000000099999999985 0.00000000099999999985 0.33318096205297731416 0.00000000099999999985 
0.00000000099999999920 0.99999999100000025454 0.00000000099999999920 0.00000000099999999920 0.00000000099999999920 0.00000000099999999920 0.00000000099999999920 0.00000000099999999920 0.00000000099999999920 0.00000000099999999920 
0.00000000099999999990 0.59527031000435515207 0.00000000099999999990 0.00000000099999999990 0.00000000099999999990 0.00000000099999999990 0.00000000099999999990 0.00000000099999999990 0.00000000099999999990 0.40472968199564490765 
0.00000000099999999995 0.67974290939340387130 0.00000000099999999995 0.00000000099999999995 0.00000000099999999995 0.03072516100310797305 0.00000000099999999995 0.00000000099999999995 0.25188634112046409674 0.03764558248302436044 
0.00000000099999999964 0.99999999100000025454 0.00000000099999999964 0.00000000099999999964 0.00000000099999999964 0.00000000099999999964 0.00000000099999999964 0.00000000099999999964 0.00000000099999999964 0.00000000099999999964 
0.00000000099999999992 0.04199907825670549238 0.00000000099999999992 0.00000000099999999992 0.00000000099999999992 0.00000000099999999992 0.00000000099999999992 0.00000000099999999992 0.82516667514353980728 0.13283423959975459994 
0.00000000099999999997 0.10830643645575918632 0.00000000099999999997 0.08139165225162010853 0.00000000099999999997 0.00000000099999999997 0.00000000099999999997 0.00000000099999999997 0.62461723805135849208 0.18568466724126223011 
0.00000000099999999958 0.99999999100000025454 0.00000000099999999958 0.00000000099999999958 0.00000000099999999958 0.00000000099999999958 0.00000000099999999958 0.00000000099999999958 0.00000000099999999958 0.00000000099999999958 
0.00000000099999999996 0.63636063309384793829 0.00000000099999999996 0.00000000099999999996 0.00000000099999999996 0.13183819321953957338 0.01039473607009667143 0.00000000099999999996 0.22140643161651585302 0.00000000099999999996 
0.00000000099999999978 0.67145127800493054071 0.00000000099999999978 0.00000000099999999978 0.00000000099999999978 0.00000000099999999978 0.00000000099999999978 0.00000000099999999978 0.32854871399506963003 0.00000000099999999978 
0.00000000099999999962 0.99999999100000025454 0.00000000099999999962 0.00000000099999999962 0.00000000099999999962 0.00000000099999999962 0.00000000099999999962 0.00000000099999999962 0.00000000099999999962 0.00000000099999999962 
0.16427952812448204378 0.30116795585464140039 0.00000000099999999998 0.04006397238080152551 0.16928726673568142425 0.00000000099999999998 0.18847924745152763726 0.00000000099999999998 0.10986602316719494554 0.02685600328567099709 
0.00000000099999999982 0.66326892515905511161 0.00000000099999999982 0.00000000099999999982 0.00000000099999999982 0.00000000099999999982 0.00000000099999999982 0.00000000099999999982 0.33673106684094500363 0.00000000099999999982 
0.00000000099999999987 0.74683289351829895697 0.00000000099999999987 0.25269535343714760733 0.00000000099999999987 0.00000000099999999987 0.00000000099999999987 0.00000000099999999987 0.00047174604455353701 0.00000000099999999987 
0.00000000099999999985 0.55285119046335662318 0.00000000099999999985 0.00000000099999999985 0.00000000099999999985 0.00000000099999999985 0.00000000099999999985 0.00000000099999999985 0.35091233789787229513 0.09623646463877118251 
0.00000000099999999963 0.99999999100000014352 0.00000000099999999963 0.00000000099999999963 0.00000000099999999963 0.00000000099999999963 0.00000000099999999963 0.00000000099999999963 0.00000000099999999963 0.00000000099999999963 
0.00000000099999999991 0.00000000099999999991 0.00000000099999999991 0.00000000099999999991 0.00000000099999999991 0.00000000099999999991 0.00000000099999999991 0.00000000099999999991 0.99999999100000003249 0.00000000099999999991 
0.00000000099999999995 0.59181515448520849443 0.00000000099999999995 0.08806653627497176839 0.00000000099999999995 0.00000000099999999995 0.00000000099999999995 0.00000000099999999995 0.32011830223981979637 0.00000000099999999995 
0.00000000099999999987 0.00000000099999999987 0.00000000099999999987 0.18350729483219022087 0.00000000099999999987 0.10748926344315125336 0.00000000099999999987 0.70900343472465854333 0.00000000099999999987 0.00000000099999999987 
0.00000000099999999983 0.00000000099999999983 0.00000000099999999983 0.00000000099999999983 0.00000000099999999983 0.00000000099999999983 0.00000000099999999983 0.99999999100000003249 0.00000000099999999983 0.00000000099999999983 
0.00000000099999999975 0.00000000099999999975 0.00000000099999999975 0.00000000099999999975 0.00000000099999999975 0.00000000099999999975 0.00000000099999999975 0.99999999100000003249 0.00000000099999999975 0.00000000099999999975 
0.00000000099999999975 0.00000000099999999975 0.00000000099999999975 0.99999999100000003249 0.00000000099999999975 0.00000000099999999975 0.00000000099999999975 0.00000000099999999975 0.00000000099999999975 0.00000000099999999975 
0.00000000099999999982 0.00000000099999999982 0.00000000099999999982 0.99999999100000014352 0.00000000099999999982 0.00000000099999999982 0.00000000099999999982 0.00000000099999999982 0.00000000099999999982 0.00000000099999999982 
0.00000000099999999986 0.00000000099999999986 0.00000000099999999986 0.99999999100000014352 0.00000000099999999986 0.00000000099999999986 0.00000000099999999986 0.00000000099999999986 0.00000000099999999986 0.00000000099999999986 
0.00000000099999999967 0.00000000099999999967 0.00000000099999999967 0.99999999100000003249 0.00000000099999999967 0.00000000099999999967 0.00000000099999999967 0.00000000099999999967 0.00000000099999999967 0.00000000099999999967 
0.00000000099999999978 0.00000000099999999978 0.00000000099999999978 0.99999999100000014352 0.00000000099999999978 0.00000000099999999978 0.00000000099999999978 0.00000000099999999978 0.00000000099999999978 0.00000000099999999978 
0.00000000099999999988 0.00000000099999999988 0.00000000099999999988 0.65696907686859307152 0.00000000099999999988 0.00000000099999999988 0.00000000099999999988 0.34303091513140698821 0.00000000099999999988 0.00000000099999999988 
0.00000000099999999977 0.00000000099999999977 0.00000000099999999977 0.99999999100000014352 0.00000000099999999977 0.00000000099999999977 0.00000000099999999977 0.00000000099999999977 0.00000000099999999977 0.00000000099999999977 
0.00000000099999999973 0.00000000099999999973 0.00000000099999999973 0.99999999100000014352 0.00000000099999999973 0.00000000099999999973 0.00000000099999999973 0.00000000099999999973 0.00000000099999999973 0.00000000099999999973 
0.00000000099999999971 0.00000000099999999971 0.00000000099999999971 0.99999999100000003249 0.00000000099999999971 0.00000000099999999971 0.00000000099999999971 0.00000000099999999971 0.00000000099999999971 0.00000000099999999971 
0.00000000099999999985 0.00000000099999999985 0.00000000099999999985 0.99999999100000003249 0.00000000099999999985 0.00000000099999999985 0.00000000099999999985 0.00000000099999999985 0.00000000099999999985 0.00000000099999999985 
0.10307632694238383353 0.00000000099999999990 0.00000000099999999990 0.87507473929111856403 0.00000000099999999990 0.02184892676649773796 0.00000000099999999990 0.00000000099999999990 0.00000000099999999990 0.00000000099999999990 
0.00000000099999999972 0.00000000099999999972 0.99999999100000014352 0.00000000099999999972 0.00000000099999999972 0.00000000099999999972 0.00000000099999999972 0.00000000099999999972 0.00000000099999999972 0.00000000099999999972 
0.00000000099999999980 0.00000000099999999980 0.79771171435536114558 0.00000000099999999980 0.00000000099999999980 0.00000000099999999980 0.00000000099999999980 0.20228827764463883088 0.00000000099999999980 0.00000000099999999980 
0.00000000099999999984 0.00000000099999999984 0.75306578530959500384 0.00000000099999999984 0.00000000099999999984 0.24693420669040502813 0.00000000099999999984 0.00000000099999999984 0.00000000099999999984 0.00000000099999999984 
0.00000000099999999979 0.00000000099999999979 0.00000000099999999979 0.00000000099999999979 0.99999999100000003249 0.00000000099999999979 0.00000000099999999979 0.00000000099999999979 0.00000000099999999979 0.00000000099999999979 
0.00000000099999999983 0.00000000099999999983 0.99999999100000014352 0.00000000099999999983 0.00000000099999999983 0.00000000099999999983 0.00000000099999999983 0.00000000099999999983 0.00000000099999999983 0.00000000099999999983 
0.00000000099999999980 0.00000000099999999980 0.00000000099999999980 0.00000000099999999980 0.99999999100000003249 0.00000000099999999980 0.00000000099999999980 0.00000000099999999980 0.00000000099999999980 0.00000000099999999980 
0.00000000099999999979 0.00000000099999999979 0.99999999100000014352 0.00000000099999999979 0.00000000099999999979 0.00000000099999999979 0.00000000099999999979 0.00000000099999999979 0.00000000099999999979 0.00000000099999999979 
0.00000000099999999988 0.00000000099999999988 0.99999999100000014352 0.00000000099999999988 0.00000000099999999988 0.00000000099999999988 0.00000000099999999988 0.00000000099999999988 0.00000000099999999988 0.00000000099999999988 
0.00000000099999999946 0.00000000099999999946 0.99999999100000003249 0.00000000099999999946 0.00000000099999999946 0.00000000099999999946 0.00000000099999999946 0.00000000099999999946 0.00000000099999999946 0.00000000099999999946 
0.00000000099999999987 0.00000000099999999987 0.23923941433303064219 0.00000000099999999987 0.37213703898554661986 0.00000000099999999987 0.00000000099999999987 0.38862353968142282490 0.00000000099999999987 0.00000000099999999987 
0.00000000099999999997 0.00000000099999999997 0.19335765191750403647 0.19176758792594830738 0.27031000074317074189 0.00000000099999999997 0.00000000099999999997 0.02023487522725066906 0.26672823621138253003 0.05760164397474371034 
0.00000000099999999992 0.00000000099999999992 0.35775289744341298714 0.00000000099999999992 0.50431800393060843835 0.00000000099999999992 0.00000000099999999992 0.00000000099999999992 0.13792909162597860595 0.00000000099999999992 
0.56804525373636483021 0.00000000099999999995 0.17944616441154928599 0.00000000099999999995 0.00349125251291895582 0.00000000099999999995 0.00000000198535316560 0.00000000099999999995 0.24901732235381363045 0.00000000099999999995 
0.00000000099999999974 0.00000000099999999974 0.99999999100000014352 0.00000000099999999974 0.00000000099999999974 0.00000000099999999974 0.00000000099999999974 0.00000000099999999974 0.00000000099999999974 0.00000000099999999974 
0.00000000099999999930 0.00000000099999999930 0.00000000099999999930 0.00000000099999999930 0.00000000099999999930 0.00000000099999999930 0.99999999100000003249 0.00000000099999999930 0.00000000099999999930 0.00000000099999999930 
0.00000000099999999977 0.00000000099999999977 0.00000000099999999977 0.00000000099999999977 0.00000000099999999977 0.00000000099999999977 0.00000000099999999977 0.99999999099999992147 0.00000000099999999977 0.00000000099999999977 
0.00000000099999999979 0.00000000099999999979 0.00000000099999999979 0.00000000099999999979 0.99999999100000003249 0.00000000099999999979 0.00000000099999999979 0.00000000099999999979 0.00000000099999999979 0.00000000099999999979 
0.00000000099999999969 0.00000000099999999969 0.00000000099999999969 0.00000000099999999969 0.99999999100000003249 0.00000000099999999969 0.00000000099999999969 0.00000000099999999969 0.00000000099999999969 0.00000000099999999969 
0.00000000099999999984 0.00000000099999999984 0.00000000099999999984 0.00000000099999999984 0.29725237998961989705 0.12172111021510081952 0.58102650279527934263 0.00000000099999999984 0.00000000099999999984 0.00000000099999999984 
0.00000000099999999986 0.00000000099999999986 0.00000000099999999986 0.00000000099999999986 0.00000000099999999986 0.00000000099999999986 0.69720671313991666729 0.30279327886008333692 0.00000000099999999986 0.00000000099999999986 
0.00000000099999999964 0.00000000099999999964 0.00000000099999999964 0.00000000099999999964 0.00000000099999999964 0.00000000099999999964 0.99999999100000003249 0.00000000099999999964 0.00000000099999999964 0.00000000099999999964 
0.00000000099999999950 0.00000000099999999950 0.00000000099999999950 0.00000000099999999950 0.00000000099999999950 0.00000000099999999950 0.99999999099999992147 0.00000000099999999950 0.00000000099999999950 0.00000000099999999950 
0.00000000099999999992 0.00000000099999999992 0.00000000099999999992 0.00000000099999999992 0.55684200873819078570 0.00000000099999999992 0.08787977670164376365 0.35527820756016537107 0.00000000099999999992 0.00000000099999999992 
0.00000000099999999994 0.00000000099999999994 0.00000000099999999994 0.00000000099999999994 0.39336415957903292373 0.00000000099999999994 0.60663583242096696946 0.00000000099999999994 0.00000000099999999994 0.00000000099999999994 
0.00000000099999999981 0.00000000099999999981 0.00000000099999999981 0.00000000099999999981 0.00000000099999999981 0.00000000099999999981 0.99999999099999992147 0.00000000099999999981 0.00000000099999999981 0.00000000099999999981 
0.00000000099999999985 0.00000000099999999985 0.00000000099999999985 0.00000000099999999985 0.68197725353814131477 0.31802273846185868944 0.00000000099999999985 0.00000000099999999985 0.00000000099999999985 0.00000000099999999985 
0.00000000099999999986 0.18834607223125288122 0.00000000099999999986 0.00000000099999999986 0.00000000099999999986 0.00000000099999999986 0.75303564425192082155 0.00000000099999999986 0.00000000099999999986 0.05861827651682641194 
0.00000000099999999985 0.00000000099999999985 0.00000000099999999985 0.00000000099999999985 0.00000000099999999985 0.99999999100000014352 0.00000000099999999985 0.00000000099999999985 0.00000000099999999985 0.00000000099999999985 
0.00000000099999999987 0.00000000099999999987 0.00000000099999999987 0.00000000099999999987 0.00000000099999999987 0.00000000099999999987 0.99999999100000003249 0.00000000099999999987 0.00000000099999999987 0.00000000099999999987 
0.00000000099999999991 0.00000000099999999991 0.00000000099999999991 0.00000000099999999991 0.74021088346204511055 0.25978910853795489366 0.00000000099999999991 0.00000000099999999991 0.00000000099999999991 0.00000000099999999991 
0.00000000099999999979 0.00000000099999999979 0.00000000099999999979 0.00000000099999999979 0.99999999100000003249 0.00000000099999999979 0.00000000099999999979 0.00000000099999999979 0.00000000099999999979 0.00000000099999999979 
0.00000000099999999973 0.00000000099999999973 0.00000000099999999973 0.00000000099999999973 0.00000000099999999973 0.99999999100000003249 0.00000000099999999973 0.00000000099999999973 0.00000000099999999973 0.00000000099999999973 
0.00000000099999999988 0.00000000099999999988 0.00000000099999999988 0.00000000099999999988 0.00000000099999999988 0.76231938059795534279 0.00000000099999999988 0.00000000099999999988 0.00000000099999999988 0.23768061140204485571 
0.00000000099999999971 0.00000000099999999971 0.00000000099999999971 0.00000000099999999971 0.00000000099999999971 0.99999999100000003249 0.00000000099999999971 0.00000000099999999971 0.00000000099999999971 0.00000000099999999971 
0.00000000099999999970 0.00000000099999999970 0.00000000099999999970 0.00000000099999999970 0.00000000099999999970 0.99999999100000014352 0.00000000099999999970 0.00000000099999999970 0.00000000099999999970 0.00000000099999999970 
0.00000000099999999955 0.00000000099999999955 0.00000000099999999955 0.00000000099999999955 0.00000000099999999955 0.99999999100000014352 0.00000000099999999955 0.00000000099999999955 0.00000000099999999955 0.00000000099999999955 
0.99999999100000025454 0.00000000099999999972 0.00000000099999999972 0.00000000099999999972 0.00000000099999999972 0.00000000099999999972 0.00000000099999999972 0.00000000099999999972 0.00000000099999999972 0.00000000099999999972 
0.00000000099999999972 0.00000000099999999972 0.00000000099999999972 0.00000000099999999972 0.00000000099999999972 0.00000000099999999972 0.00000000099999999972 0.99999999099999992147 0.00000000099999999972 0.00000000099999999972 
0.00000000099999999992 0.14054621300438441267 0.00000000099999999992 0.00000000099999999992 0.00000000099999999992 0.85945377899561570256 0.00000000099999999992 0.00000000099999999992 0.00000000099999999992 0.00000000099999999992 
0.35946547778849263777 0.00000000099999999996 0.04546988685385498774 0.27884550696217702548 0.00000000099999999996 0.10112132523413444596 0.10168817829206353021 0.11340962086927754149 0.00000000099999999996 0.00000000099999999996 
0.99999999100000025454 0.00000000099999999973 0.00000000099999999973 0.00000000099999999973 0.00000000099999999973 0.00000000099999999973 0.00000000099999999973 0.00000000099999999973 0.00000000099999999973 0.00000000099999999973 
0.99999999100000025454 0.00000000099999999969 0.00000000099999999969 0.00000000099999999969 0.00000000099999999969 0.00000000099999999969 0.00000000099999999969 0.00000000099999999969 0.00000000099999999969 0.00000000099999999969 
0.99999999100000014352 0.00000000099999999977 0.00000000099999999977 0.00000000099999999977 0.00000000099999999977 0.00000000099999999977 0.00000000099999999977 0.00000000099999999977 0.00000000099999999977 0.00000000099999999977 
0.99999999100000014352 0.00000000099999999986 0.00000000099999999986 0.00000000099999999986 0.00000000099999999986 0.00000000099999999986 0.00000000099999999986 0.00000000099999999986 0.00000000099999999986 0.00000000099999999986 
0.00000000099999999972 0.00000000099999999972 0.00000000099999999972 0.00000000099999999972 0.00000000099999999972 0.00000000099999999972 0.00000000099999999972 0.99999999099999992147 0.00000000099999999972 0.00000000099999999972 
0.99999999100000014352 0.00000000099999999939 0.00000000099999999939 0.00000000099999999939 0.00000000099999999939 0.00000000099999999939 0.00000000099999999939 0.00000000099999999939 0.00000000099999999939 0.00000000099999999939 
0.99999999100000014352 0.00000000099999999983 0.00000000099999999983 0.00000000099999999983 0.00000000099999999983 0.00000000099999999983 0.00000000099999999983 0.00000000099999999983 0.00000000099999999983 0.00000000099999999983 
