0.69520001530477815166 0.08353492368771348042 0.00000000099999999999 0.22126506000750850722 
0.73232700128311167820 0.04285951528111751896 0.00000000099999999999 0.22481348243577098378 
0.74651868977972890562 0.03431630396057686050 0.10040389889198106377 0.11876110736771318399 
0.83087401060916721285 0.07383128977339212251 0.04171919896796162652 0.05357550064947900342 
0.77115491263984270454 0.02772558041459806735 0.01919347998971472971 0.18192602695584453310 
0.72177059484743943951 0.00000000099999999999 0.00000000099999999999 0.27822940315256050603 
0.68950259621515586073 0.13557252212678513881 0.06841909029530876540 0.10650579136275033221 
0.76552467215062347528 0.07432022899864558496 0.00000000099999999999 0.16015509785073089866 
0.68412299789799846383 0.06239042401391712428 0.02326107545507804381 0.23022550263300631257 
0.84602363193114038520 0.02020233914868965752 0.00000000100000000000 0.13377402792017006883 
0.87540907894828778879 0.07348279419346125108 0.05105864320504877735 0.00004948365320211220 
0.79544403991179424285 0.07326380704837447133 0.00000000100000000000 0.13129215203983127247 
0.87123213351609907207 0.00000000099999999999 0.00000000099999999999 0.12876786448390095674 
0.52005411339373064372 0.28699777998481534880 0.04499550731266978992 0.14795259930878432164 
0.69017736647486527257 0.06599787571691986821 0.05126124513348817580 0.19256351267472654465 
0.62650558954228885433 0.02755536590869093680 0.14954543429533634358 0.19639361025368387570 
0.71987175742164077885 0.21388446259438143038 0.00000000100000000000 0.06624377898397779130 
0.77016478619764816571 0.08784894277584112676 0.09434969152156212624 0.04763657950494853965 
0.60279525647994491866 0.17834062377774784203 0.00000123540303654607 0.21886288433927073016 
0.67944757606677586015 0.02901030713575371289 0.11953035103041918796 0.17201176576705123900 
0.64918651100469726423 0.00006204745112366032 0.00000000100000000000 0.35075144054417928263 
0.81562562815400729832 0.00000000099999999999 0.00000000099999999999 0.18437436984599267498 
0.63776087629397804069 0.16415372650660811638 0.00000000099999999998 0.19808539619941376020 
0.87723398851493517014 0.07910871953141476731 0.00000000100000000000 0.04365729095365008389 
0.74213751455468568441 0.07257013710494795988 0.00000000099999999999 0.18529234734036645338 
0.63664550471519221198 0.21470668138077425580 0.02562580426723724131 0.12302200963679627010 
0.85693689855549159962 0.14306309944450842919 0.00000000100000000000 0.00000000100000000000 
0.66633352518256638852 0.01131139840619976855 0.15764016006303194217 0.16471491634820187300 
0.61624301722264074321 0.09395493835197279986 0.13832778200671810853 0.15147426241866826513 
0.76655178013346492172 0.00000000100000000000 0.08297609849619022593 0.15047212037034482512 
0.59917294622339833943 0.00000078404684808203 0.37849605090720356282 0.02233021882254992985 
0.73268693932347239706 0.08227788647341503780 0.07707531279532328639 0.10795986140778940365 
0.74752675503947441094 0.05974838318837351336 0.00000000100000000000 0.19272486077215197908 
0.62960215847691181068 0.13416915273685725563 0.23622868778623082320 0.00000000100000000000 
0.81793903703686465789 0.11305091266974527653 0.00000000100000000000 0.06901004929338995508 
0.72710145612994370179 0.18816161064251918367 0.00000000100000000000 0.08473693222753721221 
0.73408681294829070119 0.13070102122181326276 0.00000000099999999999 0.13521216482989603658 
0.84521632685710201827 0.09076303864112907072 0.06402063350176884216 0.00000000099999999999 
0.70794438793897762618 0.09345370811204119221 0.19484314274622874241 0.00375876120275237847 
0.65510139848638460069 0.16227095963032095449 0.14609609768854028844 0.03653154419475427434 
0.69934224188508786746 0.05674980400396710534 0.00000000099999999999 0.24390795311094518039 
0.84562900874608781798 0.00000002353434567420 0.00000000100000000000 0.15437096671956662686 
0.73196654348862777439 0.15061324365212447329 0.01907783857484176074 0.09834237428440602280 
0.73548569097185145793 0.02770683594804766031 0.23680747208010091698 0.00000000100000000000 
0.00000000099999999989 0.00000000099999999989 0.99999999699999997382 0.00000000099999999989 
0.85543248456284015635 0.14449051552742261939 0.00007657045687843693 0.00000042945285885330 
0.00000000099999999989 0.00000000099999999989 0.99999999699999986280 0.00000000099999999989 
0.00000000099999999990 0.00000000099999999990 0.99999999699999986280 0.00000000099999999990 
0.37798816743297941612 0.05017622844610288013 0.57183560312091763489 0.00000000100000000000 
0.00000000099999999989 0.00000000099999999989 0.99999999699999986280 0.00000000099999999989 
0.68670020613705262669 0.01842418415288280681 0.28737558927600237446 0.00750002043406223368 
0.72442252732945933147 0.12835625769716504929 0.10676968057687605262 0.04045153439649940702 
0.93717765417948906137 0.00000000099999999999 0.06282234382051095356 0.00000000099999999999 
0.60512107609337306702 0.02191822002191346624 0.37296070288471350196 0.00000000099999999999 
0.52283814438925568790 0.07457720742453036178 0.40258464718621395084 0.00000000100000000000 
0.04226433424698236574 0.00397326774567516826 0.70582685392763166998 0.24793554407971085674 
0.30865544398743088861 0.00000000099999999996 0.69134455401256900142 0.00000000099999999996 
0.99964601905392713732 0.00000000099999999998 0.00035397894607301671 0.00000000099999999998 
0.99999999699999997382 0.00000000099999999997 0.00000000099999999997 0.00000000099999999997 
0.99208782803667716621 0.00000000099999999998 0.00791216996332282964 0.00000000099999999998 
0.59215457726319919995 0.01180842528579289022 0.39603699645100787219 0.00000000099999999999 
0.58351699249360655664 0.00000000099999999998 0.41648300550639344442 0.00000000099999999998 
0.99999999699999997382 0.00000000099999999993 0.00000000099999999993 0.00000000099999999993 
0.99999999699999997382 0.00000000099999999993 0.00000000099999999993 0.00000000099999999993 
0.99999999699999997382 0.00000000099999999992 0.00000000099999999992 0.00000000099999999992 
0.99999999699999997382 0.00000000099999999993 0.00000000099999999993 0.00000000099999999993 
0.99999999700000008485 0.00000000099999999991 0.00000000099999999991 0.00000000099999999991 
0.68443485213343391305 0.08370637748088337327 0.23185876938568258931 0.00000000099999999999 
0.99140639422927490099 0.00000000099999999997 0.00859360377072521282 0.00000000099999999997 
0.98998658080268031600 0.00000000099999999999 0.01001341719731978740 0.00000000099999999999 
0.99999999699999997382 0.00000000099999999997 0.00000000099999999997 0.00000000099999999997 
0.99999999699999997382 0.00000000099999999994 0.00000000099999999994 0.00000000099999999994 
0.93649536727894333588 0.06350463072105655415 0.00000000099999999999 0.00000000099999999999 
0.70423785217122680802 0.00000000099999999998 0.29576214582877313752 0.00000000099999999998 
0.78928817334553591500 0.00000000099999999998 0.21071182465446414156 0.00000000099999999998 
0.78262759152293825959 0.00000000099999999998 0.21737240647706163044 0.00000000099999999998 
0.70855070190567170929 0.00000000099999999996 0.29144929609432818074 0.00000000099999999996 
0.75814508707212879823 0.04782656252280773762 0.19402834940506347161 0.00000000099999999999 
0.10327310456105748271 0.67283898723908930339 0.00000000100000000000 0.22388790719985324218 
0.06098095321336344937 0.27109039692183056758 0.00000000100000000000 0.66792864886480596276 
0.00265890487975418630 0.30780621180398431980 0.00000000100000000000 0.68953488231626136606 
0.57238033428889800724 0.00000000099999999999 0.42761966371110193830 0.00000000099999999999 
0.67676122428779594831 0.00000000099999999998 0.32323877371220405275 0.00000000099999999998 
0.00008276502705629516 0.00000000100000000000 0.00497515428087118902 0.99494207969207248965 
0.00000000099999999999 0.00000000099999999999 0.05558422674133345343 0.94441577125866660314 
0.10679114369219117053 0.00000000100000000000 0.16826966479267460586 0.72493919051513422414 
0.05769721961564736046 0.15087166104984345294 0.02466888975309497120 0.76676222958141415642 
0.00000000099999999998 0.01838612819349132177 0.00000000099999999998 0.98161386980650866541 
0.02649959102215177290 0.12757439204947659817 0.00000000100000000000 0.84592601592837168845 
0.03560167704414838458 0.00000000099999999999 0.00000000099999999999 0.96439832095585165117 
0.02264540856799215213 0.00000000099999999999 0.00000000099999999999 0.97735458943200792525 
0.02643913523250397343 0.12271784409891854650 0.09841885809242444105 0.75242416257615307718 
0.18472483760807195674 0.09240557012255290470 0.00000000100000000000 0.72286959126937522235 
0.18581419171782828648 0.03519569925992628578 0.00052567686102949845 0.77846443216121596897 
0.00000000099999999998 0.00000000099999999998 0.00000000099999999998 0.99999999699999997382 
0.00000000099999999999 0.00474740091433386267 0.00000000099999999999 0.99525259708566615746 
0.00000000099999999999 0.06251144453420713620 0.00000000099999999999 0.93748855346579285097 
0.02580263159160425118 0.00002598132221670791 0.00102495775947836210 0.97314642932670070152 
0.00000000099999999998 0.00000000099999999998 0.00000000099999999998 0.99999999699999997382 
0.09791946630422281028 0.05594653489962638643 0.00000000099999999999 0.84613399779615072749 
0.10116748924377019780 0.09260751516966078678 0.00000026537157575963 0.80622473021499319046 
0.05756374447470778699 0.19541840661193349282 0.15275894185081026477 0.59425890706254846929 
0.05875139799209880276 0.24264701876926156321 0.18189036801657124109 0.51671121522206842069 
0.05142711362558868154 0.15425307844114935496 0.00000000100000000000 0.79431980693326198484 
0.00000000100000000000 0.07238691590176386803 0.16996934334296645575 0.75764373975526966287 
0.00000000100000000000 0.08942733769979578640 0.17424415490430927855 0.73632850639589497721 
0.00000000099999999997 0.00000000099999999997 0.00000000099999999997 0.99999999700000008485 
0.00000000099999999996 0.00000000099999999996 0.00000000099999999996 0.99999999699999997382 
0.06284344296500504745 0.03134019418245959088 0.18062200082843718474 0.72519436202409826020 
0.00000000099999999997 0.00000000099999999997 0.00000000099999999997 0.99999999699999997382 
0.00000000100000000000 0.03191828322069637652 0.17521858900144407500 0.79286312677785963920 
0.00000000099999999995 0.00000000099999999995 0.00000000099999999995 0.99999999699999997382 
0.70379289142709589022 0.18676945979269035658 0.04468107636306516139 0.06475657241714853629 
0.19781176941349951082 0.18435691442188142930 0.07015093639448927165 0.54768037977012984374 
0.00000000100000000000 0.18823413713596923169 0.08021686081893543430 0.73154900104509545944 
0.08857013807158178875 0.00000000278088649913 0.13230533791630760820 0.77912452123122422076 
0.00782047113230494376 0.10176012831357326982 0.17858776911601675907 0.71183163143810501694 
0.08495642714750832603 0.05256091017538468829 0.03313375415618047964 0.82934890852092646440 
0.04768542349703042138 0.09832125469904606785 0.00000000100000000000 0.85399332080392353905 
0.01900382251470204495 0.04338689070305613849 0.00000000100000000000 0.93760928578224178587 
0.14249652336559637256 0.07098458236288615608 0.00000000100000000000 0.78651889327151747189 
0.04769347427673131107 0.10258596785962405262 0.00000000100000000000 0.84972055686364456051 
0.56447947044296120644 0.00007863495922207493 0.43521753123659479012 0.00022436336122194316 
0.66223477896860993841 0.07833916605789810472 0.25942056387136785967 0.00000549110212416093 
0.00000000436287046872 0.11160029725560631497 0.14319952813653233359 0.74520017024499085601 
0.91245557799588583592 0.00000000099999999997 0.08754442000411426228 0.00000000099999999997 
0.00000000099999999999 0.17272203542078909400 0.00000000099999999999 0.82727796257921082379 
0.00000000099999999999 0.21200076907711445928 0.00000000099999999999 0.78799922892288554177 
0.00000000099999999999 0.00000000099999999999 0.00000139287703103099 0.99999860512296889770 
0.11217583023772546846 0.21544428061993456391 0.11288171404539672216 0.55949817509694332873 
0.00000000099999999999 0.08900986999239413056 0.09291955599394642606 0.81807057301365937452 
0.00000000099999999998 0.11362371680567565080 0.00000000099999999998 0.88637628119432443352 
0.00000000099999999996 0.00000000099999999996 0.14268190528700649966 0.85731809271299341813 
0.00000000099999999996 0.00000000099999999996 0.16608433848638026742 0.83391565951361978914 
0.00000000099999999997 0.00000000099999999997 0.13863867441646229861 0.86136132358353756366 
0.00000000100000000000 0.12747499328965106180 0.05992116599419487072 0.81260383971615401943 
0.00000000099999999998 0.12317364645503607601 0.00000000099999999998 0.87682635154496391117 
0.05850853846790046026 0.12617280176060249874 0.00000000100000000000 0.81531865877149700683 
0.00000000099999999999 0.16491778618041710858 0.00505082037525632788 0.83003139244432666555 
0.00000000099999999999 0.00000000598830010791 0.00000000099999999999 0.99999999201169986751 
0.00000000099999999999 0.00000000099999999999 0.00195038774319397710 0.99804961025680616338 
0.12739603665919135844 0.07644086755493097185 0.17135472167580001468 0.62480837411007761339 
0.00000000099999999999 0.00000000685785679210 0.28183009647792589547 0.71816989566421718383 
0.00000000099999999999 0.14601206706700947668 0.00000000099999999999 0.85398793093299052437 
0.05930571626291869514 0.22972021935712355623 0.05236154356645764119 0.65861252081350019072 
0.00000000099999999999 0.25378745701714178207 0.08258535550032172767 0.66362718648253649079 
0.00000000099999999996 0.00000000099999999996 0.99999999699999986280 0.00000000099999999996 
0.00000000099999999996 0.00000000099999999996 0.99999999699999997382 0.00000000099999999996 
0.00000000099999999996 0.00000000099999999996 0.99999999699999986280 0.00000000099999999996 
0.00000000100000000000 0.04905270180614718784 0.11538583438550660543 0.83556146280834620033 
0.00000000099999999999 0.05376775940570684142 0.18002773755001172384 0.76620450204428136587 
0.00000000099999999998 0.14718659077092505205 0.11773811551811325105 0.73507529271096172518 
0.00000000100000000000 0.13981572477807885369 0.17367096890486011240 0.68651330531706111771 
0.00000000099999999999 0.19444853752817495285 0.21997859068731026588 0.58557287078451480955 
0.10297707269887501624 0.14219856360384158789 0.16647429119653964213 0.58835007250074389251 
0.00000000099999999999 0.21099369209372612066 0.01355268641675301013 0.77545362048952093392 
0.00000000100000000000 0.26416325740801527289 0.24237107101986044011 0.49346567057212437080 
0.01373538495058059666 0.10126714747071725864 0.16480423841197547330 0.72019322916672667834 
0.02658403295159719737 0.21057302824652621154 0.19495476363161465261 0.56788817517026202175 
0.00000000100000000000 0.17298604397746866757 0.34138071187714841281 0.48563324314538286464 
0.00000000099999999999 0.14000721490671602654 0.03507467977834523992 0.82491810431493861611 
0.11295604016848692641 0.17543302567828994443 0.02951404313545652816 0.68209689101776671549 
0.17327282882335776071 0.14575968605604966433 0.07521053994567382384 0.60575694517491873725 
0.10369368238490232759 0.10107363949937085701 0.00000000100000000000 0.79523267711572687144 
0.20738886077929216678 0.12383527381671716183 0.00000000099999999999 0.66877586440399072742 
0.00000000100000000000 0.12425368065158874653 0.08130016044699871214 0.79444615790141248635 
0.03796484000137410192 0.00000000100000000000 0.12174641330428852271 0.84028874569433731345 
0.00000000100000000000 0.08301192231752328732 0.16191162439379663818 0.75507645228868003340 
0.00000000099999999999 0.13702067379155077886 0.08148826146446024044 0.78149106374398891184 
0.02729754084901046818 0.09880389572122257047 0.06913779441553830063 0.80476076901422877174 
0.00000000099999999998 0.98331339943230233747 0.00000000099999999998 0.01668659856769761848 
0.00000000099999999999 0.78804088046582565497 0.15253909473483842629 0.05942002379933594702 
0.00000000099999999999 0.96653223120592401951 0.03346774706380652858 0.00000002073026948960 
0.00000000099999999999 0.99998687194505464504 0.00000017274167987383 0.00001295431326542257 
0.00394657088426604834 0.58586374352350634176 0.41018946774157138968 0.00000021785065627734 
0.00000000100000000000 0.75294535394643391513 0.00012834156845120106 0.24692630348511496186 
0.73730929598998740104 0.04268609509175395195 0.08959750681128129945 0.13040710210697731286 
0.09562691631978326168 0.85394906300172501723 0.05042401967849178407 0.00000000100000000000 
0.07044310048915333744 0.64349213261544613296 0.00009727034025135168 0.28596749655514930311 
0.01679289372384719023 0.82992753591934886881 0.00000000100000000000 0.15327956935680392414 
0.08154643980541798065 0.13916841614371305846 0.07247374732007633158 0.70681139673079262931 
0.00000000099999999998 0.99999999700000008485 0.00000000099999999998 0.00000000099999999998 
0.12581390260808739123 0.69854333113419386780 0.00000000100000000000 0.17564276525771876925 
0.00000000099999999999 0.99999999700000008485 0.00000000099999999999 0.00000000099999999999 
0.00000000099999999999 0.82022475358328816863 0.00000000099999999999 0.17977524441671183242 
0.00000000099999999998 0.99999999699999997382 0.00000000099999999998 0.00000000099999999998 
0.00000000099999999999 0.99999999699999997382 0.00000000099999999999 0.00000000099999999999 
0.00000000099999999999 0.71428437094654873007 0.06515271520861126708 0.22056291284483989235 
0.00000000100000000000 0.68056289234909106423 0.13801677970102857462 0.18142032694988030617 
0.00000000100000000000 0.99999998684985402786 0.00000000100000000000 0.00000001115014605846 
0.00000000099999999995 0.99999999700000008485 0.00000000099999999995 0.00000000099999999995 
0.00000000099999999994 0.99999999700000008485 0.00000000099999999994 0.00000000099999999994 
0.00000000099999999993 0.99999999700000008485 0.00000000099999999993 0.00000000099999999993 
0.00000000099999999999 0.98701947465591854947 0.01298052334408136138 0.00000000099999999999 
0.00000000100000000000 0.99979897148833429821 0.00005889995339326621 0.00014212755827240720 
0.00000000099999999999 0.91774964614968623788 0.08225035185031383256 0.00000000099999999999 
0.00000002306868047638 0.96389613198642032366 0.03506052840643602425 0.00104331653846308041 
0.08008597400375046249 0.82505277367917762010 0.00000000099999999999 0.09486125131707195957 
0.02339043040257234377 0.78990829380207983057 0.02057624761655926435 0.16612502817878846417 
0.54951139794941650241 0.35228855098880790253 0.08215904944513446884 0.01604100161664125807 
0.86388078769655707312 0.06988454602132374016 0.00003938639362711280 0.06619527988849199795 
0.00000000099999999996 0.99999999700000008485 0.00000000099999999996 0.00000000099999999996 
0.00000000099999999999 0.94645921663984911021 0.00000000099999999999 0.05354078136015089084 
0.18658843797160731826 0.79949855873702257991 0.01391300229136994797 0.00000000100000000000 
0.00000000099999999998 0.99999999700000008485 0.00000000099999999998 0.00000000099999999998 
0.00000000099999999998 0.99999999699999997382 0.00000000099999999998 0.00000000099999999998 
0.10461025236787376003 0.86996358459416478492 0.02542616203796128904 0.00000000100000000000 
0.00000000099999999998 0.93921161210907033734 0.06078838589092979555 0.00000000099999999998 
0.00000000099999999998 0.99999999700000008485 0.00000000099999999998 0.00000000099999999998 
0.00000000099999999999 0.99999999699999997382 0.00000000099999999999 0.00000000099999999999 
0.53307300057037276808 0.27003500230406346505 0.04973848864235031614 0.14715350848321337440 
0.00000000099999999999 0.99381229991055175521 0.00618769808944820594 0.00000000099999999999 
0.16112302455503318965 0.81868022960826236645 0.02019674483670440279 0.00000000100000000000 
0.00000000099999999999 0.99999999699999997382 0.00000000099999999999 0.00000000099999999999 
0.35502773290641459480 0.29139925434159852369 0.00000000100000000000 0.35357301175198696530 
0.03922184081438164632 0.96059883072750618105 0.00000000100000000000 0.00017932745811215711 
0.91936878431542756740 0.06955242092294044998 0.01107879376163193458 0.00000000100000000000 
0.12072908520687697376 0.85068829621688468734 0.00000000100000000000 0.02858261757623832902 
0.00000000099999999999 0.99999999699999997382 0.00000000099999999999 0.00000000099999999999 
0.00000000099999999994 0.99999999699999997382 0.00000000099999999994 0.00000000099999999994 
0.00000000099999999996 0.99999999699999997382 0.00000000099999999996 0.00000000099999999996 
0.00000000099999999999 0.99999999699999997382 0.00000000099999999999 0.00000000099999999999 
0.00000000099999999999 0.96896404910717193193 0.03103594889282802402 0.00000000099999999999 
0.00000000099999999999 0.99999999699999997382 0.00000000099999999999 0.00000000099999999999 
0.00000000099999999999 0.99999999699999997382 0.00000000099999999999 0.00000000099999999999 
0.00000000099999999998 0.99999999699999997382 0.00000000099999999998 0.00000000099999999998 
0.00000000099999999998 0.99999999700000008485 0.00000000099999999998 0.00000000099999999998 
0.00000000099999999998 0.99999999699999997382 0.00000000099999999998 0.00000000099999999998 
0.00000000099999999996 0.99999999700000008485 0.00000000099999999996 0.00000000099999999996 
0.61225136002784941169 0.07696528758868548259 0.00115155401867955134 0.30963179836478560425 
0.45424825873126511988 0.00000000514645081532 0.00000000100000000000 0.54575173512228403183 
0.00581875917753717307 0.00000000100000000000 0.06328544765705837460 0.93089579216540441209 
0.00000000099999999999 0.99999999699999997382 0.00000000099999999999 0.00000000099999999999 
0.00000000099999999998 0.99999999699999997382 0.00000000099999999998 0.00000000099999999998 
0.00041121225119305734 0.47985414273005722041 0.00091098098827597292 0.51882366403047375236 
0.00000000100000000000 0.10632834623132594865 0.40875442195691313874 0.48491723081176096866 
0.00000000100000000000 0.41403905098909610238 0.36740508968073154472 0.21855585833017240893 
0.07848869979881376024 0.06267133903442569098 0.32425279968380427142 0.53458716148295626347 
0.00000000099999999996 0.99999999700000008485 0.00000000099999999996 0.00000000099999999996 
0.12383472637626104229 0.02989301142894090768 0.57954660659690571123 0.26672565559789224165 
0.00000000100000000000 0.10345057794654312355 0.00000000100000000000 0.89654942005345683587 
0.00000000100000000000 0.13212184553855807478 0.00895735363543675479 0.85892079982600522126 
0.00000000100000000000 0.07732458969378964986 0.00792426268253144245 0.91475114662367884577 
0.00000003975828505231 0.00000000100000000000 0.19482961561878503476 0.80517034362292994043 
0.00000000100000000000 0.00000000100000000000 0.08137040209758912568 0.91862959590241088925 
0.05198904195954132113 0.00000633823336537895 0.05077837289343326704 0.89722624691365993055 
0.24661504020424365735 0.09035999070735493965 0.00000000100000000000 0.66302496808840138964 
0.28125736078132929086 0.00060879504127420007 0.06075535413020827225 0.65737849004718829082 
0.02666792313509954576 0.19606095763339154159 0.09241715735472340321 0.68485396187678548863 
0.00000000100000000000 0.00007244504237113571 0.04558547240433168113 0.95434208155329725010 
0.09916980678448017450 0.08443796313566968859 0.00608788166218061748 0.81030434841766951770 
0.00000000099999999999 0.06366657040086512453 0.12846391386138908408 0.80786951473774593069 
0.01044401701430845188 0.54804150444745591830 0.28600529523986667479 0.15550918329836910248 
0.12648475037294168444 0.22858355460897447631 0.25412791248772453878 0.39080378253035941150 
0.00000000099999999999 0.12720746855641995587 0.00881797073780749702 0.86397455970577252682 
0.00000000099999999999 0.00002983218131406677 0.00000000099999999999 0.99997016581868602980 
0.00000000100000000000 0.17633470012497948209 0.00000000100000000000 0.82366529787502040794 
0.00000000100000000000 0.24664345393071107626 0.24677191189463998366 0.50658463317464885733 
0.01230207753234729452 0.21042920295494549343 0.19014146598132053434 0.58712725353138672801 
0.00000000100000000000 0.06631080983282619523 0.05619364657892764181 0.87749554258824613573 
0.00000000100000000000 0.12317948905657825909 0.06101788439816847182 0.81580262554525317942 
0.37293415228133452999 0.15725216746479914187 0.00000392165187698035 0.46980975860198931349 
0.78701597763000352703 0.05171426141063679288 0.00000000099999999999 0.16126975995935971531 
0.51155618740232089436 0.37684749334595951664 0.00000000100000000000 0.11159631825171971442 
0.01587260078685229225 0.32930622967288691871 0.09581566719189330006 0.55900550234836743346 
0.50259002940201991105 0.06178850179088134914 0.00000000099999999999 0.43562146780709865013 
0.14153531336720792666 0.18950583034194795617 0.04632777320259821169 0.62263108308824588466 
0.06028947683607146363 0.19015411866075820901 0.08498018653763335373 0.66457621796553700833 
0.04908659781674053896 0.27010053326962590869 0.04783813852719021736 0.63297473038644336274 
0.49945331404463444436 0.25907327598992918594 0.13508226855297880697 0.10639114141245757661 
0.08407244375467230746 0.06072960352988560073 0.00000000099999999999 0.85519795171544199519 
0.79607839569406957381 0.01100083110387193794 0.19250949034538264448 0.00041128285667580767 
0.86609080309433494893 0.05964556921922539723 0.07426362668643970988 0.00000000100000000000 
0.97684552441912675391 0.00329019480708149861 0.01986427977379184862 0.00000000099999999999 
0.07073655324215863405 0.14718846775384197834 0.02047080102707559898 0.76160417797692381292 
0.00000686342363002690 0.00000000100000000000 0.10849386448294132124 0.89149927109342863574 
0.17718996866863401252 0.18126822871168701834 0.00000000100000000000 0.64154180161967888640 
0.04589324603936707769 0.06798504992364527710 0.00000000100000000000 0.88612170303698778451 
0.08818166553433794130 0.04314818714411689654 0.00000000100000000000 0.86867014632154515574 
0.06106913795653141214 0.22336459053191631829 0.13478991464486811402 0.58077635686668405146 
0.03931438586262790691 0.00000000100000000000 0.09232047487783787143 0.86836513825953431933 
0.04708422259916680147 0.19937719292677574812 0.09182085157822089672 0.66171773289583646349 
0.00444470198596930589 0.26664088106127642464 0.32111525587304901030 0.40779916107970526351 
0.00000000099999999996 0.00000000099999999996 0.99999999699999986280 0.00000000099999999996 
0.00000000099999999995 0.00000000099999999995 0.99999999699999986280 0.00000000099999999995 
0.00000000099999999995 0.00000000099999999995 0.99999999699999986280 0.00000000099999999995 
0.10864881977341936392 0.13986232057987504906 0.00003864728928716960 0.75145021235741848997 
0.05497582583241950038 0.16194376531754703374 0.00736857419639996934 0.77571183465363358067 
0.05986260813298915906 0.20785289291217740049 0.10516217278749127872 0.62712232616734220336 
0.31702831379778961818 0.31711405679752091569 0.02641289691276230145 0.33944473249192724795 
0.25963070132849325189 0.00000249889128443513 0.00571008377827238438 0.73465671600194992763 
0.19073375054267435735 0.01998412922302764475 0.03343725498536716245 0.75584486524893090831 
0.00000000099999999995 0.00000000099999999995 0.99999999699999997382 0.00000000099999999995 
0.00010929477865336902 0.09599572286640742358 0.25686449154697771347 0.64703049080796148917 
