0.16486359287968441190 0.00000000099999999998 0.00000000099999999998 0.00000000099999999998 0.83513640412031564519 
0.18914562323481434736 0.00000000099999999997 0.00000000099999999997 0.00000000099999999997 0.81085437376518554320 
0.10693251193234207252 0.01293913244096073396 0.12018534014247105046 0.00000000100000000000 0.75994301448422607592 
0.04479517797252614147 0.00000000099999999999 0.02289020902077749248 0.00000000099999999999 0.93231461100669632547 
0.13000135105899329746 0.00000000100000000000 0.05930789703967313808 0.00000000100000000000 0.81069074990133360714 
0.26484135823537102716 0.00000000099999999997 0.00000000099999999997 0.00000000099999999997 0.73515863876462905768 
0.09059535683469423228 0.07002739134832132450 0.00000000099999999999 0.00000000099999999999 0.83937724981698447202 
0.14502795260693199242 0.00059109330442668232 0.00000000099999999998 0.00000000099999999998 0.85438095208864128782 
0.20177444689890705609 0.00000000100000000000 0.00000003216640494897 0.00000000100000000000 0.79822551893468796091 
0.05031159613928015001 0.00000000100000000000 0.04604506871296214915 0.00000000100000000000 0.90364333314775768802 
0.00000000100000000000 0.00000002684249848968 0.03082295938365751595 0.00000000100000000000 0.96917701177384396605 
0.14892937594787153399 0.00000000099999999999 0.03916182079371337277 0.00000000099999999999 0.81190880125841513593 
0.00000000099999999997 0.00000000099999999997 0.02443978951975140854 0.11799558779907820538 0.85756462068117034203 
0.00399264790061758419 0.25753724988323972722 0.00119252523651802202 0.06372087678762851370 0.67355670019199620491 
0.15457749419777547240 0.04697362993094630207 0.00000000288333589667 0.00000000100000000000 0.79844887198794223249 
0.05910994724443315723 0.00000000100000000000 0.02023794311171234553 0.11481169403004699847 0.80584041461380750970 
0.07924107935465442287 0.12272909821128803742 0.00000000099999999998 0.00000000099999999998 0.79802982043405745749 
0.07593775990745678384 0.02669138717189703178 0.08353377689554307428 0.00000000099999999999 0.81383707502510305165 
0.00000000099999999999 0.08103663584975880074 0.00000000099999999999 0.15507747498353843807 0.76388588716670280387 
0.07882217372699558411 0.00000000100000000000 0.11287911844827472341 0.10684982792439963462 0.70144887890033003064 
0.22302097494136416400 0.00000000100000000000 0.02695332237688084429 0.06455378002805023385 0.68547192165370485206 
0.11914984454627212951 0.00000000100000000000 0.05488833391284010654 0.00000000100000000000 0.82596181954088787602 
0.19669025648666899064 0.13704567980524096082 0.02490149061426736449 0.00000000099999999999 0.64136257209382252498 
0.01281131887908208353 0.00000000099999999999 0.00000000099999999999 0.00000000099999999999 0.98718867812091792846 
0.09706319682740827126 0.02880562236306846019 0.02900321197044443758 0.03771926298371822139 0.80740870585536061999 
0.02302073330707540139 0.15291774388063647527 0.00590923415879571461 0.03091325377224088400 0.78723903488125146488 
0.00000000099999999998 0.01478114443144902534 0.00000000099999999998 0.00000000099999999998 0.98521885256855101787 
0.17045572935893657518 0.00000000099999999999 0.07869355352754747734 0.00000000099999999999 0.75085071511351586526 
0.07927944324369250173 0.06025946790596677094 0.03277328274842827155 0.07414323341898998443 0.75354457268292251992 
0.06165258092417002372 0.00000000099999999999 0.07864023687433266407 0.03701111419133431418 0.82269606701016306793 
0.02234133894027517941 0.00000000100000000000 0.03025575656531396054 0.00195382364803979233 0.94544907984637105436 
0.06019264371973739175 0.07440209218316555517 0.11211216529030301747 0.00987918550307344094 0.74341391330372064150 
0.15234853603718692683 0.03223445463494054031 0.10032933430403541408 0.00000000100000000000 0.71508767402383710543 
0.00007743336141355943 0.08687174764958743856 0.00000000100000000000 0.03469424912822002133 0.87835656886077906336 
0.06239357969126690939 0.02819063096326699866 0.00000000099999999998 0.00000000099999999998 0.90941578734546602014 
0.06992973921216068256 0.08294943026764160787 0.00000000099999999997 0.00000000099999999997 0.84712082852019776613 
0.08609477479540331157 0.03788777694171475280 0.00000000099999999998 0.00000000099999999998 0.87601744626288202689 
0.00000000099999999998 0.04269121089350009363 0.08931749382646185509 0.00000000099999999998 0.86799129328003798989 
0.10585694456185326673 0.00000000099999999999 0.05070914982444863633 0.00000000099999999999 0.84343390361369807717 
0.00000000100000000000 0.11920572970752985054 0.01251749855775311816 0.03950303972659578028 0.82877373100812123941 
0.20618693202811916310 0.01429341476148551435 0.03677392433161201513 0.00000000099999999999 0.74274572787878334612 
0.05985216921429023507 0.00000000099999999999 0.00000000099999999999 0.00000000099999999999 0.94014782778570982202 
0.10507671530797277337 0.03431680520908833576 0.00000000099999999999 0.00000000099999999999 0.86060647748293894743 
0.00010746369087821985 0.00000000100000000000 0.03133633602937722917 0.00770259142065088734 0.96085360785909368353 
0.00000000099999999996 0.00000000099999999996 0.03473177887654005369 0.00000000099999999996 0.96526821812345997564 
0.00000000100000000000 0.00951331184102252245 0.00000000100000000000 0.00000001485317139553 0.99048667130580614337 
0.00000000099999999996 0.00000000099999999996 0.00002397666392568626 0.00000000099999999996 0.99997602033607435601 
0.00000000099999999995 0.00000000099999999995 0.05361078860867092566 0.00000000099999999995 0.94638920839132900653 
0.00182040144493892677 0.07909777168356406374 0.11843612269283726457 0.12199710253357533285 0.67864860164508444829 
0.00000000099999999995 0.00000000099999999995 0.00000002819779829503 0.00000000099999999995 0.99999996880220165529 
0.04362925646971105298 0.00000139809967075362 0.19248154188876456794 0.02816975912203006222 0.73571804441982358025 
0.05103133908834808080 0.10943811762139793453 0.34718171772902434169 0.04363631222323340053 0.44871251333799616612 
0.00000000099999999999 0.00000000099999999999 0.55628317499584523098 0.00000000099999999999 0.44371682200415479835 
0.00000000099999999999 0.00000000099999999999 0.08804449208099303370 0.10849705891697804250 0.80345844700202895261 
0.00000058429023225443 0.09000635793779269977 0.26976949707168412784 0.08284398874979248539 0.55737957195049836479 
0.00000000099999999999 0.00000000099999999999 0.02358186467396216485 0.40986030540858137128 0.56655782791745645799 
0.00000000099999999997 0.00000000099999999997 0.08523937462683989219 0.00000000099999999997 0.91476062237316013714 
0.00000000099999999997 0.00000000099999999997 0.57995042565307686200 0.00000000099999999997 0.42004957134692311183 
0.00000000099999999998 0.00000000099999999998 0.63337577097964814499 0.00000000099999999998 0.36662422602035193986 
0.00000000099999999996 0.00000000099999999996 0.19560211358709661544 0.00000000099999999996 0.80439788341290330287 
0.00000000099999999999 0.04013539290376710172 0.06683613511051601785 0.00000000099999999999 0.89302846998571694392 
0.00581494274485698341 0.00000006948174366189 0.19951008111608103945 0.00000000100000000000 0.79467490565731824237 
0.00000000099999999977 0.00000000099999999977 0.99999999600000000211 0.00000000099999999977 0.00000000099999999977 
0.00000000099999999978 0.00000000099999999978 0.99999999599999989108 0.00000000099999999978 0.00000000099999999978 
0.00000000099999999974 0.00000000099999999974 0.99999999600000000211 0.00000000099999999974 0.00000000099999999974 
0.00000000099999999977 0.00000000099999999977 0.99999999600000000211 0.00000000099999999977 0.00000000099999999977 
0.00000000099999999974 0.00000000099999999974 0.99999999600000000211 0.00000000099999999974 0.00000000099999999974 
0.00000000100000000000 0.11862139597506329847 0.25256932715918473109 0.01693430540945609769 0.61187497045629590797 
0.00000000099999999996 0.00000000099999999996 0.64355462330296298035 0.00000000099999999996 0.35644537369703704899 
0.00000000099999999997 0.00000000099999999997 0.20546223394496729298 0.00000000099999999997 0.79453776305503265309 
0.00000000099999999996 0.00000000099999999996 0.70167951898879665773 0.00000000099999999996 0.29832047801120331609 
0.00000000099999999978 0.00000000099999999978 0.99999999599999989108 0.00000000099999999978 0.00000000099999999978 
0.00000000099999999997 0.00000000099999999997 0.12227779701396906953 0.00000000099999999997 0.87772219998603107083 
0.00000000099999999997 0.00000000099999999997 0.05166137959466516466 0.00000000099999999997 0.94833861740533487161 
0.00000000099999999996 0.00000000099999999996 0.16274777875300205920 0.00000000099999999996 0.83725221824699802564 
0.00000000099999999996 0.00000000099999999996 0.13825102671423508682 0.00000000099999999996 0.86174897028576502578 
0.00000000099999999994 0.00000000099999999994 0.14354256420700101105 0.00000000099999999994 0.85645743279299890727 
0.00000000099999999999 0.05683435297597968366 0.10791550243741469817 0.00000000099999999999 0.83525014258660568167 
0.00000477362610374361 0.69957997902072333041 0.13592716548494529483 0.16448728257250000429 0.00000079929572761585 
0.00000000099999999999 0.10675958653070471982 0.00245203195599794869 0.86212114617104373959 0.02866723434225358288 
0.00000000100000000000 0.26285931158682679376 0.00000000100000000000 0.73714068541317323557 0.00000000100000000000 
0.00000000099999999999 0.00000000099999999999 0.27879784682871322499 0.00000000099999999999 0.72120215017128685986 
0.00000000099999999998 0.00000000099999999998 0.18305634552130348180 0.00000000099999999998 0.81694365147869640875 
0.74451718017819989992 0.00000000099999999999 0.00000000099999999999 0.25548281682180018493 0.00000000099999999999 
0.63504322612777497348 0.00000000099999999999 0.00000000099999999999 0.36495677087222500035 0.00000000099999999999 
0.62990793625470109518 0.00000000099999999999 0.00000000099999999999 0.21515594550914562966 0.15493611623615333173 
0.51248601983254127301 0.13016437473837638716 0.03749644542281473092 0.28977749492848969837 0.03007566507777802850 
0.46187153134244357533 0.02900484170715357177 0.00000000099999999999 0.50912362495040275334 0.00000000099999999999 
0.64865937808258034014 0.11144934742382126003 0.00000000099999999999 0.21643091721684462603 0.02346035627675381596 
0.89520744119061890220 0.00000000099999999999 0.00578260631459091238 0.09900995049479012489 0.00000000099999999999 
0.89847832270549810030 0.00000000099999999999 0.00000000099999999999 0.10152167429450192904 0.00000000099999999999 
0.51348052110807262949 0.09504309182255681054 0.00000000099999999999 0.31327683381233523141 0.07819955225703549562 
0.59320521364459832814 0.09584101858950720698 0.05345106174584939029 0.15221965244571480924 0.10528305357433026535 
0.55459178103236672630 0.02309414143211439147 0.02712075228336230034 0.24728078436916212102 0.14791254088299446434 
0.61828699913489626461 0.00000000099999999997 0.00000000099999999997 0.38171299786510382024 0.00000000099999999997 
0.50334594953078604096 0.00000035346376500336 0.01856925966962931149 0.47808443633581948484 0.00000000099999999999 
0.36153049564992045806 0.07830290106303117170 0.00000000099999999999 0.56016660128704842680 0.00000000099999999999 
0.76044347604462647627 0.00000000131736685633 0.00092567743817578035 0.22588430240346810129 0.01274654279636278087 
0.79191176800571938532 0.00000000099999999997 0.00000000099999999997 0.20808822899428067177 0.00000000099999999997 
0.59415701428647083038 0.05313601016923376330 0.00002751327486315337 0.27033980400612711570 0.08233965826330515159 
0.38689760260616851140 0.02172916105717022026 0.00000000099999999999 0.48033245701286914064 0.11104077832379204149 
0.24098177053961353233 0.14307857935123752258 0.01116848014892993582 0.50180552293808844411 0.10296564702213070741 
0.23717682780395638042 0.18464934217840686670 0.00000000100000000000 0.43404811081579203202 0.14412571820184469362 
0.51939847964444174622 0.10783297333346857083 0.00000000099999999998 0.27685191105114109744 0.09591663497094853053 
0.51066490036758482862 0.05419614709623059995 0.00266678531747669605 0.43247216621870765429 0.00000000100000000000 
0.58907983797929286407 0.07021581072917496003 0.00000000100000000000 0.34070434929153220471 0.00000000100000000000 
0.99999999600000000211 0.00000000099999999991 0.00000000099999999991 0.00000000099999999991 0.00000000099999999991 
0.99999999600000000211 0.00000000099999999989 0.00000000099999999989 0.00000000099999999989 0.00000000099999999989 
0.62311383568933709221 0.01725575097450211814 0.01161735990404961540 0.22946402281065397810 0.11854903062145709380 
0.99999999600000000211 0.00000000099999999991 0.00000000099999999991 0.00000000099999999991 0.00000000099999999991 
0.62148763348033708720 0.03317413553451949160 0.00000000099999999999 0.30878397638566912331 0.03655425359947419434 
0.99999999600000011313 0.00000000099999999988 0.00000000099999999988 0.00000000099999999988 0.00000000099999999988 
0.00676756252185787242 0.14699074824554156371 0.14480839291582958683 0.00000027723843129411 0.70143301907833965902 
0.37651610575800936731 0.15723036529371667291 0.01950511388300454896 0.21336697216037153746 0.23338144290489781785 
0.48602281432397265171 0.18541334413485607846 0.00005575636590381081 0.32850808417526733418 0.00000000100000000000 
0.55650732975212402476 0.00000000100000000000 0.05734857220266943723 0.34562113417275247551 0.04052296287245407691 
0.64685382559900506116 0.08404441684702472493 0.00000000099999999999 0.20708064968860837030 0.06202110686536183720 
0.62321607441616200251 0.02352872112856053965 0.00000000100000000000 0.22504420103215258542 0.12821100242312485906 
0.56773661828945964913 0.08347976788250534297 0.04510491226582161867 0.30367870056221324404 0.00000000100000000000 
0.58084391455969863749 0.03853712638123115569 0.03429198321704962638 0.34632697484202046301 0.00000000099999999999 
0.77653478660857699900 0.05012004007664618704 0.08635538046161482517 0.08698979185316187135 0.00000000100000000000 
0.84192630683374314327 0.08240577101793003512 0.00000000099999999999 0.07566792014832686430 0.00000000099999999999 
0.01439524730097958317 0.04843722424922910358 0.01833474614453247872 0.06797751931888051935 0.85085526298637825793 
0.00000000100000000000 0.00195988546895562842 0.17967767910600837555 0.22916741187283173886 0.58919502255220435050 
0.67544266943201591857 0.09232840388282909094 0.00000000099999999999 0.20047271243971689914 0.03175621324543813351 
0.00000000099999999994 0.00000000099999999994 0.21675872959639114201 0.00000000099999999994 0.78324126740360888732 
0.00000000099999999992 0.00000000099999999992 0.00000000099999999992 0.99999999600000000211 0.00000000099999999992 
0.00000000099999999991 0.00000000099999999991 0.00000000099999999991 0.99999999599999989108 0.00000000099999999991 
0.26531766953029395362 0.00000000099999999997 0.00000000099999999997 0.73468232746970596470 0.00000000099999999997 
0.26943220969563802525 0.15740600550241068412 0.00413388371178523024 0.40402916862076176940 0.16499873246940438554 
0.44980824472497077382 0.06939799412523113553 0.00000000099999999998 0.48079375914979810558 0.00000000099999999998 
0.42857830305714400554 0.05080057142456189528 0.00000000099999999997 0.52062112351829403778 0.00000000099999999997 
0.00000000099999999989 0.00000000099999999989 0.00000000099999999989 0.99999999599999989108 0.00000000099999999989 
0.00000000099999999990 0.00000000099999999990 0.00000000099999999990 0.99999999600000000211 0.00000000099999999990 
0.00000000099999999993 0.00000000099999999993 0.00000000099999999993 0.99999999599999989108 0.00000000099999999993 
0.00000000099999999998 0.00000000099999999998 0.00000000099999999998 0.99999999599999989108 0.00000000099999999998 
0.00000000099999999992 0.00000000099999999992 0.00000000099999999992 0.99999999600000000211 0.00000000099999999992 
0.03214382412806627426 0.00000000099999999999 0.00000000099999999999 0.93472447720003093430 0.03313169667190285494 
0.00000000099999999990 0.00000000099999999990 0.00000000099999999990 0.99999999599999989108 0.00000000099999999990 
0.00000000099999999998 0.00000000099999999998 0.00000000099999999998 0.99999999599999989108 0.00000000099999999998 
0.42120862446140794333 0.00000000099999999997 0.00000000099999999997 0.57879137253859180845 0.00000000099999999997 
0.31949734556538522678 0.01402027582501417201 0.04247859923558686135 0.49503657249121008066 0.12896720688280349787 
0.29379771407204680056 0.00000000099999999999 0.00000000099999999999 0.70620228292795317326 0.00000000099999999999 
0.42578047856513351332 0.11307530221207093279 0.00000000099999999999 0.46114421722279558269 0.00000000099999999999 
0.40142276566962181716 0.17397712344760854486 0.00000000100000000000 0.36203690117568360085 0.06256320870708602377 
0.23884067441754991412 0.18450693492795414152 0.00000000099999999999 0.57665238865449575112 0.00000000099999999999 
0.00000000099999999997 0.00000000099999999997 0.00000000099999999997 0.99999999600000000211 0.00000000099999999997 
0.00000000099999999997 0.00000000099999999997 0.00000000099999999997 0.99999999600000000211 0.00000000099999999997 
0.00000000099999999998 0.00000000099999999998 0.00000000099999999998 0.99999999600000000211 0.00000000099999999998 
0.71274655238982820293 0.02823520306965913301 0.00000000099999999999 0.25901824254051269980 0.00000000099999999999 
0.52888950348589325312 0.05083024400747517685 0.00000000099999999999 0.42028025050663159190 0.00000000099999999999 
0.00000000099999999995 0.00000000099999999995 0.00000000099999999995 0.99999999599999989108 0.00000000099999999995 
0.51045922743021387991 0.12616625081808000020 0.03311166521088589054 0.33026285554082029927 0.00000000100000000000 
0.43576346620137101917 0.18107945022327393003 0.00000000100000000000 0.35238768510016627022 0.03076939747518881926 
0.37700132430394600602 0.14520770297586887976 0.06075558633817527976 0.33655276477076823127 0.08048262161124139502 
0.59826318369517017537 0.16286533043489129224 0.00000000099999999998 0.23887148386993858895 0.00000000099999999998 
0.46119392850683266216 0.26746366676306432275 0.03197174055919468905 0.23937066317090824330 0.00000000100000000000 
0.74940779795713519107 0.06682288859815345428 0.00000000099999999999 0.10826561222311288646 0.07550370022159842709 
0.39994943089587797758 0.20051713080082045337 0.02147146088570732816 0.31743193624339771652 0.06063004117419634742 
0.44292870375549819872 0.17121586351573056528 0.01949907696421372336 0.28559262652847167141 0.08076372923608574061 
0.58498661244698835215 0.07668222700146008763 0.00000000099999999998 0.33833115855155143636 0.00000000099999999998 
0.43440676151387902504 0.10943573422128459460 0.12264693622911096438 0.33351056703572529161 0.00000000099999999999 
0.42859033443538013808 0.10755319202744960394 0.16129377348156534455 0.30256269905560478906 0.00000000100000000000 
0.62230403335191075698 0.04588588491946005848 0.08908589438317439380 0.24272418634545470106 0.00000000100000000000 
0.55255604629848664722 0.09482522014139202482 0.15947563623759231088 0.19314309632252893434 0.00000000100000000000 
0.66443253736617990945 0.10057298410237072717 0.00000000099999999999 0.23499447653144925341 0.00000000099999999999 
0.65876328620538726621 0.00000000099999999999 0.00336875545659256819 0.29024833178764247732 0.04761962555037785316 
0.73125610914583016875 0.06407853333018512232 0.00000000099999999999 0.16324496725957313159 0.04142038926441166113 
0.67279956368079174567 0.10789650414422717606 0.00000000099999999998 0.21930393017498114872 0.00000000099999999998 
0.25424891857101133974 0.03599736751428399967 0.00000000099999999999 0.67997882294374067946 0.02977488997096395737 
0.00000000099999999998 0.89120819923432914589 0.00000000099999999998 0.10879179776567077242 0.00000000099999999998 
0.04966160997666349552 0.77664857484379890007 0.00000000099999999999 0.17368981317953749444 0.00000000099999999999 
0.00000000099999999998 0.83535419730685234185 0.00000000099999999998 0.16464579969314777075 0.00000000099999999998 
0.00000000099999999998 0.92524708884783590790 0.00000000099999999998 0.07475290815216410756 0.00000000099999999998 
0.00104062963705483244 0.83305025027195667153 0.09269115759929259790 0.00000001300470074982 0.07321794948699510142 
0.00014040125981812937 0.80900160787799568762 0.00000777114002448572 0.19085021872216156869 0.00000000100000000000 
0.10605410791650329849 0.00396759258069921510 0.09583072474544668262 0.04278780394778876339 0.75135977080956206642 
0.00817781279421814916 0.88774916198743658580 0.09124196224459936444 0.00000000100000000000 0.01283106197374591327 
0.02801045176679105297 0.61312665498256901930 0.00053395210599227667 0.22861215973554718794 0.12971678140910042343 
0.06697423302970341441 0.80590254517960202563 0.00000000100000000000 0.09622264970655138028 0.03090057108414315246 
0.36526068297051472733 0.04276957238128899219 0.00000000100000000000 0.42692852295984529132 0.16504122068835103132 
0.00000000099999999998 0.96428457131078770814 0.03571542568921238364 0.00000000099999999998 0.00000000099999999998 
0.06739156494045797641 0.64425872028146657922 0.06338522769530138823 0.17452150735176397145 0.05044297973101010552 
0.00000000099999999999 0.99999999600000011313 0.00000000099999999999 0.00000000099999999999 0.00000000099999999999 
0.11784721222054868328 0.78204569079534813625 0.00000000099999999997 0.10010709498410320928 0.00000000099999999997 
0.00000000099999999997 0.94692436650816991239 0.00000000099999999997 0.05307563049183005449 0.00000000099999999997 
0.00000000099999999998 0.99999999600000011313 0.00000000099999999998 0.00000000099999999998 0.00000000099999999998 
0.10718818063362739457 0.67907700291958328354 0.00000000099999999998 0.21373481444678937846 0.00000000099999999998 
0.12282388658575499329 0.67015556665235265221 0.00000000100000000000 0.15106620597214703849 0.05595433978974551775 
0.00000000099999999999 0.87040084381513593836 0.00000857001131925816 0.12959058417354477055 0.00000000099999999999 
0.00000000099999999993 0.99999999600000011313 0.00000000099999999993 0.00000000099999999993 0.00000000099999999993 
0.00000000099999999993 0.99999999600000000211 0.00000000099999999993 0.00000000099999999993 0.00000000099999999993 
0.00000000099999999991 0.99999999600000000211 0.00000000099999999991 0.00000000099999999991 0.00000000099999999991 
0.00000000099999999998 0.90908706707272057823 0.00000000099999999998 0.09091292992727950661 0.00000000099999999998 
0.00000124447996463830 0.99995887898313851050 0.00000000100000000000 0.00003987453689684930 0.00000000100000000000 
0.00000000099999999998 0.91855255625182874457 0.00000000099999999998 0.08144744074817118762 0.00000000099999999998 
0.07965614698190813525 0.89738792578810566702 0.00000000099999999999 0.00000000099999999999 0.02295592522998632368 
0.03316944372154876503 0.80826489807350121453 0.00906652787303911453 0.08376413969091267564 0.06573499064099824762 
0.12492398677256058570 0.75907684772365513481 0.00000000099999999999 0.06622399283738117370 0.04977517166640324509 
0.02978972359437363077 0.31697158306035499997 0.09991246769885002432 0.00000000100000000000 0.55332622464642144955 
0.23762520974785952821 0.00000938971540655202 0.16774594676265730531 0.00000000100000000000 0.59461945277407668442 
0.00000000099999999995 0.99999999600000011313 0.00000000099999999995 0.00000000099999999995 0.00000000099999999995 
0.00000000099999999999 0.86420113955697042130 0.02864585360315063250 0.10715300483987892644 0.00000000099999999999 
0.09359609804595409033 0.77490647082071839602 0.13149742827393245959 0.00000000099999999999 0.00000000185939512925 
0.00000000099999999996 0.99999999600000011313 0.00000000099999999996 0.00000000099999999996 0.00000000099999999996 
0.00000000099999999996 0.99999999600000000211 0.00000000099999999996 0.00000000099999999996 0.00000000099999999996 
0.00000000100000000000 0.85061185141418993449 0.07021714665359776730 0.02587072814541946722 0.05330027278679282110 
0.00000000099999999998 0.99999999600000011313 0.00000000099999999998 0.00000000099999999998 0.00000000099999999998 
0.00000000099999999998 0.99999999600000011313 0.00000000099999999998 0.00000000099999999998 0.00000000099999999998 
0.00000000099999999999 0.99999999600000000211 0.00000000099999999999 0.00000000099999999999 0.00000000099999999999 
0.10377496408897371460 0.23770465095477127937 0.11939780816321755863 0.04829938862575208075 0.49082318816728531807 
0.00000000099999999998 0.96924641793313837113 0.03075357906686163392 0.00000000099999999998 0.00000000099999999998 
0.00000000100000000000 0.82942636709227679503 0.06435697224992138754 0.00000000100000000000 0.10621665865780199889 
0.00000000099999999999 0.99999767137695882990 0.00000000099999999999 0.00000232562304128699 0.00000000099999999999 
0.21508876869966664369 0.26531195649697031369 0.14357812112492604473 0.16169876162782056972 0.21432239205061651144 
0.00002767315257385965 0.99090352362452838175 0.00006209130890127302 0.00900027654486201464 0.00000643536913441408 
0.00000083979539579341 0.00000001061455402612 0.07676665389389586425 0.00000000100000000000 0.92323249469615442653 
0.00000000100000000000 0.81466973474126425092 0.00987767104962775956 0.07274644434669666482 0.10270614886241147268 
0.00000000099999999999 0.99918814456948579217 0.00081185243051414317 0.00000000099999999999 0.00000000099999999999 
0.00000000099999999992 0.99999999600000011313 0.00000000099999999992 0.00000000099999999992 0.00000000099999999992 
0.00000000099999999995 0.99999999600000011313 0.00000000099999999995 0.00000000099999999995 0.00000000099999999995 
0.00000000099999999999 0.99999999600000000211 0.00000000099999999999 0.00000000099999999999 0.00000000099999999999 
0.00000000099999999997 0.91523754247209254675 0.00000000099999999997 0.08476245452790739932 0.00000000099999999997 
0.01768039217400194790 0.98231825026714514326 0.00000000099999999998 0.00000135555885282107 0.00000000099999999998 
0.00000000099999999999 0.99999999600000011313 0.00000000099999999999 0.00000000099999999999 0.00000000099999999999 
0.00000000099999999997 0.99999999600000000211 0.00000000099999999997 0.00000000099999999997 0.00000000099999999997 
0.00000000099999999997 0.99999999600000000211 0.00000000099999999997 0.00000000099999999997 0.00000000099999999997 
0.00000000099999999997 0.99999999600000011313 0.00000000099999999997 0.00000000099999999997 0.00000000099999999997 
0.00000000099999999995 0.99999999600000011313 0.00000000099999999995 0.00000000099999999995 0.00000000099999999995 
0.40165894367242194196 0.10370772778309662876 0.49290856118881531955 0.00172476386457608524 0.00000000349108997536 
0.54654959235573497001 0.00000001192640629225 0.44856704923636103732 0.00488334548149763591 0.00000000100000000000 
0.79680750957129276024 0.00000000100000000000 0.00000000100000000000 0.18259090937270899824 0.02060157905599834666 
0.00000000099999999999 0.99999999600000011313 0.00000000099999999999 0.00000000099999999999 0.00000000099999999999 
0.00000000099999999998 0.99999999600000000211 0.00000000099999999998 0.00000000099999999998 0.00000000099999999998 
0.00000039428642560743 0.21063831416718312162 0.16955330642887087023 0.61980798411752047183 0.00000000100000000000 
0.58685952759255444189 0.07324378726302069320 0.00000000100000000000 0.33326480641704758767 0.00663187772737721445 
0.63405986217029353114 0.36594013482970655371 0.00000000099999999999 0.00000000099999999999 0.00000000099999999999 
0.58910313676209946632 0.04702454631508297400 0.04432477723133414205 0.20145385957669562083 0.11809368011478785232 
0.00000000099999999994 0.99999999600000011313 0.00000000099999999994 0.00000000099999999994 0.00000000099999999994 
0.80433831072107297988 0.00774685949374371609 0.03319395048287623190 0.00000000100000000000 0.15472087830230707439 
0.87840146716142541994 0.12159852983857447062 0.00000000099999999999 0.00000000099999999999 0.00000000099999999999 
0.89091513573304226270 0.10908486126695782215 0.00000000099999999999 0.00000000099999999999 0.00000000099999999999 
0.90266962212568657709 0.09733037487431338286 0.00000000099999999999 0.00000000099999999999 0.00000000099999999999 
0.99999909369581541085 0.00000000100000000000 0.00000000100000000000 0.00000000100000000000 0.00000090330418461393 
0.84972409042046159744 0.00000000099999999998 0.00000000099999999998 0.15027590657953840414 0.00000000099999999998 
0.81241321744480476941 0.00000000100000000000 0.00216866404877976088 0.16120447479857821782 0.02421364270783730663 
0.53747558013367258134 0.04469972261906571265 0.00000000099999999999 0.14615759195250374591 0.27166710429475809940 
0.61885015228597906045 0.00144136079756449690 0.00528314991045927482 0.05885200092485880219 0.31557333608113835588 
0.51859608904516629746 0.16592185593683647649 0.02557521350601895532 0.28587564126019343602 0.00403120025178489976 
0.99999955178002242207 0.00000044521997764995 0.00000000099999999999 0.00000000099999999999 0.00000000099999999999 
0.54102136837813552539 0.06748037255708633220 0.00027918179050719170 0.30335230271512153566 0.08786677455914948531 
0.60800840272556866406 0.03089998758945531124 0.00000000099999999998 0.36109160768497583494 0.00000000099999999998 
0.21402562324801358007 0.61285328373937830726 0.17312047771540264862 0.00000061429720538309 0.00000000100000000000 
0.52539442782247902652 0.24781895573204365535 0.12449949375236425697 0.05702859952976387786 0.04525852316334916248 
0.52431660920965761363 0.07570775674489478579 0.00000000099999999998 0.39997563204544755999 0.00000000099999999998 
0.74717516750417867222 0.00000000099999999999 0.00000000099999999999 0.25282482949582135712 0.00000000099999999999 
0.86753593893431424355 0.13246405806568578578 0.00000000099999999999 0.00000000099999999999 0.00000000099999999999 
0.55137771166758486885 0.26264273580041652689 0.00728099267435316534 0.14582321470100609306 0.03287534515663947943 
0.57189782939156197372 0.20366728307875270332 0.00000000099999999999 0.14433903578945833646 0.08009585074022694540 
0.61891826453750564685 0.00000000099999999999 0.00000000099999999999 0.38108173246249438249 0.00000000099999999999 
0.65938627182179410102 0.09837171311288828157 0.05269705828742347886 0.18954495577789412519 0.00000000100000000000 
0.44059891578154597447 0.12256200984427162437 0.30417646547883814279 0.13266260789534417563 0.00000000100000000000 
0.26277967706150340277 0.00000000099999999999 0.73722031993849657105 0.00000000099999999999 0.00000000099999999999 
0.18531747365389331095 0.32701200614045689008 0.48767051820564993880 0.00000000099999999999 0.00000000099999999999 
0.51915028136783669677 0.30137494855953872452 0.01565354645016476740 0.16382122262245990552 0.00000000100000000000 
0.11889228696351153425 0.03352329944747471646 0.18724112989453031708 0.30868280942891745955 0.35166047426556584776 
0.42411470373677867540 0.16456608362115693334 0.02868334618816419795 0.26476459619730430273 0.11787127025659599466 
0.18422157816751463799 0.12271668676828638433 0.00417170362070857278 0.59949733365488011572 0.08939269778861036464 
0.51200599934056267859 0.25476203844485095784 0.00427870475674800056 0.17219108070683722400 0.05676217675100104360 
0.13462913058532349764 0.15372417625764114857 0.00000000099999999999 0.00000000099999999999 0.71164669115703516056 
0.99999999600000000211 0.00000000099999999998 0.00000000099999999998 0.00000000099999999998 0.00000000099999999998 
0.00000000099999999998 0.00000000099999999998 0.25920370567036826737 0.09444602539513599626 0.64635026693449570967 
0.00000000099999999999 0.00000000841441301584 0.09997953013274928080 0.00000000099999999999 0.90002045945283759565 
0.00000000099999999996 0.00000000099999999996 0.15243060773829142374 0.00000000099999999996 0.84756938926170843907 
0.68202879242467928655 0.13371330872476627771 0.00000000099999999999 0.13352692418841560773 0.05073097366213884934 
0.86197652929421464396 0.00000000099999999999 0.00000000099999999999 0.13802345601563267841 0.00000001269015292636 
0.68944316853358489361 0.13541640538565138940 0.00045539125285147248 0.02316540495308090641 0.15151962987483122425 
0.99999998595915884358 0.00000001104084124541 0.00000000099999999999 0.00000000099999999999 0.00000000099999999999 
0.98779972209219890633 0.00000000206627258616 0.01220027384152844348 0.00000000099999999999 0.00000000099999999999 
0.58200204939675281857 0.22110789423988710944 0.00363056622076211085 0.12077139210655422896 0.07248809803604375213 
0.99999996754375619634 0.00000000100000000000 0.00000000100000000000 0.00000001131622027819 0.00000001914002357547 
0.55036593598063277000 0.17438043442876968725 0.00775663686580737276 0.21032772844586317129 0.05716926427892683737 
0.35449212989364253801 0.26795431998332291945 0.00000000100000000000 0.28212130140503782760 0.09543224771799690975 
0.99999999600000000211 0.00000000099999999996 0.00000000099999999996 0.00000000099999999996 0.00000000099999999996 
0.99999999600000000211 0.00000000099999999996 0.00000000099999999996 0.00000000099999999996 0.00000000099999999996 
0.99999999600000011313 0.00000000099999999994 0.00000000099999999994 0.00000000099999999994 0.00000000099999999994 
0.63478391771602271643 0.13005946523055617048 0.00340823993891271968 0.15832961770739209517 0.07341875940711631299 
0.59243021354106073506 0.13783371102130784203 0.00000000099999999999 0.22142474306411935592 0.04831133137351203283 
0.54602166238467375603 0.19294450099352725148 0.00000025841935967931 0.14920846274138993559 0.11182511546104940969 
0.38174615461554528562 0.30340809126515966287 0.26258884867918552697 0.05225690444010966385 0.00000000100000000000 
0.60977524207430366943 0.00000000188083190231 0.03196675134093557302 0.14521532739372411402 0.21304267731020454235 
0.66348269169311602234 0.00323140335171507014 0.03621010531711622155 0.15261400622672879890 0.14446179341132386886 
0.99999999600000011313 0.00000000099999999996 0.00000000099999999996 0.00000000099999999996 0.00000000099999999996 
0.70652702148460766463 0.06794372419455681211 0.01015913171184510549 0.21536986084082948567 0.00000026176816088285 
