0.00000000099999999995 0.99823431411260910018 0.00000000099999999995 0.00000000099999999995 0.00176568088739104557 0.00000000099999999995 0.00000000099999999995 
0.00000000099999999993 0.99999999400000016969 0.00000000099999999993 0.00000000099999999993 0.00000000099999999993 0.00000000099999999993 0.00000000099999999993 
0.00000000099999999999 0.75673982616882129459 0.00000000099999999999 0.07985842051135820518 0.00000000104289885356 0.02161463350822782556 0.14178711676869404368 
0.00000000099999999998 0.90370299354710303952 0.00000000099999999998 0.04235249155822256445 0.00000000099999999998 0.00000000099999999998 0.05394451089467446753 
0.00000000099999999999 0.85049914026050721372 0.00000000099999999999 0.02424115507158873181 0.03351462580585572171 0.02212086317460308996 0.06962421368744521610 
0.00000000099999999997 0.73106959308388574925 0.00000000099999999997 0.08292919694538250508 0.17327522677166509735 0.00000000099999999997 0.01272598019906670715 
0.00000000099999999999 0.85291382139151505903 0.04289200650355506905 0.07199225773831502417 0.03220191136661485626 0.00000000099999999999 0.00000000099999999999 
0.00000000099999999997 0.93288651999241589685 0.00000000099999999997 0.00000000099999999997 0.06711347500758418905 0.00000000099999999997 0.00000000099999999997 
0.00000000099999999998 0.83656319825215175179 0.00000000099999999998 0.01937370377556977413 0.00000000099999999998 0.13947809505988822965 0.00458499991239029892 
0.00000000099999999999 0.87334313085182579961 0.00000000099999999999 0.08038749360946134681 0.00107220304675679102 0.00000000099999999999 0.04519716949195610317 
0.00000000099999999998 0.92777710293574489064 0.00000000099999999998 0.03809205056791598043 0.00000000099999999998 0.00000000099999999998 0.03413084249633924899 
0.00000000099999999997 0.91302437816996795394 0.00000000099999999997 0.00000000099999999997 0.00000000099999999997 0.02954562026011651327 0.05742999756991575000 
0.12085542180439365345 0.85274471670007667701 0.00000000099999999994 0.00000000099999999994 0.00000000099999999994 0.00000000099999999994 0.02639985749552971675 
0.06776908494655260740 0.69372588981471661196 0.19687270152228289466 0.04163232071644799165 0.00000000100000000000 0.00000000100000000000 0.00000000100000000000 
0.00000000100000000000 0.82345906058326723276 0.03541019022480839523 0.03557483817648043195 0.02627893354603388215 0.07921480563820089416 0.00006217083120911806 
0.07598531231481797654 0.68282831356857942584 0.00000000099999999999 0.16473325475538574958 0.04953659963701900759 0.00000000099999999999 0.02691651772419776864 
0.00000000099999999997 0.91712056048412626819 0.08287943451587370669 0.00000000099999999997 0.00000000099999999997 0.00000000099999999997 0.00000000099999999997 
0.00000000099999999999 0.74896983126276472920 0.00000000099999999999 0.13258701195195782274 0.01402571392836851442 0.00000000099999999999 0.10441743985690880858 
0.11918113428861004666 0.82118354231697843204 0.05963531939441153729 0.00000000099999999998 0.00000000099999999998 0.00000000099999999998 0.00000000099999999998 
0.00000000100000000000 0.57871333381557754638 0.00000000100000000000 0.16792034368663380506 0.08254271071658088321 0.04608341732887263203 0.12474019245233522457 
0.05787519637868800138 0.66311922133177569894 0.00000000099999999999 0.04079911999376018700 0.19227475141480912524 0.00000000099999999999 0.04593170888096698851 
0.00000000099999999998 0.91215178857060741358 0.00000000099999999998 0.00000000099999999998 0.01272688133144397188 0.00000000099999999998 0.07512132609794874849 
0.00000000099999999997 0.76339321276230154290 0.10923589625580057416 0.00000000099999999997 0.09440995554889156094 0.00000000099999999997 0.03296093243300635134 
0.00000000099999999996 0.99999999400000016969 0.00000000099999999996 0.00000000099999999996 0.00000000099999999996 0.00000000099999999996 0.00000000099999999996 
0.00000000099999999997 0.90438729909670922957 0.00000000099999999997 0.00000000099999999997 0.06901614427677253694 0.00000000099999999997 0.02659655262651843682 
0.02366090114229570107 0.70359644448933589267 0.11108293827019422029 0.10639372218281170634 0.03104314308803179587 0.00000000099999999999 0.02422284982733057326 
0.00000000099999999994 0.95183452713004801371 0.00000000099999999994 0.01208571585125037436 0.00000000099999999994 0.00000000099999999994 0.03607975301870181006 
0.00000000099999999999 0.68044653014574496552 0.00000000099999999999 0.13458186528499185841 0.07793912900143955269 0.02891921792267555455 0.07811325564514834396 
0.03648184236534509489 0.67562732261387115074 0.06004014051362304566 0.09065998992388824007 0.07328419832131943812 0.00000534131556763918 0.06390116494638556355 
0.02828638829021152060 0.76960063006880485847 0.00000000099999999999 0.08109000622241092915 0.03446154429304256611 0.00000000099999999999 0.08656142912553033142 
0.00000724270580993186 0.58919986527595047399 0.00000000100000000000 0.38280382979308308355 0.00965992666240911464 0.00000000100000000000 0.01832913356274736005 
0.00400669153011857029 0.64384302204172527695 0.05870271306118209770 0.10432298951912323537 0.02983172451344099502 0.02012263774704161484 0.13917022158736827575 
0.00000000099999999999 0.71419897968894396900 0.00000004078511996952 0.03354628890967051302 0.14009409919120571764 0.00000000099999999999 0.11216058942505978402 
0.00000000099999999998 0.78705922378062054268 0.01083565997764924030 0.11401416425367635887 0.00000000099999999998 0.08809094898805394647 0.00000000099999999998 
0.00000000099999999997 0.98168147949128148344 0.00000000099999999997 0.01831851550871863368 0.00000000099999999997 0.00000000099999999997 0.00000000099999999997 
0.00000000099999999993 0.99999999400000016969 0.00000000099999999993 0.00000000099999999993 0.00000000099999999993 0.00000000099999999993 0.00000000099999999993 
0.00000000099999999994 0.99999999400000005867 0.00000000099999999994 0.00000000099999999994 0.00000000099999999994 0.00000000099999999994 0.00000000099999999994 
0.00000000099999999997 0.74322389038031788644 0.01620406963119300214 0.13491043075898032089 0.00000000099999999997 0.00000000099999999997 0.10566160622950895864 
0.00000000099999999999 0.74996811248873607170 0.00000000099999999999 0.15064676364502060935 0.03809706748194973541 0.00000003974623902393 0.06128801463805466643 
0.00021206682190307786 0.75616620595743977429 0.11347216349382154010 0.11028150055584018396 0.00000000100000000000 0.00025378396143266503 0.01961427820956288329 
0.00000000099999999999 0.82585237076926110156 0.00000000099999999999 0.00599439211170736588 0.11642475513910673091 0.00000000099999999999 0.05172847897992490646 
0.00000000099999999997 0.99999999400000005867 0.00000000099999999997 0.00000000099999999997 0.00000000099999999997 0.00000000099999999997 0.00000000099999999997 
0.00000000099999999995 0.99999999400000016969 0.00000000099999999995 0.00000000099999999995 0.00000000099999999995 0.00000000099999999995 0.00000000099999999995 
0.00000000099999999999 0.71390901178578491937 0.00000000099999999999 0.22427285121570092463 0.00000000099999999999 0.01493107186666660195 0.04688706213184769267 
0.00000000099999999960 0.00000000099999999960 0.00000000099999999960 0.99999999400000005867 0.00000000099999999960 0.00000000099999999960 0.00000000099999999960 
0.00000000099999999999 0.99999999400000016969 0.00000000099999999999 0.00000000099999999999 0.00000000099999999999 0.00000000099999999999 0.00000000099999999999 
0.00000000099999999958 0.00000000099999999958 0.00000000099999999958 0.99999999400000005867 0.00000000099999999958 0.00000000099999999958 0.00000000099999999958 
0.00000000099999999962 0.00000000099999999962 0.00000000099999999962 0.99999999399999994765 0.00000000099999999962 0.00000000099999999962 0.00000000099999999962 
0.00000000100000000000 0.24760767005161468668 0.10819318765385223247 0.43349281347005874654 0.00006826677001494533 0.12180716228538926438 0.08883089876907004911 
0.00000000099999999959 0.00000000099999999959 0.00000000099999999959 0.99999999399999994765 0.00000000099999999959 0.00000000099999999959 0.00000000099999999959 
0.01161152616039051906 0.47616910974886189623 0.00000000100000000000 0.27780422283124273086 0.05278561893072469119 0.00000000100000000000 0.18162952032878013076 
0.04743254618388551697 0.19986626845904223448 0.11618964651825208767 0.21508267726560356681 0.04333596648626170805 0.00584999986152687310 0.37224289522542797215 
0.00000000099999999999 0.07063837001720495168 0.00000000099999999999 0.28766567676042897883 0.00000000099999999999 0.00000000099999999999 0.64169594922236594670 
0.05572957622395226934 0.50311454239214759010 0.00000001369022688271 0.34861101418369006000 0.00000000099999999999 0.00000000099999999999 0.09254485150998345566 
0.04535109516269774516 0.18461009595691246776 0.06779860861096630165 0.38824863164931810999 0.00000000100000000000 0.06775996944447083836 0.24623159817563461393 
0.34368573572349581102 0.00000000099999999991 0.00000000099999999991 0.65631425927650421936 0.00000000099999999991 0.00000000099999999991 0.00000000099999999991 
0.00000000099999999991 0.00000000099999999991 0.00000000099999999991 0.99999999400000005867 0.00000000099999999991 0.00000000099999999991 0.00000000099999999991 
0.00000000099999999995 0.00000000099999999995 0.00000000099999999995 0.33938863095872506825 0.00000000099999999995 0.00000000099999999995 0.66061136404127485111 
0.00000000099999999997 0.24283773336690317457 0.00000000099999999997 0.11277765889740662408 0.00000000099999999997 0.00000000099999999997 0.64438460373568995365 
0.00000000099999999995 0.58306066542640222483 0.00000000099999999995 0.20952298943136232756 0.00000000099999999995 0.00000000099999999995 0.20741634114223556073 
0.00000000099999999998 0.56143435237718541941 0.04011811264666634291 0.31716788539474882747 0.00000000099999999998 0.00000000099999999998 0.08127964658139948118 
0.00000000099999999998 0.37577621692255658292 0.00000000099999999998 0.38431398281018075425 0.00000000099999999998 0.04177121848832520551 0.19813857877893734094 
0.00000000099999999967 0.00000000099999999967 0.00000000099999999967 0.00000000099999999967 0.00000000099999999967 0.00000000099999999967 0.99999999399999994765 
0.00000000099999999968 0.00000000099999999968 0.00000000099999999968 0.00000000099999999968 0.00000000099999999968 0.00000000099999999968 0.99999999400000005867 
0.00000000099999999962 0.00000000099999999962 0.00000000099999999962 0.00000000099999999962 0.00000000099999999962 0.00000000099999999962 0.99999999399999994765 
0.00000000099999999966 0.00000000099999999966 0.00000000099999999966 0.00000000099999999966 0.00000000099999999966 0.00000000099999999966 0.99999999399999994765 
0.00000000099999999961 0.00000000099999999961 0.00000000099999999961 0.00000000099999999961 0.00000000099999999961 0.00000000099999999961 0.99999999399999994765 
0.00000000099999999998 0.41810757090679168124 0.06658958775952554532 0.16353890010449873005 0.00000000099999999998 0.09797553412955181673 0.25378840509963235261 
0.00000000099999999995 0.00726671419205105265 0.00000000099999999995 0.26047365395613147898 0.00000000099999999995 0.00000000099999999995 0.73225962785181741843 
0.00000000099999999996 0.54351418433095544103 0.00000000099999999996 0.24659473557702707436 0.00000000099999999996 0.00000000099999999996 0.20989107609201754223 
0.00000000099999999993 0.00000000099999999993 0.00000000099999999993 0.21922345992982275598 0.00000000099999999993 0.00000000099999999993 0.78077653507017719114 
0.00000000099999999969 0.00000000099999999969 0.00000000099999999969 0.00000000099999999969 0.00000000099999999969 0.00000000099999999969 0.99999999399999994765 
0.00000000099999999996 0.73464996209792254866 0.00000000099999999996 0.11613143765140830632 0.00000000099999999996 0.00000000099999999996 0.14921859625066918875 
0.00000000099999999996 0.65638422717193012357 0.00000000099999999996 0.28039386589940662464 0.00000000099999999996 0.00000000099999999996 0.06322190292866340655 
0.00000000099999999995 0.47325671542349634358 0.00000000099999999995 0.36687013185378536395 0.00000000099999999995 0.00000000099999999995 0.15987314872271815580 
0.00000000099999999994 0.49573626638881262974 0.00000000099999999994 0.36060513393882315247 0.00000000099999999994 0.00000000099999999994 0.14365859567236416439 
0.00000000099999999992 0.34086355512516619548 0.00000000099999999992 0.49108692886693600110 0.00000000099999999992 0.00000000099999999992 0.16804951200789780552 
0.00000000099999999999 0.62980069711403485755 0.04574868287862930705 0.19468632309804043135 0.00000000099999999999 0.00000000099999999999 0.12976429390929555829 
0.51070829463909361845 0.00000000100000000000 0.42389370995760261573 0.00000000100000000000 0.00000000100000000000 0.00000000100000000000 0.06539799140330380955 
0.81273011845760423366 0.05900869337756554922 0.12826118416483023310 0.00000000099999999997 0.00000000099999999997 0.00000000099999999997 0.00000000099999999997 
0.99999999400000005867 0.00000000099999999998 0.00000000099999999998 0.00000000099999999998 0.00000000099999999998 0.00000000099999999998 0.00000000099999999998 
0.00000000099999999998 0.18494044579447327381 0.00000000099999999998 0.57184658742431171419 0.00000000099999999998 0.00000000099999999998 0.24321296278121493084 
0.00000000099999999997 0.41622003684751129882 0.00000000099999999997 0.41023874492241579892 0.00000000099999999997 0.00000000099999999997 0.17354121423007298763 
0.19610214750742085976 0.00000000099999999998 0.00000000099999999998 0.00000000099999999998 0.80389784749257919838 0.00000000099999999998 0.00000000099999999998 
0.27784898473545938113 0.00000000099999999995 0.00000000099999999995 0.00000000099999999995 0.72215101026454053823 0.00000000099999999995 0.00000000099999999995 
0.11432096051945915549 0.12183906372740101187 0.00000000100000000000 0.03289785944205162599 0.36096942071251270079 0.36997269359857543058 0.00000000100000000000 
0.39335064817305581686 0.00000000100000000000 0.10887147112517528424 0.03735818250947572916 0.34606280462948751930 0.05708265224713263836 0.05727424031567296403 
0.99999999400000016969 0.00000000099999999991 0.00000000099999999991 0.00000000099999999991 0.00000000099999999991 0.00000000099999999991 0.00000000099999999991 
0.25611742593663133771 0.05709747299283252087 0.08632843812593975208 0.00000000099999999999 0.37099984935387347873 0.22945681159072281452 0.00000000099999999999 
0.00000000099999999993 0.00000000099999999993 0.00000000099999999993 0.00000000099999999993 0.99999999399999994765 0.00000000099999999993 0.00000000099999999993 
0.00000000099999999993 0.00000000099999999993 0.00000000099999999993 0.00000000099999999993 0.99999999400000005867 0.00000000099999999993 0.00000000099999999993 
0.17403620282201301417 0.06081412799412391768 0.10120791159537721737 0.03003030633253455164 0.39205187559343768200 0.24185957466251348236 0.00000000100000000000 
0.08316360691277155381 0.12471214255950992256 0.09146313640890112173 0.00000000100000000000 0.53430633813076244820 0.10939923122926176191 0.05695554375879314374 
0.13861793339802497282 0.15866064536492829884 0.02030890860177059568 0.01164396768469010482 0.51525133968255176775 0.12180842658374405052 0.03370877868429015406 
0.29514623638377374126 0.00000000099999999992 0.00000000099999999992 0.00000000099999999992 0.70485375861622623361 0.00000000099999999992 0.00000000099999999992 
0.99999999400000005867 0.00000000099999999997 0.00000000099999999997 0.00000000099999999997 0.00000000099999999997 0.00000000099999999997 0.00000000099999999997 
0.99999999400000016969 0.00000000099999999993 0.00000000099999999993 0.00000000099999999993 0.00000000099999999993 0.00000000099999999993 0.00000000099999999993 
0.23287812162254539761 0.04721992091860063856 0.00000000100000000000 0.00956407038973675766 0.60591603087959189367 0.10442185418952522336 0.00000000100000000000 
0.19258212940714694583 0.00000000099999999994 0.00000000099999999994 0.00000000099999999994 0.80741786559285311231 0.00000000099999999994 0.00000000099999999994 
0.32848602010485900005 0.14328468272941580208 0.00000082917733178946 0.00000000099999999999 0.48014753293050538296 0.04808093305788791599 0.00000000099999999999 
0.35656841319287269076 0.11943884703208293430 0.02151704729786433484 0.00000000099999999999 0.35471620163095496370 0.14775948884622505664 0.00000000099999999999 
0.44495297859648164085 0.05337749173779781503 0.13973222073975688495 0.08230604691267952300 0.17619053469148077129 0.09980302810681039583 0.00363769921499296819 
0.39541304879985339493 0.05154970368275479248 0.18495593920232766827 0.10865942827766333911 0.19063335903636211000 0.06878852000103855002 0.00000000100000000000 
0.26276477243746004797 0.13944073099587742104 0.09336999140287323418 0.00000000099999999998 0.38294469877927389545 0.12147980438451534690 0.00000000099999999998 
0.11901524683461682519 0.00000000099999999999 0.04964815047120532676 0.00000000099999999999 0.18765188529830056918 0.64368471439587726657 0.00000000099999999999 
0.00000281846023836578 0.00000000099999999999 0.07480911332024064997 0.00000000099999999999 0.22596578814775541977 0.69922227707176554112 0.00000000099999999999 
0.00000000099999999978 0.00000000099999999978 0.00000000099999999978 0.00000000099999999978 0.99999999400000005867 0.00000000099999999978 0.00000000099999999978 
0.00000000099999999977 0.00000000099999999977 0.00000000099999999977 0.00000000099999999977 0.99999999399999994765 0.00000000099999999977 0.00000000099999999977 
0.13378583809249258718 0.09346199005632009615 0.00783453331424306676 0.07376681803358510481 0.35286853092965247969 0.33828228857370645777 0.00000000100000000000 
0.00000000099999999982 0.00000000099999999982 0.00000000099999999982 0.00000000099999999982 0.99999999400000005867 0.00000000099999999982 0.00000000099999999982 
0.20365038787250192009 0.00000000099999999999 0.03847751079850192379 0.06266305872789625087 0.48198683740762970906 0.21322220319347015560 0.00000000099999999999 
0.00000000099999999976 0.00000000099999999976 0.00000000099999999976 0.00000000099999999976 0.99999999399999994765 0.00000000099999999976 0.00000000099999999976 
0.00000000100000000000 0.49358876344276558790 0.09552631867585822945 0.04110247308486143780 0.21121761914841039043 0.00000000100000000000 0.15856482364810442487 
0.13310820950488322367 0.20620443216960665511 0.12968281534676712186 0.05207723597560579704 0.17076552005383219268 0.28322239248415043145 0.02493939446515451228 
0.19581401321557051487 0.00000000099999999999 0.15117383358749605926 0.03021019503190726721 0.30476845046142642115 0.31803350570359978366 0.00000000099999999999 
0.17662757049431923595 0.02596992609123981513 0.00000000100000000000 0.00810603344883162324 0.12534572301471058609 0.58871826646564018315 0.07523247948525854656 
0.05226617477815607982 0.00000265431416608805 0.08942747424455849137 0.05168515307923023105 0.47324405017754728187 0.33337449240634164926 0.00000000099999999999 
0.18700231978639428321 0.08197224090871860214 0.00283531587025731818 0.06511679459078621723 0.50088394941925684645 0.16218937842458663878 0.00000000100000000000 
0.32906495040319994061 0.00000000099999999999 0.04291097171621933992 0.00000000099999999999 0.26393320282643067953 0.30967088129834868804 0.05441999175580124193 
0.32945938539979885418 0.00000000099999999999 0.01127740596221159242 0.00000000099999999999 0.26521776222427678738 0.35580335985026484424 0.03824208456344781182 
0.03097735361403450294 0.00978463738536396350 0.02172026174004972401 0.00000000099999999999 0.33623551558700953690 0.50222972303323276666 0.09905250764030949784 
0.00000000688927770721 0.04754962281937035601 0.05444079795931474480 0.00000000099999999999 0.36023854656395148943 0.53776911376612301918 0.00000191100196269028 
0.00000000100000000000 0.46742585245760087664 0.00000000106392089749 0.18211271883602372923 0.00000000100000000000 0.28019976314271793916 0.07026166249973658795 
0.12608661538081339382 0.53148291651152113069 0.03788763266150144138 0.11528317174901767106 0.00000000100000000000 0.00000252340686205928 0.18925713929028437077 
0.09471422442767665761 0.03355566327002757615 0.07334338884779835477 0.01648582346847562649 0.29564653036007043641 0.48625436862595128318 0.00000000099999999999 
0.00000000099999999992 0.56120459365490704684 0.00000000099999999992 0.19471771741577093007 0.00000000099999999992 0.00000000099999999992 0.24407768492932230275 
0.99999999400000016969 0.00000000099999999984 0.00000000099999999984 0.00000000099999999984 0.00000000099999999984 0.00000000099999999984 0.00000000099999999984 
0.99999999400000005867 0.00000000099999999983 0.00000000099999999983 0.00000000099999999983 0.00000000099999999983 0.00000000099999999983 0.00000000099999999983 
0.67154140235489667710 0.00000000099999999997 0.00000000099999999997 0.00633001929807172452 0.05139554229859880780 0.27073303304843288064 0.00000000099999999997 
0.23792901680222550143 0.13316255739865706653 0.13048258179359456532 0.04953826748663094776 0.14445238452660918993 0.29808171380681047768 0.00635347818547205099 
0.18474022700716832834 0.00000000099999999998 0.05647003818180738877 0.00000000099999999998 0.24123956008805846896 0.51755017172296580164 0.00000000099999999998 
0.53181458794400404688 0.00000000099999999997 0.00000000099999999997 0.00000000099999999997 0.08843182053697282163 0.37975358751902305032 0.00000000099999999997 
0.35824554306371658718 0.00000000099999999990 0.00000000099999999990 0.00000000099999999990 0.08645661231025013327 0.55529784062603304573 0.00000000099999999990 
0.32430120981587512441 0.00000000099999999991 0.00000000099999999991 0.00000000099999999991 0.09411496390374601839 0.58158382228037885930 0.00000000099999999991 
0.36700727959061479888 0.00000000099999999993 0.00000000099999999993 0.00000000099999999993 0.11431418743995701293 0.51867852896942812091 0.00000000099999999993 
0.99999999400000016969 0.00000000099999999996 0.00000000099999999996 0.00000000099999999996 0.00000000099999999996 0.00000000099999999996 0.00000000099999999996 
0.99999999400000005867 0.00000000099999999986 0.00000000099999999986 0.00000000099999999986 0.00000000099999999986 0.00000000099999999986 0.00000000099999999986 
0.86849296668222764062 0.09238090644411485475 0.00000000099999999997 0.00000000099999999997 0.03912612287365772185 0.00000000099999999997 0.00000000099999999997 
0.99999999400000016969 0.00000000099999999982 0.00000000099999999982 0.00000000099999999982 0.00000000099999999982 0.00000000099999999982 0.00000000099999999982 
0.90280430644775955251 0.00000000099999999997 0.00000000099999999997 0.00000000099999999997 0.09719568855224046400 0.00000000099999999997 0.00000000099999999997 
0.51264590456039316191 0.00000000099999999995 0.00000000099999999995 0.00000000099999999995 0.00000000099999999995 0.48735409043960686848 0.00000000099999999995 
0.32217137123642813901 0.08526647060249546717 0.00000000100000000000 0.03549160505428691076 0.00000000100000000000 0.50317309849513602860 0.05389745261165350410 
0.33002677370437144555 0.00000000099999999997 0.00000000099999999997 0.01936187324440224664 0.00000000099999999997 0.65061134905122608441 0.00000000099999999997 
0.42577465962027338797 0.00000000099999999999 0.07729206513182002025 0.00000000099999999999 0.05023114119900495139 0.44670213104890155176 0.00000000099999999999 
0.21849667696960287100 0.10140799376012790689 0.16909993897850605915 0.00000000099999999999 0.26517464980054722412 0.24582073849121588438 0.00000000099999999999 
0.44308494763391215177 0.00000000099999999999 0.17900878526286204129 0.00184709836137229681 0.03017313962366762262 0.34588602711818583479 0.00000000099999999999 
0.00000000099999999996 0.00000000099999999996 0.00017879260616982375 0.15257294219955663817 0.00000000099999999996 0.84724826119427354421 0.00000000099999999996 
0.00000000099999999998 0.00233684366411171518 0.00000000099999999998 0.18032301466444522475 0.00000000099999999998 0.81734013767144297891 0.00000000099999999998 
0.00000000099999999998 0.01106380762647649237 0.00000002938711174841 0.14284590981947792310 0.00000000099999999998 0.84609025016693384380 0.00000000099999999998 
0.14075588390452428711 0.00000000099999999999 0.00000000895883662323 0.02004421414563294090 0.35004221627236731251 0.48915767471863880189 0.00000000099999999999 
0.23481551639931758091 0.00000000099999999999 0.00000000099999999999 0.01767975006080670791 0.11252620018344799968 0.63497853035642759512 0.00000000099999999999 
0.64050176356276244949 0.00000000099999999993 0.00000000099999999993 0.00000000099999999993 0.00000000099999999993 0.35949823143723752539 0.00000000099999999993 
0.06080672096850326530 0.00000000099999999999 0.10943341191536430645 0.06892934429308085476 0.28242571409085009959 0.47769667451402442193 0.00070813321817702181 
0.19446064722503036970 0.00000000099999999999 0.17005049100652544491 0.05695815684684667896 0.12133929718275320020 0.45719140573884420320 0.00000000099999999999 
0.23991592234910522063 0.00046745015446090392 0.11423680650681558579 0.07008005950457588118 0.01745491607613068250 0.49854016365462305860 0.05930468175428867811 
0.15398982749250145208 0.00000000099999999997 0.13335019055531685539 0.00000000099999999997 0.15666086859406833098 0.55599911035811322435 0.00000000099999999997 
0.03239809699665066600 0.00000000099999999999 0.21005032407501547653 0.07363649332857144514 0.10274709503394632848 0.57732872566136417269 0.00383926390445207821 
0.00000000099999999994 0.00000000099999999994 0.00000000099999999994 0.00000000099999999994 0.00000000099999999994 0.99999999399999994765 0.00000000099999999994 
0.06644405587517542011 0.03241651112874504442 0.15643086912510978381 0.05083858340595936998 0.13499843339621137028 0.55559548450229956362 0.00327606256649946165 
0.07576072839734442066 0.00000000099999999999 0.12669822897497745595 0.14738506216628718959 0.08345048023339486643 0.56670549822799598516 0.00000000099999999999 
0.24292639233488169670 0.00000000099999999997 0.04381578203026293555 0.00000000099999999997 0.12457894339329603217 0.58867887924155914980 0.00000000099999999997 
0.22335169912923577562 0.00000000099999999998 0.05998782443823560961 0.00000000099999999998 0.10161992059336125149 0.48916674981915547749 0.12587380402001185908 
0.18241365834654840739 0.00000000100000000000 0.09628500031366352130 0.00000000100000000000 0.15643066177383935234 0.40060144267114466965 0.16426923489480405038 
0.23195157251111528374 0.00000000099999999999 0.05214788502616680976 0.00000000099999999999 0.39705995852123715517 0.22550469648529383737 0.09333588545618683174 
0.23597742632473073243 0.00000000099999999999 0.08900348484084431855 0.00000000099999999999 0.32488870663212621182 0.17342729906260828665 0.17670308113969057651 
0.00000000099999999993 0.00000000099999999993 0.00000000099999999993 0.00000000099999999993 0.00000000099999999993 0.99999999400000005867 0.00000000099999999993 
0.07530011366623982905 0.04185886526000291014 0.00000000099999999999 0.00000000099999999999 0.17856542331089769737 0.69123953070545640642 0.01303606505740321705 
0.00000000099999999994 0.00000000099999999994 0.00000000099999999994 0.00000000099999999994 0.00000000099999999994 0.99999999399999994765 0.00000000099999999994 
0.00000000099999999992 0.00000000099999999992 0.00000000099999999992 0.00000000099999999992 0.00000000099999999992 0.99999999399999994765 0.00000000099999999992 
0.51967125569679450958 0.04602014231903040625 0.00000003355591408000 0.00000000099999999999 0.09563091942074559981 0.33867764700751540330 0.00000000099999999999 
0.00000000099999999996 0.00000000099999999996 0.82607291083461964476 0.00000000099999999996 0.00000000099999999996 0.17392708416538041338 0.00000000099999999996 
0.04284966840671985966 0.00000000099999999999 0.75783298414705824175 0.02980165385263985889 0.00000000099999999999 0.16951569059358209679 0.00000000099999999999 
0.05432931389182486109 0.00000000099999999996 0.80856424811072913350 0.00000000099999999996 0.00000000099999999996 0.13710643399744595894 0.00000000099999999996 
0.04509660539872584195 0.00000000099999999997 0.89972541228832891846 0.00000000099999999997 0.00000000099999999997 0.05517797831294515148 0.00000000099999999997 
0.00000000100000000000 0.00000000100000000000 0.77673982331619506603 0.16835714814512212079 0.00000000100000000000 0.00001977697000678089 0.05488324856867609486 
0.23852399641477170511 0.00000000100000000000 0.75952951997786466443 0.00000000100000000000 0.00000001214512392227 0.00194646846223979681 0.00000000100000000000 
0.05011088999526225329 0.73047445102990149479 0.00000000100000000000 0.02893006737637763767 0.00000002991646851878 0.07707953514942618434 0.11340502553256405494 
0.00000000099999999999 0.00000000099999999999 0.84744980761530208646 0.06393429084128678108 0.00000000099999999999 0.00000000422319858115 0.08861589432021246826 
0.41869586049253537663 0.00000013437282873978 0.34222630834259742949 0.00000002146741587150 0.00000000100000000000 0.00000113033328994786 0.23907654399133254630 
0.04638907713711076103 0.01781129903734681233 0.75615332638598542481 0.00000000099999999999 0.00000000099999999999 0.17964629443955706933 0.00000000099999999999 
0.43695035913883056855 0.13973322270087995545 0.04137065028309678399 0.00839206706096770963 0.37355369881622502160 0.00000000100000000000 0.00000000100000000000 
0.00000000099999999997 0.00000000099999999997 0.94460451122196920082 0.00000000099999999997 0.00000000099999999997 0.00000000099999999997 0.05539548377803087120 
0.20522404762534118827 0.07319232387463628364 0.65467127692133597616 0.00000000100000000000 0.00000000100000000000 0.00009282823347058650 0.06681952134521600140 
0.00000000099999999998 0.00000000099999999998 0.97531808683028631268 0.02468190816971356158 0.00000000099999999998 0.00000000099999999998 0.00000000099999999998 
0.06441659164158348994 0.00000000099999999996 0.78879478920213874638 0.00000000099999999996 0.10560523799816516621 0.04118337815811270314 0.00000000099999999996 
0.07413635947011992799 0.00000000099999999996 0.92586363552988015790 0.00000000099999999996 0.00000000099999999996 0.00000000099999999996 0.00000000099999999996 
0.00000000099999999997 0.00000000099999999997 0.99999999400000005867 0.00000000099999999997 0.00000000099999999997 0.00000000099999999997 0.00000000099999999997 
0.21344785970649293727 0.00000000099999999998 0.67583418385607585410 0.01240802315165880944 0.02133416454278344934 0.07697576674298878263 0.00000000099999999998 
0.13051965785920160990 0.00000000100000000000 0.67155833843553425222 0.05280663641845661366 0.11534323620779207697 0.02977212907901547259 0.00000000100000000000 
0.09339298497863134096 0.00000000099999999999 0.90285840993381527575 0.00000000099999999999 0.00000000099999999999 0.00000000099999999999 0.00374860108755340838 
0.00000000099999999989 0.00000000099999999989 0.99999999399999994765 0.00000000099999999989 0.00000000099999999989 0.00000000099999999989 0.00000000099999999989 
0.00000000099999999989 0.00000000099999999989 0.99999999399999994765 0.00000000099999999989 0.00000000099999999989 0.00000000099999999989 0.00000000099999999989 
0.00000000099999999987 0.00000000099999999987 0.99999999400000005867 0.00000000099999999987 0.00000000099999999987 0.00000000099999999987 0.00000000099999999987 
0.08344727068430249362 0.00000000099999999998 0.91655272431569756453 0.00000000099999999998 0.00000000099999999998 0.00000000099999999998 0.00000000099999999998 
0.00062937723696635407 0.00000000100000000000 0.99937054595752061736 0.00000007264580409031 0.00000000115970883674 0.00000000100000000000 0.00000000100000000000 
0.01644230933945422732 0.00000000099999999998 0.92874060781692824307 0.02073016447696759967 0.03367439394816747894 0.00041252241848256031 0.00000000099999999998 
0.00784022768740627943 0.05747009254164783115 0.90198423817731399055 0.00000000099999999998 0.00000000099999999998 0.03270543859363202882 0.00000000099999999998 
0.13451789438842501334 0.10899381493862263237 0.75345435750355760351 0.00000000099999999998 0.00000000099999999998 0.00000000099999999998 0.00303393016939470985 
0.06780302102215361726 0.07272591679609068105 0.74317858762306032716 0.00000000099999999999 0.04646601975804367374 0.06982645280065173654 0.00000000099999999999 
0.00200616345471409498 0.48111225983663219452 0.27296049901046942621 0.08978100696198115793 0.00000000100000000000 0.03576836131621564940 0.11837170841998757853 
0.00000000100000000000 0.57549241680280827094 0.00000000100000000000 0.10828725663256465184 0.00000000232282179497 0.11692360635039680816 0.19929671589140857124 
0.00000000099999999993 0.00000000099999999993 0.99999999400000005867 0.00000000099999999993 0.00000000099999999993 0.00000000099999999993 0.00000000099999999993 
0.15048821620329733140 0.00000000099999999997 0.82506413538050049628 0.00000000099999999997 0.00000000099999999997 0.00000000099999999997 0.02444764441620220566 
0.00000000099999999999 0.00000000099999999999 0.76649876755712254006 0.02339383313848676302 0.08289968890554773318 0.00000000099999999999 0.12720770739884304512 
0.00000000099999999995 0.00000000099999999995 0.99999999399999994765 0.00000000099999999995 0.00000000099999999995 0.00000000099999999995 0.00000000099999999995 
0.00000000099999999995 0.00000000099999999995 0.99999999399999994765 0.00000000099999999995 0.00000000099999999995 0.00000000099999999995 0.00000000099999999995 
0.03742428148855732328 0.00000000099999999999 0.83975086317139135961 0.05562650394904252588 0.00000000099999999999 0.00000000099999999999 0.06719834839100875812 
0.00000000099999999997 0.00000000099999999997 0.94615421052302361993 0.05384578447697643822 0.00000000099999999997 0.00000000099999999997 0.00000000099999999997 
0.00000000099999999997 0.00000000099999999997 0.99999999399999994765 0.00000000099999999997 0.00000000099999999997 0.00000000099999999997 0.00000000099999999997 
0.00000000099999999998 0.00000000099999999998 0.99999999400000005867 0.00000000099999999998 0.00000000099999999998 0.00000000099999999998 0.00000000099999999998 
0.03882640531264379413 0.43799249762312425505 0.23053623149015609051 0.07788203463022058681 0.04777950856302352195 0.03752317944182878562 0.12946014293900298675 
0.00000000099999999996 0.00000000099999999996 0.96808192997464359575 0.00000000099999999996 0.00000000099999999996 0.00000000099999999996 0.03191806502535639994 
0.00000000099999999999 0.06057765559382877890 0.82182985176519363080 0.08244839149544885837 0.00000000099999999999 0.00000000099999999999 0.03514409814552892086 
0.01917473818405976069 0.00000000099999999999 0.98082525681594034950 0.00000000099999999999 0.00000000099999999999 0.00000000099999999999 0.00000000099999999999 
0.15006553356212221084 0.25007204946065236806 0.23746814674189739569 0.00000000100000000000 0.00970860997152317960 0.20520591100632348813 0.14747974825748130789 
0.00000000100000000000 0.05048570759201596175 0.94943090066794844084 0.00000000100000000000 0.00000716227983598353 0.00000000100000000000 0.00007622646019961642 
0.00000000099999999999 0.84558155611493912573 0.00000000099999999999 0.05682036170750984216 0.00000000099999999999 0.00000000099999999999 0.09759807817755108972 
0.07285997836373153680 0.14381177852817636498 0.78332823910809212808 0.00000000099999999998 0.00000000099999999998 0.00000000099999999998 0.00000000099999999998 
0.00000000099999999999 0.00000000099999999999 0.99999999400000005867 0.00000000099999999999 0.00000000099999999999 0.00000000099999999999 0.00000000099999999999 
0.00000000099999999988 0.00000000099999999988 0.99999999399999994765 0.00000000099999999988 0.00000000099999999988 0.00000000099999999988 0.00000000099999999988 
0.00000000099999999993 0.00000000099999999993 0.99999999399999994765 0.00000000099999999993 0.00000000099999999993 0.00000000099999999993 0.00000000099999999993 
0.00000000099999999999 0.00000000099999999999 0.99999999399999994765 0.00000000099999999999 0.00000000099999999999 0.00000000099999999999 0.00000000099999999999 
0.04300911310077854682 0.00000000099999999997 0.95417863282141246462 0.00281225007780910386 0.00000000099999999997 0.00000000099999999997 0.00000000099999999997 
0.00000000099999999997 0.00000000099999999997 0.99999999360655278391 0.00000000099999999997 0.00000000139344708766 0.00000000099999999997 0.00000000099999999997 
0.00000000099999999999 0.00000000099999999999 0.98240277930407882145 0.01759721569592111526 0.00000000099999999999 0.00000000099999999999 0.00000000099999999999 
0.00000000099999999996 0.00000000099999999996 0.99999999399999994765 0.00000000099999999996 0.00000000099999999996 0.00000000099999999996 0.00000000099999999996 
0.00000000099999999996 0.00000000099999999996 0.99999999399999994765 0.00000000099999999996 0.00000000099999999996 0.00000000099999999996 0.00000000099999999996 
0.00000000099999999995 0.00000000099999999995 0.99999999400000005867 0.00000000099999999995 0.00000000099999999995 0.00000000099999999995 0.00000000099999999995 
0.00000000099999999993 0.00000000099999999993 0.99999999400000005867 0.00000000099999999993 0.00000000099999999993 0.00000000099999999993 0.00000000099999999993 
0.00000000100000000000 0.00000000100000000000 0.00007102846172391844 0.00000000100000000000 0.00381739578655272130 0.47070302135152125578 0.52540855140020215064 
0.09457658443274698234 0.00000000100000000000 0.00000000100000000000 0.00000000100000000000 0.33359090401584601260 0.09844614779604285437 0.47338636075536405512 
0.18062032645354719751 0.00000000100000000000 0.00000000100000000000 0.02065140444102328207 0.66028971656719492866 0.13843854953823453435 0.00000000100000000000 
0.00000000099999999998 0.00000000099999999998 0.99999999400000005867 0.00000000099999999998 0.00000000099999999998 0.00000000099999999998 0.00000000099999999998 
0.00000000099999999997 0.00000000099999999997 0.99999999400000005867 0.00000000099999999997 0.00000000099999999997 0.00000000099999999997 0.00000000099999999997 
0.78717593506770711098 0.00000000100000000000 0.06274130332637496699 0.00000096797995421381 0.00000000100000000000 0.00000000100000000000 0.15008179062596369024 
0.16528869697453429932 0.04353672594623150122 0.00000000462512587318 0.00000000099999999999 0.00000000099999999999 0.79117456945410824520 0.00000000099999999999 
0.00000000099999999998 0.00000000099999999998 0.34293093405317470745 0.00000000099999999998 0.00000000099999999998 0.65706906094682526742 0.00000000099999999998 
0.09791520861482701232 0.05369253493737364408 0.01772296402843244120 0.06021398200231229542 0.13228229614987088714 0.60303679681223332221 0.03513621745495042886 
0.00000000099999999992 0.00000000099999999992 0.99999999399999994765 0.00000000099999999992 0.00000000099999999992 0.00000000099999999992 0.00000000099999999992 
0.00000000100000000000 0.19362545987607482356 0.00022216046267508610 0.01603346781753651681 0.00001526767019264915 0.75402098144637286214 0.03608266172714804515 
0.00000000099999999998 0.00000000099999999998 0.00000000099999999998 0.00000000099999999998 0.00000000099999999998 0.99999999400000005867 0.00000000099999999998 
0.00000000099999999997 0.00000000099999999997 0.00000000099999999997 0.00000000099999999997 0.00000000099999999997 0.99999999400000005867 0.00000000099999999997 
0.00000000099999999995 0.00000000099999999995 0.00000000099999999995 0.00000000099999999995 0.00000000099999999995 0.99999999399999994765 0.00000000099999999995 
0.00000000099999999999 0.00000000099999999999 0.00000000099999999999 0.02252312847909780646 0.00022239242568378992 0.97725447509521845557 0.00000000099999999999 
0.03016107422417447018 0.00000000099999999996 0.00000000099999999996 0.00000000099999999996 0.00000000099999999996 0.96983892077582545266 0.00000000099999999996 
0.07680259357017502064 0.04548014454788969207 0.00000000099999999997 0.00000000099999999997 0.00000000099999999997 0.87771725788193522000 0.00000000099999999997 
