0.00000000099999999995 0.00000000099999999995 0.00000000099999999995 0.00000000099999999995 0.00742362007279151036 0.00000000099999999995 0.99257637392720843295 0.00000000099999999995 
0.00000000099999999993 0.00000000099999999993 0.00000000099999999993 0.00000000099999999993 0.00000000099999999993 0.00000000099999999993 0.99999999299999986491 0.00000000099999999993 
0.00000000099999999999 0.04586116428072228163 0.00000000099999999999 0.14183840619123772031 0.00000000099999999999 0.00000000099999999999 0.74126736160632888950 0.07103306392171099271 
0.00000000099999999997 0.00000000099999999997 0.00000000099999999997 0.05117612374558051097 0.02836341295677930613 0.00000000099999999997 0.88179508562467234789 0.03866537367296778854 
0.00000000099999999999 0.00000000099999999999 0.07849201799247196298 0.06347511931285279574 0.00074312812022926894 0.00000000099999999999 0.83184076212537871875 0.02544896944906734765 
0.00000000099999999996 0.00000000099999999996 0.19641571951604433477 0.00713066057867473534 0.01446402886380476586 0.00000000099999999996 0.70223888396123856914 0.07975070408023755830 
0.00000000099999999998 0.00000000099999999998 0.09612154536252424941 0.00000000099999999998 0.00000000099999999998 0.00714007521155207974 0.83184898304996346408 0.06488939237596025311 
0.00000000099999999996 0.00000000099999999996 0.08060567805701714106 0.00000000099999999996 0.00000000099999999996 0.00000000099999999996 0.91939431594298282047 0.00000000099999999996 
0.00000000099999999998 0.00000000099999999998 0.16618899114942292661 0.00596631348010068143 0.00000000099999999998 0.00000000099999999998 0.79530688110125224988 0.03253781026922403230 
0.00000000099999999999 0.00000000099999999999 0.04177430279411557812 0.05211340630001647101 0.00482080938564284286 0.00000000099999999999 0.82049813519051828514 0.08079334332970684873 
0.00000000099999999998 0.00000000099999999998 0.00000000099999999998 0.03921082001841107861 0.00000000099999999998 0.00000000099999999998 0.92219384425841610664 0.03859533072317296309 
0.00000000099999999997 0.00000000099999999997 0.05784505044677721447 0.05765970185820174648 0.00000000099999999997 0.00000000099999999997 0.88449524269502100005 0.00000000099999999997 
0.13018127449531727291 0.00000000099999999991 0.00000000099999999991 0.03259469487403455351 0.00000000099999999991 0.00000000099999999991 0.83722402563064812764 0.00000000099999999991 
0.07468845995187343989 0.00000000099999999999 0.01438196584215553804 0.00000000099999999999 0.00000000099999999999 0.19285412936238552351 0.67285282327114326328 0.04522261857244211369 
0.00000000099999999999 0.07262325317266821179 0.07234588044917673877 0.00000000099999999999 0.00000000099999999999 0.02703160814127095884 0.79913517492078678384 0.02886408031609737426 
0.08303070397746761810 0.00000000099999999999 0.00000000099999999999 0.02564630436809013994 0.05054689177197867200 0.00000000099999999999 0.67698233836780674633 0.16379375851465685643 
0.00000000099999999996 0.00000000099999999996 0.00716301303783265647 0.00000000099999999996 0.00000000099999999996 0.07909346111665112311 0.91374352084551624387 0.00000000099999999996 
0.00000000100000000000 0.00678146650681668399 0.00000000100000000000 0.10503118921201878844 0.01035994856697639542 0.00066395540848544494 0.75432791712874802670 0.12283552117695462069 
0.12079176214897362207 0.00000000099999999998 0.00000000099999999998 0.00000000099999999998 0.01277845391490738114 0.04852072055837657050 0.81790905937774227574 0.00000000099999999998 
0.00241915422869378458 0.00610811596297965598 0.10173852027172236578 0.12544798028221817998 0.02028046403651435903 0.00000000100000000000 0.58727344473833575922 0.15673231947953580878 
0.08713183963892449924 0.00000000099999999999 0.09065086718989068260 0.04137213666117590949 0.05765958618497508958 0.00000000099999999999 0.68312359438801639744 0.04006197393701746434 
0.00000000099999999997 0.00000000099999999997 0.00000000099999999997 0.06810858438945938120 0.02834760637329242564 0.00000000099999999997 0.90354380423724811600 0.00000000099999999997 
0.00000000099999999997 0.00000000099999999997 0.00936845765423559643 0.02920234255756164535 0.03667378104041361941 0.13325975713665899614 0.79149565861113002629 0.00000000099999999997 
0.00000000099999999995 0.00000000099999999995 0.00000000099999999995 0.00000000099999999995 0.00000000099999999995 0.00000000099999999995 0.99999999299999997593 0.00000000099999999995 
0.00000000099999999997 0.00000000099999999997 0.01602869493557920744 0.01946221544509710646 0.02506549357633259048 0.00000000099999999997 0.93944359204299110466 0.00000000099999999997 
0.04636873235673269478 0.00000000099999999999 0.00000000099999999999 0.02052064380185685336 0.00000000099999999999 0.11062341034907810511 0.72233073703368788632 0.10015647345864428508 
0.00000000099999999993 0.00000000099999999993 0.00000000099999999993 0.03337137650992547111 0.00000000099999999993 0.00000000099999999993 0.96662861749007455980 0.00000000099999999993 
0.00000000099999999998 0.00000000099999999998 0.15792890548860907818 0.07350347572037152499 0.00000000099999999998 0.00000000099999999998 0.63981963152895260372 0.12874798326206690624 
0.03162179769726557871 0.03436646898681732648 0.00000000100000000000 0.05786047561808717321 0.04772852617487243626 0.05970747766047613397 0.68914647602879108845 0.07956877683369020793 
0.03790343473940233771 0.00000000099999999999 0.00000000099999999999 0.08848644929947038773 0.02220856864231848804 0.00000000099999999999 0.77419823253758279780 0.07720331178122596949 
0.00000000099999999999 0.00000000099999999999 0.03290815529720609450 0.01439386638537289848 0.00000000099999999999 0.00000000099999999999 0.58347349248355806495 0.36922448183386286091 
0.00000490345251352154 0.02239231790679354836 0.03940225732607372661 0.13557648829187465833 0.00000000100000000000 0.05774545692701223143 0.65870020908078441568 0.08617836601494792415 
0.00443525181361403755 0.00000000099999999999 0.12002449716933413781 0.10914357931255089240 0.00241235411179312013 0.00000000470724914837 0.72421130815135970060 0.03977300373409899115 
0.00000000099999999997 0.14536021369325041741 0.00000000099999999997 0.00000000099999999997 0.00000000099999999997 0.00000000099999999997 0.77438472847423645007 0.08025505283251313515 
0.00000000099999999996 0.00000000099999999996 0.00000000099999999996 0.00000000099999999996 0.01523286896140718660 0.00000000099999999996 0.95619003178125627773 0.02857709425733649666 
0.00000000099999999991 0.00000000099999999991 0.00000000099999999991 0.00000000099999999991 0.00000000099999999991 0.00000000099999999991 0.99999999299999986491 0.00000000099999999991 
0.00000000099999999993 0.00000000099999999993 0.00000000099999999993 0.00000000099999999993 0.00000000099999999993 0.00000000099999999993 0.99999999299999986491 0.00000000099999999993 
0.00000000099999999996 0.00000000099999999996 0.00000000099999999996 0.10131064351797135215 0.00000000099999999996 0.01789063066506798791 0.75371912988329692329 0.12707959193366377693 
0.00000000099999999998 0.02294844692227807417 0.00000000099999999998 0.05735549903607158051 0.06422078650371858266 0.00000000099999999998 0.71488673546214498433 0.14058852907578678337 
0.00000000099999999999 0.00000000099999999999 0.02297411455153911333 0.01582726135292960093 0.00000000099999999999 0.10201956479954313317 0.75378255763537493905 0.10539649866061315264 
0.00000000099999999998 0.00000000099999999998 0.10343768523476076782 0.04913420679546564446 0.04442232302596740151 0.00000000099999999998 0.78141356610407275429 0.02159221583973333289 
0.00000000099999999996 0.00000000099999999996 0.00000000099999999996 0.00000000099999999996 0.00000000099999999996 0.00000000099999999996 0.99999999299999986491 0.00000000099999999996 
0.00000000099999999995 0.00000000099999999995 0.00000000099999999995 0.00000000099999999995 0.00000000099999999995 0.00000000099999999995 0.99999999299999986491 0.00000000099999999995 
0.00000000099999999998 0.03527736322377465761 0.00000000099999999998 0.04472638757548498545 0.00000000099999999998 0.00000000099999999998 0.70599109670459903043 0.21400514849614130086 
0.00000000099999999952 0.00000000099999999952 0.00000000099999999952 0.00000000099999999952 0.00000000099999999952 0.00000000099999999952 0.00000000099999999952 0.99999999300000008695 
0.00000000099999999999 0.00000000099999999999 0.00000000099999999999 0.00000000099999999999 0.00000000099999999999 0.00000000099999999999 0.99999999299999986491 0.00000000099999999999 
0.00000000099999999950 0.00000000099999999950 0.00000000099999999950 0.00000000099999999950 0.00000000099999999950 0.00000000099999999950 0.00000000099999999950 0.99999999299999997593 
0.00000000099999999954 0.00000000099999999954 0.00000000099999999954 0.00000000099999999954 0.00000000099999999954 0.00000000099999999954 0.00000000099999999954 0.99999999299999997593 
0.00000000099999999999 0.16962267790421295399 0.00000000099999999999 0.09049836924387220927 0.02475100397917847153 0.08021279108980676475 0.22592739772520523123 0.40898775805772430436 
0.00000000099999999952 0.00000000099999999952 0.00000000099999999952 0.00000000099999999952 0.00000000099999999952 0.00000000099999999952 0.00000000099999999952 0.99999999299999997593 
0.03064134636316727736 0.00000000100000000000 0.00000000100000000000 0.17800008771727074408 0.05122196886979339669 0.00000000184997346741 0.47163080150073244390 0.26850579169906285681 
0.04531943706152482404 0.00000000100000000000 0.06755690879015217865 0.36819991564543119722 0.00000000100000000000 0.10749565711954991998 0.19807778440520454333 0.21335029497813734478 
0.00000000099999999999 0.00000000099999999999 0.00000000099999999999 0.63569489428109604567 0.00000000099999999999 0.00000000099999999999 0.08383826391438946313 0.28046683680451450771 
0.05127682706655328770 0.01808178483185230931 0.00000000099999999998 0.09104607857372530588 0.00000000099999999998 0.00000000099999999998 0.52739569012372122803 0.31219961640414772841 
0.04619998723882699082 0.05954855713924435412 0.00000000155205491469 0.24327289329768217452 0.00000000099999999999 0.07855925954753463503 0.19184300895828271249 0.38057629126637421146 
0.35054399323288731871 0.00000000099999999989 0.00000000099999999989 0.00000000099999999989 0.00000000099999999989 0.00000000099999999989 0.00000000099999999989 0.64945600076711262894 
0.00000000099999999989 0.00000000099999999989 0.00000000099999999989 0.00000000099999999989 0.00000000099999999989 0.00000000099999999989 0.00000000099999999989 0.99999999300000008695 
0.00000000099999999995 0.00000000099999999995 0.00000000099999999995 0.66247136601523837207 0.00000000099999999995 0.00000000099999999995 0.00000000099999999995 0.33752862798476179762 
0.00000000099999999997 0.00000000099999999997 0.00000000099999999997 0.64094739349746854273 0.00000000099999999997 0.00000000099999999997 0.24436947383033319481 0.11468312767219829285 
0.00000000099999999993 0.00000000099999999993 0.00000000099999999993 0.19677215897540353828 0.00000000099999999993 0.00000000099999999993 0.59110483103814626116 0.21212300498645011992 
0.00000000099999999997 0.02941452185661148910 0.00000000099999999997 0.08125066011782286490 0.00000000099999999997 0.01663803724635024364 0.57178177141069641554 0.30091500636851914452 
0.00000000099999999997 0.06946590870931804163 0.00000000099999999997 0.19475439823986720467 0.00000000099999999997 0.00000000099999999997 0.37055854166840573871 0.36522114738240901710 
0.00000000099999999962 0.00000000099999999962 0.00000000099999999962 0.99999999300000008695 0.00000000099999999962 0.00000000099999999962 0.00000000099999999962 0.00000000099999999962 
0.00000000099999999962 0.00000000099999999962 0.00000000099999999962 0.99999999299999997593 0.00000000099999999962 0.00000000099999999962 0.00000000099999999962 0.00000000099999999962 
0.00000000099999999955 0.00000000099999999955 0.00000000099999999955 0.99999999299999997593 0.00000000099999999955 0.00000000099999999955 0.00000000099999999955 0.00000000099999999955 
0.00000000099999999960 0.00000000099999999960 0.00000000099999999960 0.99999999300000008695 0.00000000099999999960 0.00000000099999999960 0.00000000099999999960 0.00000000099999999960 
0.00000000099999999954 0.00000000099999999954 0.00000000099999999954 0.99999999299999997593 0.00000000099999999954 0.00000000099999999954 0.00000000099999999954 0.00000000099999999954 
0.00000000099999999998 0.13503607299793798924 0.00000000099999999998 0.25564420147073180223 0.00000000099999999998 0.04947055322450815557 0.42034526645260833488 0.13950390285421376824 
0.00000000099999999994 0.00000000099999999994 0.00000000099999999994 0.73339642834104956659 0.00000000099999999994 0.00000000099999999994 0.01061554957902861515 0.25598801707992174803 
0.00000000099999999995 0.00000000099999999995 0.00000000099999999995 0.19860478662771727243 0.00000000099999999995 0.00000000099999999995 0.55187101457345832944 0.24952419379882445627 
0.00000000099999999992 0.00000000099999999992 0.00000000099999999992 0.78379410418491146650 0.00000000099999999992 0.00000000099999999992 0.00000000099999999992 0.21620588981508861992 
0.00000000099999999964 0.00000000099999999964 0.00000000099999999964 0.99999999299999997593 0.00000000099999999964 0.00000000099999999964 0.00000000099999999964 0.00000000099999999964 
0.00000000099999999994 0.00000000099999999994 0.00000000099999999994 0.14596000477141718443 0.00000000099999999994 0.00000000099999999994 0.76348279006977148864 0.09055720015881134344 
0.00000000099999999996 0.00000000099999999996 0.00000000099999999996 0.06230190605453926611 0.00000000099999999996 0.00000000099999999996 0.67324331542314708177 0.26445477352231355761 
0.00000000099999999993 0.00000000099999999993 0.00000000099999999993 0.15902080620190978122 0.00000000099999999993 0.00000000099999999993 0.50344942562242978035 0.33752976317566041331 
0.00000000099999999993 0.00000000099999999993 0.00000000099999999993 0.14056354324255793120 0.00000000099999999993 0.00000000099999999993 0.53011639916906350134 0.32932005258837837580 
0.00000000099999999990 0.00000000099999999990 0.00000000099999999990 0.16350175084720372509 0.00000000099999999990 0.00000000099999999990 0.36705670577094157148 0.46944153838185476157 
0.00000000099999999998 0.00000000099999999998 0.00000000099999999998 0.12184658051188239358 0.00000000099999999998 0.04456851165210298088 0.65330932704768107655 0.18027557678833361354 
0.47790365521596983589 0.00000000100000000000 0.00000000100000000000 0.09082738206422330540 0.00000000100000000000 0.43126895771980694461 0.00000000100000000000 0.00000000100000000000 
0.81131842202059945013 0.00000000099999999997 0.00000000099999999997 0.00000000099999999997 0.00000000099999999997 0.12892813967700555988 0.05975343330239513834 0.00000000099999999997 
0.99999999300000019797 0.00000000099999999998 0.00000000099999999998 0.00000000099999999998 0.00000000099999999998 0.00000000099999999998 0.00000000099999999998 0.00000000099999999998 
0.00000000099999999998 0.00000000099999999998 0.00000000099999999998 0.24589676490953929489 0.00000000099999999998 0.00000000099999999998 0.19833070242066280775 0.55577252766979778897 
0.00000000099999999997 0.00000000099999999997 0.00000000099999999997 0.17742519182741864348 0.00913809611333187520 0.00000000099999999997 0.43284110964520816633 0.38059559841404133618 
0.18965830498516378366 0.00000000099999999997 0.81034168901483627501 0.00000000099999999997 0.00000000099999999997 0.00000000099999999997 0.00000000099999999997 0.00000000099999999997 
0.31121240744689343538 0.00000000099999999997 0.61852985112377201204 0.00000000099999999997 0.07025773642933447194 0.00000000099999999997 0.00000000099999999997 0.00000000099999999997 
0.05344837106609131444 0.31278806204109482758 0.50762683379952644458 0.00000000099999999999 0.00457314758636319808 0.00000000099999999999 0.09523438708111565953 0.02632919642580860281 
0.36726066458235606671 0.00000000100000000000 0.40770043283277285218 0.04553973660397132861 0.06579952512054729197 0.08443347973555273556 0.00000000100000000000 0.02926615912479960460 
0.99967861827346027326 0.00000000099999999991 0.00032137572653977235 0.00000000099999999991 0.00000000099999999991 0.00000000099999999991 0.00000000099999999991 0.00000000099999999991 
0.20920321556055909706 0.12257159387741232981 0.47645685223617140203 0.00000000099999999999 0.05459958237908656836 0.09184170279102300827 0.03963995943061854321 0.00568709272512904485 
0.00000000099999999986 0.00000000099999999986 0.99999999299999997593 0.00000000099999999986 0.00000000099999999986 0.00000000099999999986 0.00000000099999999986 0.00000000099999999986 
0.00000000099999999987 0.00000000099999999987 0.99999999300000008695 0.00000000099999999987 0.00000000099999999987 0.00000000099999999987 0.00000000099999999987 0.00000000099999999987 
0.16233383150831642849 0.18917036823215643837 0.33421818712754486347 0.00000000100000000000 0.14787088435177953016 0.09263646493092933532 0.05901271815739410342 0.01475754469187931864 
0.03204926150663504197 0.10482481735053444938 0.50126692922157467525 0.05286497888351524010 0.10616284339455744901 0.07423327755681093099 0.12859789108637217914 0.00000000100000000000 
0.10845350549456049538 0.15265942871080226406 0.38690113923568375531 0.03278202504712294379 0.15522084889442344657 0.00000059805984918547 0.16398245355755780572 0.00000000100000000000 
0.32269608648367759107 0.00000000099999999993 0.63677118852891334555 0.00000000099999999993 0.04053271998740914928 0.00000000099999999993 0.00000000099999999993 0.00000000099999999993 
0.99999999300000019797 0.00000000099999999996 0.00000000099999999996 0.00000000099999999996 0.00000000099999999996 0.00000000099999999996 0.00000000099999999996 0.00000000099999999996 
0.99999999300000008695 0.00000000099999999991 0.00000000099999999991 0.00000000099999999991 0.00000000099999999991 0.00000000099999999991 0.00000000099999999991 0.00000000099999999991 
0.24998811408949475621 0.00000000099999999999 0.47787338974432014282 0.00000000099999999999 0.23038831628139788688 0.00000000099999999999 0.00074563004435132042 0.04100454684043604303 
0.20876668855351532272 0.00000000099999999993 0.25320393567966742454 0.00000000099999999993 0.53802937076681722761 0.00000000099999999993 0.00000000099999999993 0.00000000099999999993 
0.29817910001282132981 0.00000000099999999998 0.48686261261253949151 0.00000000099999999998 0.08603454943525129517 0.00000199428035716417 0.12892174065903058700 0.00000000099999999998 
0.36504722938612144123 0.17729609497067744250 0.20414252007735128602 0.00000000099999999999 0.14200763189503393114 0.00054463302685374057 0.11096188864396205886 0.00000000099999999999 
0.43443534538205330620 0.12801935820852891612 0.08283408333237440857 0.00328375303074009356 0.07722383133467353167 0.13967374531093496026 0.07906826807448301409 0.05546161532621167456 
0.38011883358308207193 0.12525425801485509658 0.06560928404816389337 0.00000000100000000000 0.08051140483437936590 0.18267863955351351657 0.09273354969352126664 0.07309402927248483117 
0.24334127680316816611 0.08303478659670598949 0.30449985064395573842 0.00000000099999999998 0.15500565922316544842 0.07983761750230876364 0.13428080723069571456 0.00000000099999999998 
0.04615703180597145738 0.58770298751902005918 0.36613997567500849994 0.00000000099999999998 0.00000000099999999998 0.00000000099999999998 0.00000000099999999998 0.00000000099999999998 
0.00000000099999999997 0.63067237505876339032 0.36932761894123677937 0.00000000099999999997 0.00000000099999999997 0.00000000099999999997 0.00000000099999999997 0.00000000099999999997 
0.00000000099999999942 0.00000000099999999942 0.00000000099999999942 0.00000000099999999942 0.99999999300000008695 0.00000000099999999942 0.00000000099999999942 0.00000000099999999942 
0.00000000099999999942 0.00000000099999999942 0.00000000099999999942 0.00000000099999999942 0.99999999300000008695 0.00000000099999999942 0.00000000099999999942 0.00000000099999999942 
0.08349328985039566886 0.20340509459079506027 0.53767642678245908261 0.00000000099999999999 0.04559247635568813156 0.00000000099999999999 0.05975392956417448220 0.07007878085648767963 
0.00000000099999999953 0.00000000099999999953 0.00000000099999999953 0.00000000099999999953 0.99999999299999997593 0.00000000099999999953 0.00000000099999999953 0.00000000099999999953 
0.20999432702704937115 0.14333225596537785274 0.29369671185282231196 0.00000000099999999999 0.25932379984729286848 0.04326921054983880188 0.00000000099999999999 0.05038369275761895444 
0.00000000099999999945 0.00000000099999999945 0.00000000099999999945 0.00000000099999999945 0.99999999300000008695 0.00000000099999999945 0.00000000099999999945 0.00000000099999999945 
0.00000000100000000000 0.00000000100000000000 0.00668585856162540702 0.15282393228317112110 0.10139375057860396112 0.09853939594410740521 0.58351388934859027557 0.05704317128390182234 
0.11570336280007097185 0.19035576599016335031 0.24372246334236405407 0.02337052210823308343 0.04729840138039180519 0.13050610336424958713 0.20429749736705662966 0.04474588364747048019 
0.17984884335391820853 0.22276857674331235204 0.28149598659449581728 0.00000000099999999999 0.13098281773789133275 0.16033677268045370967 0.00000000099999999999 0.02456700088992857731 
0.14731373027524891084 0.51603537072606797675 0.25043336029733487269 0.07311205742740534141 0.00000000100000000000 0.00000000100000000000 0.01310547827394295713 0.00000000100000000000 
0.03718998230166486313 0.31749604851848856057 0.46115986366360395277 0.00000000099999999999 0.07339251568891737298 0.06175111992461230354 0.00000000099999999999 0.04901046790271297582 
0.17356618205377913333 0.06873853201995745732 0.50561169831995189661 0.00000000099999999999 0.11448045186620692260 0.00000010763123675375 0.08928474611906916936 0.04831828098979869951 
0.24864345011082608639 0.13254544186133923600 0.52862072899521261871 0.04283508408855241090 0.00671393062911107216 0.04064136231495862894 0.00000000099999999999 0.00000000099999999999 
0.23440033797079670719 0.19451966717386215411 0.54927414509108274387 0.02180584576425860510 0.00000000099999999999 0.00000000099999999999 0.00000000099999999999 0.00000000099999999999 
0.00163854887371183105 0.37753204958622560428 0.40828953016697377976 0.09731003740647158062 0.11112167493685272401 0.00407441508942697067 0.00003374294033737430 0.00000000099999999999 
0.00000000099999999998 0.40749423602732065541 0.44192951519149492601 0.00000000099999999998 0.09051235358868139902 0.03779778660829927889 0.02226610558420365205 0.00000000099999999998 
0.00000000100000000000 0.26490700902190977839 0.00043977495945451278 0.05711738638760842368 0.00000000100000000000 0.00000000100000000000 0.54893347595049746257 0.12860235068052980334 
0.10059761859922486393 0.00088773368176267413 0.00000000100000000000 0.17794845028810910015 0.00000000100000000000 0.05072031617927866276 0.55952957080350873564 0.11031630844811592118 
0.07045455638190258052 0.35236651053486195417 0.43760469083680225699 0.00000000099999999999 0.04556033472073107993 0.05910387600020292065 0.02058342323085465483 0.01432660729464452914 
0.00000000099999999990 0.00000000099999999990 0.00000000099999999990 0.24178456712589627142 0.00000000099999999990 0.00000000099999999990 0.58369963536927538250 0.17451579250482832095 
0.99999999300000008695 0.00000000099999999981 0.00000000099999999981 0.00000000099999999981 0.00000000099999999981 0.00000000099999999981 0.00000000099999999981 0.00000000099999999981 
0.99999999300000008695 0.00000000099999999981 0.00000000099999999981 0.00000000099999999981 0.00000000099999999981 0.00000000099999999981 0.00000000099999999981 0.00000000099999999981 
0.65109708467857840830 0.25205507872547144865 0.07084950223221198051 0.00000000099999999997 0.01530032344418237773 0.00000000099999999997 0.00000000099999999997 0.01069800791955589046 
0.23689510834855848076 0.22033889453816180026 0.09590824404237650869 0.00805446665423807315 0.11435406611461999826 0.15414730129637468914 0.13078763699000656162 0.03951428201566386383 
0.17448292201522949685 0.48344004527522282944 0.16697341093802284262 0.00000000099999999997 0.11622031787413171500 0.05888330089739312462 0.00000000099999999997 0.00000000099999999997 
0.50498028395988225903 0.24732095841452322871 0.23484924523983199962 0.00000000099999999997 0.01033945948152062422 0.00251004990424189868 0.00000000099999999997 0.00000000099999999997 
0.34587283870718166234 0.57732500553336496552 0.00000000099999999988 0.00000000099999999988 0.07680215075945347192 0.00000000099999999988 0.00000000099999999988 0.00000000099999999988 
0.31212367648228506178 0.59790971752369936887 0.00000000099999999989 0.00000000099999999989 0.08996660099401580790 0.00000000099999999989 0.00000000099999999989 0.00000000099999999989 
0.36038394534846185380 0.52476304520766092754 0.00000000099999999990 0.00000000099999999990 0.11485300444387730456 0.00000000099999999990 0.00000000099999999990 0.00000000099999999990 
0.99999999300000019797 0.00000000099999999995 0.00000000099999999995 0.00000000099999999995 0.00000000099999999995 0.00000000099999999995 0.00000000099999999995 0.00000000099999999995 
0.99999999300000008695 0.00000000099999999983 0.00000000099999999983 0.00000000099999999983 0.00000000099999999983 0.00000000099999999983 0.00000000099999999983 0.00000000099999999983 
0.85906041104883612558 0.00000000099999999997 0.05551456752236503395 0.00000000099999999997 0.00000000099999999997 0.00000000099999999997 0.08542501642879887780 0.00000000099999999997 
0.99999999300000019797 0.00000000099999999979 0.00000000099999999979 0.00000000099999999979 0.00000000099999999979 0.00000000099999999979 0.00000000099999999979 0.00000000099999999979 
0.99999999300000019797 0.00000000099999999996 0.00000000099999999996 0.00000000099999999996 0.00000000099999999996 0.00000000099999999996 0.00000000099999999996 0.00000000099999999996 
0.51937390256423399126 0.42137898338071788640 0.05924710905504821518 0.00000000099999999996 0.00000000099999999996 0.00000000099999999996 0.00000000099999999996 0.00000000099999999996 
0.28537850336196257661 0.47667947856004044827 0.08139261310647427639 0.04910987135491281380 0.00000000099999999999 0.00000000099999999999 0.08708046635329304286 0.02035906526331689170 
0.28880667219607375484 0.71119332180392635934 0.00000000099999999996 0.00000000099999999996 0.00000000099999999996 0.00000000099999999996 0.00000000099999999996 0.00000000099999999996 
0.35005461202079724004 0.29826123206916410613 0.29710908385101525431 0.00000000099999999997 0.00000000099999999997 0.05457506805902353347 0.00000000099999999997 0.00000000099999999997 
0.20975160427509823013 0.21515447912634197425 0.24040673205379053945 0.00000000099999999998 0.08773392751129104050 0.15316095194502415966 0.09379230308845409869 0.00000000099999999998 
0.41400054193805113645 0.29961775684881408743 0.12545097181354553095 0.00000000099999999998 0.00000000099999999998 0.16093072539958924727 0.00000000099999999998 0.00000000099999999998 
0.00000000099999999989 0.99999999300000019797 0.00000000099999999989 0.00000000099999999989 0.00000000099999999989 0.00000000099999999989 0.00000000099999999989 0.00000000099999999989 
0.00000000099999999992 0.99999999300000019797 0.00000000099999999992 0.00000000099999999992 0.00000000099999999992 0.00000000099999999992 0.00000000099999999992 0.00000000099999999992 
0.00000000099999999991 0.99999999300000008695 0.00000000099999999991 0.00000000099999999991 0.00000000099999999991 0.00000000099999999991 0.00000000099999999991 0.00000000099999999991 
0.09613291064554847776 0.43954680317674565959 0.42895362130193753769 0.00000000099999999999 0.02511996857179333090 0.00000000099999999999 0.00000000099999999999 0.01024669330397507197 
0.19408046797664835204 0.55194444749492843627 0.23221342539048761555 0.00000000099999999998 0.02176165513793561906 0.00000000099999999998 0.00000000099999999998 0.00000000099999999998 
0.59684198793698672869 0.40315800606301332998 0.00000000099999999990 0.00000000099999999990 0.00000000099999999990 0.00000000099999999990 0.00000000099999999990 0.00000000099999999990 
0.04364671109359261753 0.46109446821532285021 0.24324678036986469021 0.00037082109214942017 0.09359276935455240753 0.10212944726113123983 0.00000000099999999999 0.05591900161338687891 
0.16957508537617602129 0.42914814102344167601 0.17933944487739172935 0.00000000099999999999 0.03051807917533386899 0.16076257639073057715 0.00000000099999999999 0.03065667115692627398 
0.20118048695118689873 0.39938375997425135111 0.18887286701420366586 0.06024378438606588226 0.00000000099999999999 0.08840792739483500917 0.00000000099999999999 0.06191117227945730495 
0.11340484777223915069 0.50125706157197802426 0.26275498929028201500 0.00000000099999999996 0.00000000099999999996 0.12258309736550089541 0.00000000099999999996 0.00000000099999999996 
0.00307564761092373731 0.50431511530962924716 0.16916690755396793233 0.00598535979766759950 0.05295464010232127372 0.20643320794488465020 0.00000000099999999999 0.05806912068060551130 
0.00000000099999999993 0.99999999300000019797 0.00000000099999999993 0.00000000099999999993 0.00000000099999999993 0.00000000099999999993 0.00000000099999999993 0.00000000099999999993 
0.03459428754336216216 0.53002440925210225764 0.17853741682588167294 0.00337203726031728469 0.03694084405695756412 0.15301195468068148897 0.02927017937637731507 0.03424887100432019715 
0.03068773433358637850 0.50000254374109831534 0.23238725339896987299 0.00000000099999999998 0.00000000099999999998 0.10591222276626854892 0.00000000099999999998 0.13101024276007694480 
0.21341471816442181275 0.47794143533785471423 0.26993285100712915980 0.00000000099999999997 0.00483340273159214504 0.03387758975900211078 0.00000000099999999997 0.00000000099999999997 
0.20723318670587365098 0.41845286312786567073 0.18557073206014015887 0.12420739594274796125 0.01120986968915722685 0.05332595047421525430 0.00000000099999999998 0.00000000099999999998 
0.16677270287219692069 0.35942131907922064693 0.13335260234713616767 0.16423602836952477801 0.07415738403665592116 0.10205996129526558047 0.00000000100000000000 0.00000000100000000000 
0.20221882828442111490 0.11066183025323726719 0.53318722799160833681 0.08716202325336250278 0.03021914822903790099 0.03655093998833273961 0.00000000099999999999 0.00000000099999999999 
0.20691585742501167333 0.03116038813325523391 0.53340787426076041733 0.16094565258120485662 0.00000000099999999999 0.06757022459976794182 0.00000000099999999999 0.00000000099999999999 
0.00000000099999999990 0.99999999300000019797 0.00000000099999999990 0.00000000099999999990 0.00000000099999999990 0.00000000099999999990 0.00000000099999999990 0.00000000099999999990 
0.05391637525376494211 0.61279948719727517226 0.28504905780798162063 0.00365623517512992258 0.01455716414021208244 0.00000000099999999998 0.03002167842563637987 0.00000000099999999998 
0.00000000099999999993 0.99999999300000008695 0.00000000099999999993 0.00000000099999999993 0.00000000099999999993 0.00000000099999999993 0.00000000099999999993 0.00000000099999999993 
0.00000000099999999989 0.99999999300000008695 0.00000000099999999989 0.00000000099999999989 0.00000000099999999989 0.00000000099999999989 0.00000000099999999989 0.00000000099999999989 
0.49852729504365139723 0.24176410392143959927 0.19649347226142027667 0.00000000099999999999 0.01719269454649271014 0.00607410218458973115 0.03994833004240628399 0.00000000099999999999 
0.00000000099999999996 0.09031469063775242334 0.01538079671781350695 0.00000000099999999996 0.00000000099999999996 0.89430450764443403244 0.00000000099999999996 0.00000000099999999996 
0.02192297219393519320 0.23061036625199018979 0.00000000099999999999 0.00000000099999999999 0.00000000099999999999 0.73396541561088923800 0.00000000099999999999 0.01350124194318533949 
0.06492481613257651551 0.08075902441465396264 0.00000000099999999997 0.00000000099999999997 0.00000000099999999997 0.85431615445276953835 0.00000000099999999997 0.00000000099999999997 
0.04863647527035652729 0.05363297884555863482 0.00000000099999999996 0.00000000099999999996 0.00000000099999999996 0.89773054088408488216 0.00000000099999999996 0.00000000099999999996 
0.00000000100000000000 0.03738821718006533901 0.00000000100000000000 0.06992122525680009859 0.00000000100000000000 0.75598398682810596938 0.00000000100000000000 0.13670656673502856737 
0.22868743330606097763 0.00000000099999999999 0.13782481266863913505 0.00000000099999999999 0.00000000099999999999 0.63348774902529991770 0.00000000099999999999 0.00000000099999999999 
0.05271845093074335742 0.06073471249219342116 0.00000000100000000000 0.10806791263424769811 0.01125624306171987311 0.00112883208437445466 0.72860253735052038504 0.03749131044620099273 
0.00000000099999999999 0.00000000099999999999 0.00000000099999999999 0.08459463640270661888 0.02624142422408510048 0.82785512865047516939 0.00000000099999999999 0.06130880672273306825 
0.46837617574587170344 0.00000000100000000000 0.00000269808671639111 0.19140287027008828780 0.00000000100000000000 0.34021649760434047316 0.00000004482636214815 0.00000171146662116345 
0.02286309472255075928 0.06514027749101658493 0.12855061921306110140 0.00000000099999999998 0.00000000099999999998 0.77947818667260371228 0.00396781890076783675 0.00000000099999999998 
0.45738994086331652422 0.13827355872495583622 0.00000196738416561444 0.00000000100000000000 0.23247434961948604260 0.00595294031062654737 0.11770337947468477446 0.04820386262276465938 
0.00000000099999999995 0.00000000099999999995 0.00000000099999999995 0.04280658183409730144 0.00000000099999999995 0.95719341216590270172 0.00000000099999999995 0.00000000099999999995 
0.20032370479100986005 0.00000000099999999999 0.00000000099999999999 0.06647430311014405901 0.02414261431092575017 0.64217867025888031307 0.06688070452903978336 0.00000000099999999999 
0.00000000099999999998 0.00000000099999999998 0.00000000099999999998 0.00000000099999999998 0.01121012468538606401 0.96679909961319476785 0.00000000099999999998 0.02199077070141919332 
0.07819601732144783324 0.09383838780019838899 0.02041943250487650297 0.00000000099999999996 0.02364205966839093634 0.78390409970508623250 0.00000000099999999996 0.00000000099999999996 
0.06794451802501977333 0.00000000099999999996 0.00000000099999999996 0.00000000099999999996 0.00262588586924325865 0.92942959110573697412 0.00000000099999999996 0.00000000099999999996 
0.00000000099999999996 0.00000000099999999996 0.00000000099999999996 0.00000000099999999996 0.00000000099999999996 0.99999999300000008695 0.00000000099999999996 0.00000000099999999996 
0.20240342959285914648 0.05223648250486382510 0.02831088590871235280 0.00000000099999999998 0.02133372971921832992 0.66709995624540296966 0.00000000099999999998 0.02861551402894327301 
0.10950433706860429606 0.05137887208577743281 0.12243676777447649873 0.00000000100000000000 0.01577850997997871582 0.65289611802307756516 0.00000535973940397589 0.04800003432868148873 
0.09622108703496574933 0.00000000099999999998 0.00000000099999999998 0.00199887514127895360 0.00000000099999999998 0.90178003282375529537 0.00000000099999999998 0.00000000099999999998 
0.00000000099999999987 0.00000000099999999987 0.00000000099999999987 0.00000000099999999987 0.00000000099999999987 0.99999999299999997593 0.00000000099999999987 0.00000000099999999987 
0.00000000099999999986 0.00000000099999999986 0.00000000099999999986 0.00000000099999999986 0.00000000099999999986 0.99999999300000008695 0.00000000099999999986 0.00000000099999999986 
0.00000000099999999984 0.00000000099999999984 0.00000000099999999984 0.00000000099999999984 0.00000000099999999984 0.99999999300000008695 0.00000000099999999984 0.00000000099999999984 
0.09207102642467651643 0.00000000099999999997 0.00000000099999999997 0.00000000099999999997 0.00000000099999999997 0.90792896757532348673 0.00000000099999999997 0.00000000099999999997 
0.00211201645578591854 0.00000000100000000000 0.00000000289584300716 0.00000000100000000000 0.01495249534027811092 0.98293544098289886701 0.00000000100000000000 0.00000004132519413822 
0.01649452638457566886 0.04868933301521853607 0.00000000208206020711 0.00000000099999999998 0.00000000099999999998 0.91876110477825756462 0.00000000099999999998 0.01605503073988807927 
0.00827915565833590820 0.06839568325175479635 0.00000000099999999998 0.00000000099999999998 0.00000000099999999998 0.88066932428859145965 0.04265583280131793331 0.00000000099999999998 
0.11135019447496667666 0.00000000099999999998 0.00658057385628156750 0.00501019887373750552 0.00000000099999999998 0.76760475559812391122 0.10945427419689034154 0.00000000099999999998 
0.04497608553383376784 0.02956382340168795669 0.09991806231022498652 0.00000000099999999999 0.01995027733668217063 0.74964209703047879341 0.05594965238709228433 0.00000000099999999999 
0.00000000099999999999 0.00000000099999999999 0.09117878000737347777 0.11326990062860775588 0.00000000099999999999 0.25583381625664658454 0.47418359682867344818 0.06553390327869862420 
0.00000000100000000000 0.08536894408947418023 0.00000411965840694798 0.20913509119364565025 0.00000030668584623894 0.00000000106324977447 0.65270490198414887750 0.05278663432522836402 
0.00000000099999999991 0.00000000099999999991 0.00000000099999999991 0.00000000099999999991 0.00000000099999999991 0.99999999299999997593 0.00000000099999999991 0.00000000099999999991 
0.15133269301451574007 0.00000000099999999997 0.00000000099999999997 0.02416453271876917858 0.00000000099999999997 0.82450276926671517419 0.00000000099999999997 0.00000000099999999997 
0.00000000099999999999 0.00000000099999999999 0.00000030242651655242 0.12988729985695832148 0.04256808051320161435 0.79314528750970014759 0.00002445359543971394 0.03437457409818370918 
0.00000000099999999994 0.00000000099999999994 0.00000000099999999994 0.00000000099999999994 0.00000000099999999994 0.99999999300000008695 0.00000000099999999994 0.00000000099999999994 
0.00000000099999999994 0.00000000099999999994 0.00000000099999999994 0.00000000099999999994 0.00000000099999999994 0.99999999300000008695 0.00000000099999999994 0.00000000099999999994 
0.04101171699815729654 0.00000000099999999999 0.00000000099999999999 0.06699712088839754331 0.00373964309348704185 0.84251221597200753877 0.00259499269063832513 0.04314430835731236646 
0.00000000099999999996 0.00000000099999999996 0.00000000099999999996 0.00000000099999999996 0.00000000099999999996 0.94257763045697007254 0.00000000099999999996 0.05742236354302997919 
0.00000000099999999997 0.00000000099999999997 0.00000000099999999997 0.00000000099999999997 0.02930350866762034337 0.97069648533237973265 0.00000000099999999997 0.00000000099999999997 
0.00000000099999999998 0.00000000099999999998 0.00000000099999999998 0.00000000099999999998 0.00000000099999999998 0.99999999300000008695 0.00000000099999999998 0.00000000099999999998 
0.03767922523676383445 0.00000000100000000000 0.07958824857536918318 0.13360673920963422878 0.01921872518274572381 0.23016139230102614088 0.42004190177822053887 0.07970376671624028464 
0.00000000099999999995 0.00000000099999999995 0.00000000099999999995 0.03302637312178955536 0.00000000099999999995 0.96697362087821037147 0.00000000099999999995 0.00000000099999999995 
0.00000000099999999999 0.00000000099999999999 0.00000000099999999999 0.03598773280610870207 0.00000000099999999999 0.82568614644534588098 0.05832368928690064708 0.08000242746164482055 
0.02051796019699358639 0.00000000099999999999 0.00000000099999999999 0.00000000099999999999 0.00000000099999999999 0.97948203380300635779 0.00000000099999999999 0.00000000099999999999 
0.11014823019124726777 0.00000000099999999999 0.29483948136389420691 0.14976320509750010168 0.00000000099999999999 0.24466981451728925245 0.20057926583006913113 0.00000000099999999999 
0.00000000100000000000 0.00000000100000000000 0.00000000189760909214 0.00356529999176769148 0.06902536091570772581 0.91658382681276351356 0.01082550738215194881 0.00000000100000000000 
