0.00000000099999999989 0.00000000099999999989 0.00000000099999999989 0.00000000099999999989 0.00000000099999999989 0.00000000099999999989 0.99999999199999989319 0.00000000099999999989 0.00000000099999999989 
0.00000000099999999988 0.00000000099999999988 0.00000000099999999988 0.00000000099999999988 0.00000000099999999988 0.00000000099999999988 0.99999999199999989319 0.00000000099999999988 0.00000000099999999988 
0.01365240292530086989 0.13760596555336723767 0.00000000099999999999 0.00000000099999999999 0.00000000099999999999 0.17210539282395370675 0.67663623369737824209 0.00000000099999999999 0.00000000099999999999 
0.00000000099999999996 0.00000000099999999996 0.00000000099999999996 0.00000000099999999996 0.00000000099999999996 0.37187151729609407846 0.62656111494616595348 0.00156736175773975871 0.00000000099999999996 
0.00000000099999999996 0.00000000099999999996 0.00000000099999999996 0.00000000099999999996 0.00000000099999999996 0.19650338897949554129 0.63625769559190714642 0.16723890942859734321 0.00000000099999999996 
0.00000000099999999996 0.03886840350942136202 0.00000000099999999996 0.11460775566982321638 0.00000000099999999996 0.13172118746607747175 0.64947785254564982527 0.06532479680902802954 0.00000000099999999996 
0.00000000099999999998 0.00000000099999999998 0.00000000099999999998 0.00000000099999999998 0.00000000099999999998 0.25583735661541645579 0.51454056206179754618 0.22962207532278594568 0.00000000099999999998 
0.00000000099999999994 0.00000000099999999994 0.00000000099999999994 0.00000000099999999994 0.00000000099999999994 0.00000000099999999994 0.72438135229847155916 0.27561864070152836126 0.00000000099999999994 
0.00000000099999999997 0.00784698576833641089 0.00000000099999999997 0.10059949897778229511 0.00000000099999999997 0.00000000099999999997 0.89155350925388121563 0.00000000099999999997 0.00000000099999999997 
0.00000000099999999998 0.02555198254371066069 0.00000000099999999998 0.04173187612191883028 0.00000000099999999998 0.26245591170904430944 0.62343670430984032826 0.04682352131548582486 0.00000000099999999998 
0.00000000099999999996 0.03278681358171851162 0.00000000099999999996 0.00000000099999999996 0.00000000099999999996 0.00000000099999999996 0.96721317941828155451 0.00000000099999999996 0.00000000099999999996 
0.00000000099999999993 0.00000000099999999993 0.00000000099999999993 0.00000000099999999993 0.00000000099999999993 0.00000000099999999993 0.99999999200000000421 0.00000000099999999993 0.00000000099999999993 
0.00000000099999999988 0.00000000099999999988 0.00000000099999999988 0.00000000099999999988 0.00000000099999999988 0.00000000099999999988 0.92977624716795381765 0.00000000099999999988 0.07022374583204606113 
0.00000000099999999999 0.01623214624644036749 0.16466551955987521194 0.00000000099999999999 0.00000000099999999999 0.00000000099999999999 0.66674708364944679229 0.09753091414321751751 0.05482433240102005390 
0.08720029134515827618 0.01112619174161254623 0.00008380822981846402 0.00000000099999999999 0.00000000099999999999 0.05777740359776990797 0.75983806230763184519 0.08397423977800894113 0.00000000099999999999 
0.00000000099999999998 0.06407963465327444486 0.00000000099999999998 0.00369954559638029437 0.13466296839866112589 0.12419346263546575393 0.66414479012367322319 0.00000000099999999998 0.00921959559254520618 
0.00000000099999999995 0.00000000099999999995 0.05790169432708396069 0.00000000099999999995 0.00000000099999999995 0.10388708211618206956 0.83821121755673388964 0.00000000099999999995 0.00000000099999999995 
0.06671983738923234486 0.14527162301137913625 0.00000000239141231326 0.00000000099999999998 0.00000000099999999998 0.17632218917618214249 0.61024526205001228263 0.00144108298178185481 0.00000000099999999998 
0.00000000099999999996 0.00000000099999999996 0.00000003675435645548 0.00000000099999999996 0.10118037704287498324 0.00000000099999999996 0.76586598345956147238 0.10933636524159522085 0.02361723350161198595 
0.00000000099999999998 0.22305632971244643281 0.00000000099999999998 0.05927248382202714855 0.07308116790699817344 0.00035280906271724838 0.64423720549581098282 0.00000000099999999998 0.00000000099999999998 
0.00000000099999999998 0.04539095701007511696 0.00000000099999999998 0.06731546963827202135 0.00000000099999999998 0.00000000099999999998 0.79320633060540979287 0.00000000099999999998 0.09408723774624308533 
0.00000000099999999997 0.00000000099999999997 0.00000000099999999997 0.02210198826590856896 0.00000000099999999997 0.13167882326308510965 0.84621918247100624821 0.00000000099999999997 0.00000000099999999997 
0.00000000099999999997 0.00000000099999999997 0.11744581984627661120 0.00000000099999999997 0.00000000099999999997 0.00000000099999999997 0.78776494075247716076 0.09478923340124617569 0.00000000099999999997 
0.00000000099999999992 0.00000000099999999992 0.00000000099999999992 0.00000000099999999992 0.00000000099999999992 0.12707543041610744328 0.87292456258389261592 0.00000000099999999992 0.00000000099999999992 
0.00000000099999999998 0.00000000099999999998 0.00000000099999999998 0.00000000099999999998 0.00009005399858877208 0.00051483747403069835 0.99939510252738050777 0.00000000099999999998 0.00000000099999999998 
0.00000000099999999998 0.06886506666979512470 0.09713336772375351369 0.00000000099999999998 0.00000000099999999998 0.11791478405328299772 0.63566348506515646388 0.02266357426009025025 0.05775971922792167562 
0.00000000099999999992 0.00000000099999999992 0.00000000099999999992 0.00000000099999999992 0.00000000099999999992 0.16834538756046091290 0.83165460543953895201 0.00000000099999999992 0.00000000099999999992 
0.00000000099999999998 0.11260714373041341707 0.00000000099999999998 0.07975847124060422844 0.00000000099999999998 0.21150089724211360021 0.51720324474292367345 0.07893023904394501356 0.00000000099999999998 
0.00000181096172602490 0.00000000099999999999 0.01742313915202856056 0.00690072707584416141 0.10193348661625833973 0.23960628650506007875 0.63413454668908297851 0.00000000099999999999 0.00000000099999999999 
0.00000000099999999997 0.12877131191641755237 0.00000000099999999997 0.00000000099999999997 0.04007842430964152908 0.00000000099999999997 0.83115025777394102580 0.00000000099999999997 0.00000000099999999997 
0.00000000099999999999 0.15368158011734728285 0.00000000099999999999 0.00000000099999999999 0.00000808633463259399 0.31989589248653060860 0.47165885505389365528 0.03193536963877946500 0.02282021336881649362 
0.03799966156395107736 0.00000000099999999999 0.02171764746433084078 0.00000000099999999999 0.00185935795485127559 0.49058026902287055204 0.44784305999399631748 0.00000000099999999999 0.00000000099999999999 
0.00000000099999999997 0.08194564711983363947 0.00000000099999999997 0.00000000099999999997 0.00000000099999999997 0.00000000099999999997 0.88307086459556560776 0.00000000099999999997 0.03498348228460082532 
0.00000000099999999997 0.00965989551581798549 0.01400412693871105896 0.00000000099999999997 0.09891439976209856488 0.28048890102300355620 0.59693267276036887647 0.00000000099999999997 0.00000000099999999997 
0.00000000099999999991 0.00000000099999999991 0.00000000099999999991 0.00000000099999999991 0.00000000099999999991 0.00000000099999999991 0.99999999200000000421 0.00000000099999999991 0.00000000099999999991 
0.00000000099999999971 0.00000000099999999971 0.00000000099999999971 0.00000000099999999971 0.00000000099999999971 0.00000000099999999971 0.00000000099999999971 0.99999999200000000421 0.00000000099999999971 
0.00000000099999999969 0.00000000099999999969 0.00000000099999999969 0.00000000099999999969 0.00000000099999999969 0.00000000099999999969 0.00000000099999999969 0.99999999199999989319 0.00000000099999999969 
0.00000000099999999997 0.09277135663063011684 0.00000000099999999997 0.00000000099999999997 0.00000000099999999997 0.35837415286099250089 0.54885448450837748258 0.00000000099999999997 0.00000000099999999997 
0.00000000099999999998 0.13265359832427298103 0.00000000099999999998 0.00000000099999999998 0.01728202756237342055 0.11976816428627318212 0.68070684475286580284 0.04958936107421466066 0.00000000099999999998 
0.00000000099999999999 0.02056270506206361523 0.08197967684695219026 0.01056216155610030689 0.01290776038509717887 0.16059970912259963205 0.71338798402718694991 0.00000000099999999999 0.00000000099999999999 
0.00000000119291847894 0.03927920271984731287 0.00000000099999999996 0.02035000833193873621 0.00000000099999999996 0.00000000099999999996 0.87445541742806898178 0.06591536632722638789 0.00000000099999999996 
0.00000000099999999994 0.00000000099999999994 0.00000000099999999994 0.00000000099999999994 0.00000000099999999994 0.11666682935255869025 0.88333316364744129956 0.00000000099999999994 0.00000000099999999994 
0.00000000099999999977 0.00000000099999999977 0.00000000099999999977 0.00000000099999999977 0.00000000099999999977 0.00000000099999999977 0.00000000099999999977 0.99999999200000000421 0.00000000099999999977 
0.00000000910186222133 0.00000000099999999997 0.00000000099999999997 0.00000000099999999997 0.06244795508886352015 0.66168845844451462668 0.27586357236475955723 0.00000000099999999997 0.00000000099999999997 
0.00000000099999999985 0.99999999200000011523 0.00000000099999999985 0.00000000099999999985 0.00000000099999999985 0.00000000099999999985 0.00000000099999999985 0.00000000099999999985 0.00000000099999999985 
0.00000000099999999999 0.00000000099999999999 0.00000000099999999999 0.00000000099999999999 0.00000000099999999999 0.00000000099999999999 0.99999989819493195764 0.00000009480506785388 0.00000000099999999999 
0.00000000099999999982 0.99999999200000011523 0.00000000099999999982 0.00000000099999999982 0.00000000099999999982 0.00000000099999999982 0.00000000099999999982 0.00000000099999999982 0.00000000099999999982 
0.00000000099999999981 0.99999999200000011523 0.00000000099999999981 0.00000000099999999981 0.00000000099999999981 0.00000000099999999981 0.00000000099999999981 0.00000000099999999981 0.00000000099999999981 
0.00000000099999999998 0.44385167664727492864 0.05366394329665682278 0.00000000099999999998 0.19536740224230442209 0.00000000099999999998 0.30711697281376376667 0.00000000099999999998 0.00000000099999999998 
0.00000000099999999983 0.99999999200000022626 0.00000000099999999983 0.00000000099999999983 0.00000000099999999983 0.00000000099999999983 0.00000000099999999983 0.00000000099999999983 0.00000000099999999983 
0.00000000100000000000 0.32338859126346425343 0.00000000100000000000 0.05303019406322024426 0.00777571730447102274 0.25504652905914199090 0.34603735659666151614 0.00002203061324626819 0.01469957909979454670 
0.00000005521412430048 0.52085371292227700124 0.10760042054892028640 0.00000000100000000000 0.02245553771843082982 0.02121600134462638121 0.27516077210441264311 0.00000000100000000000 0.05271349814720867333 
0.00000000099999999997 0.80709680170953612688 0.00000000099999999997 0.00000000099999999997 0.00000000099999999997 0.00000000099999999997 0.19290319129046415436 0.00000000099999999997 0.00000000099999999997 
0.00000000099999999997 0.26803855451039160229 0.00000000099999999997 0.00000000099999999997 0.10510193703426259915 0.21489773830570624291 0.40544021520258366476 0.00000000099999999997 0.00652155094705583749 
0.04101236560510668205 0.53047750242504099205 0.07041233621686970867 0.00000000099999999999 0.04699364236442599846 0.05466885668040831481 0.22722686662712771044 0.00000000099999999999 0.02920842808102065008 
0.00000000099999999995 0.56005907050542358405 0.00000000099999999995 0.00000000099999999995 0.00000000099999999995 0.00000000099999999995 0.00000000099999999995 0.00000000099999999995 0.43994092249457661392 
0.00000000099999999990 0.63455779180861193733 0.00000000099999999990 0.00000000099999999990 0.00000000099999999990 0.36544220119138826064 0.00000000099999999990 0.00000000099999999990 0.00000000099999999990 
0.00000000099999999992 0.81406886861220473239 0.00000000099999999992 0.00000000099999999992 0.00000000099999999992 0.00000000099999999992 0.18593112438779541007 0.00000000099999999992 0.00000000099999999992 
0.00000000099999999989 0.55105298197575147690 0.00000000099999999989 0.00000000099999999989 0.00000000099999999989 0.44894701102424861006 0.00000000099999999989 0.00000000099999999989 0.00000000099999999989 
0.00000000099999999985 0.00000000099999999985 0.00000000099999999985 0.00000000099999999985 0.00000000099999999985 0.99999999200000011523 0.00000000099999999985 0.00000000099999999985 0.00000000099999999985 
0.00000000099999999997 0.22752998900677290361 0.03063052868433334408 0.00000000099999999997 0.06357761294995724344 0.33530394587733441947 0.34295791948160192497 0.00000000099999999997 0.00000000099999999997 
0.04480671746609594247 0.38684163684454425658 0.00000000099999999997 0.00000000099999999997 0.04919575340319415346 0.27114524826520974843 0.24801064002095574157 0.00000000099999999997 0.00000000099999999997 
0.00000000099999999969 0.99999999200000022626 0.00000000099999999969 0.00000000099999999969 0.00000000099999999969 0.00000000099999999969 0.00000000099999999969 0.00000000099999999969 0.00000000099999999969 
0.00000000099999999969 0.99999999200000022626 0.00000000099999999969 0.00000000099999999969 0.00000000099999999969 0.00000000099999999969 0.00000000099999999969 0.00000000099999999969 0.00000000099999999969 
0.00000000099999999963 0.99999999200000022626 0.00000000099999999963 0.00000000099999999963 0.00000000099999999963 0.00000000099999999963 0.00000000099999999963 0.00000000099999999963 0.00000000099999999963 
0.00000000099999999968 0.99999999200000011523 0.00000000099999999968 0.00000000099999999968 0.00000000099999999968 0.00000000099999999968 0.00000000099999999968 0.00000000099999999968 0.00000000099999999968 
0.00000000099999999965 0.99999999200000011523 0.00000000099999999965 0.00000000099999999965 0.00000000099999999965 0.00000000099999999965 0.00000000099999999965 0.00000000099999999965 0.00000000099999999965 
0.05491669665279028806 0.30789480199694380103 0.05937782065869112724 0.00000000099999999998 0.03996435735816440682 0.26456053080545782752 0.27328578952795262724 0.00000000099999999998 0.00000000099999999998 
0.00000000099999999989 0.83602925856470589050 0.00000000099999999989 0.00000000099999999989 0.00000000099999999989 0.00000000099999999989 0.16397073443529427972 0.00000000099999999989 0.00000000099999999989 
0.00000000099999999986 0.00000000099999999986 0.00000000099999999986 0.00000000099999999986 0.00000000099999999986 0.99999999200000011523 0.00000000099999999986 0.00000000099999999986 0.00000000099999999986 
0.00000000099999999988 0.87458369620735487704 0.00000000099999999988 0.00000000099999999988 0.00000000099999999988 0.00000000099999999988 0.12541629679264518216 0.00000000099999999988 0.00000000099999999988 
0.00000000099999999968 0.99999999200000022626 0.00000000099999999968 0.00000000099999999968 0.00000000099999999968 0.00000000099999999968 0.00000000099999999968 0.00000000099999999968 0.00000000099999999968 
0.00000000099999999975 0.00000000099999999975 0.00000000099999999975 0.00000000099999999975 0.00000000099999999975 0.99999999200000011523 0.00000000099999999975 0.00000000099999999975 0.00000000099999999975 
0.00000000099999999995 0.20686370243378182643 0.00000000099999999995 0.00000000099999999995 0.00367945253011949750 0.21062098866639059058 0.57883585136970816531 0.00000000099999999995 0.00000000099999999995 
0.00000000099999999983 0.00000000099999999983 0.00000000099999999983 0.00000000099999999983 0.00000000099999999983 0.99999999200000000421 0.00000000099999999983 0.00000000099999999983 0.00000000099999999983 
0.00000000099999999983 0.00000000099999999983 0.00000000099999999983 0.00000000099999999983 0.00000000099999999983 0.99999999200000011523 0.00000000099999999983 0.00000000099999999983 0.00000000099999999983 
0.00000000099999999987 0.27179777128913279460 0.00000000099999999987 0.00000000099999999987 0.00000000099999999987 0.72820222171086712581 0.00000000099999999987 0.00000000099999999987 0.00000000099999999987 
0.00000000099999999995 0.00000000099999999995 0.00000000099999999995 0.00000000099999999995 0.01123287958121811994 0.98876711341878198436 0.00000000099999999995 0.00000000099999999995 0.00000000099999999995 
0.00000000100000000000 0.00000000100000000000 0.44190462261032892322 0.00000000100000000000 0.00000000100000000000 0.00280598396139685163 0.00000000100000000000 0.00000000100000000000 0.55528938742827405051 
0.00000000099999999994 0.00000000099999999994 0.09710136393585847014 0.00000000099999999994 0.11444091314599086351 0.06806316482855279126 0.00000000099999999994 0.00000000099999999994 0.72039455308959787772 
0.00000000099999999998 0.00000000099999999998 0.00000000099999999998 0.00000000099999999998 0.00000000099999999998 0.01541825730821485066 0.00000000099999999998 0.00000000099999999998 0.98458173569178519813 
0.00000000099999999998 0.49690954085374472449 0.00000000099999999998 0.00000000099999999998 0.00000000099999999998 0.31122829555628500620 0.19186215758997027248 0.00000000099999999998 0.00000000099999999998 
0.00000000099999999996 0.37826308997418062186 0.00000000099999999996 0.00000000099999999996 0.00821144684703385350 0.24721334051155302580 0.36631211766723253964 0.00000000099999999996 0.00000000099999999996 
0.22520831847864794528 0.00000000099999999997 0.00000000099999999997 0.18504512441808054768 0.00000000099999999997 0.00000000099999999997 0.00000000099999999997 0.07345687722132500375 0.51628967488194643654 
0.25750522632934186307 0.00000000099999999996 0.00000000099999999996 0.21465670388518232059 0.00000000099999999996 0.00000000099999999996 0.00000000099999999996 0.00000000099999999996 0.52783806378547548643 
0.41964756645329881479 0.00075093327190113959 0.00000000099999999999 0.15744761635737797301 0.04785037542991155135 0.00000000099999999999 0.17636107780942772427 0.02622794529174306277 0.17171448338633993336 
0.03962447700125031752 0.04037945288135012800 0.07888833126262342899 0.21845211450886659055 0.00000000099999999999 0.04668063504165230471 0.00000000099999999999 0.11527541470935530332 0.46069957259490190715 
0.00000000099999999985 0.00000000099999999985 0.00000000099999999985 0.00000000099999999985 0.00000000099999999985 0.00000000099999999985 0.00000000099999999985 0.00000000099999999985 0.99999999200000000421 
0.25770059305571535457 0.00000000099999999998 0.05277043584097464157 0.19685080104487212571 0.00000000099999999998 0.00000000099999999998 0.02804608888270958972 0.19808622841121895086 0.26654584976450956812 
0.32539823792031585814 0.00000000099999999996 0.00000000099999999996 0.29932111778717396255 0.00000000099999999996 0.00000000099999999996 0.00026159360461981332 0.17949302023347851742 0.19552602645441174989 
0.37582009198466592714 0.00000000099999999995 0.00000000099999999995 0.26808977207757023198 0.00000000099999999995 0.00000000099999999995 0.02382909020499112546 0.14482329248712197400 0.18743774924565079210 
0.23523082496687436338 0.00000000099999999998 0.05595410907841754516 0.28037636240391983211 0.08976476804293528899 0.00000000099999999998 0.13388012160259160632 0.00000000099999999998 0.20479381090526149745 
0.26210898628813328326 0.02493185817530061202 0.04632451902426621554 0.18455758744353270573 0.00000019872045670930 0.06009352337634683849 0.05777507275111698481 0.22827342841857792277 0.13593482580226864953 
0.24307782555459137019 0.00687041767881655611 0.00000000100000000000 0.19163671801827592001 0.07088638013450571096 0.03305003075995790324 0.10940424236102752609 0.17333739611753154475 0.17173698837529335903 
0.16112642851758976481 0.00000000099999999993 0.00000000099999999993 0.22698768395362486916 0.00000000099999999993 0.00000000099999999993 0.00000000099999999993 0.00000000099999999993 0.61188588152878509163 
0.00000000099999999995 0.00000000099999999995 0.00000000099999999995 0.00000000099999999995 0.00000000099999999995 0.00000000099999999995 0.00000000099999999995 0.00000000099999999995 0.99999999200000000421 
0.00000000099999999988 0.00000000099999999988 0.00000000099999999988 0.00000000099999999988 0.00000000099999999988 0.00000000099999999988 0.00000000099999999988 0.00000000099999999988 0.99999999200000000421 
0.02858681717283341819 0.00000000099999999999 0.00000000099999999999 0.40677479289113627203 0.00000000099999999999 0.00000000099999999999 0.06340023658161947351 0.15120395530513069948 0.35003419404927987868 
0.00000000099999999993 0.00000000099999999993 0.00000000099999999993 0.69860208815981905683 0.00000000099999999993 0.00000000099999999993 0.00000000099999999993 0.07960796999420290121 0.22178993584597808675 
0.07860881071985345581 0.00000000099999999998 0.01296542055522771630 0.28596521685396525392 0.00000000099999999998 0.00000000099999999998 0.08395322191625906316 0.18651038151351095884 0.35199694544118353967 
0.18340871325194982311 0.00000000099999999999 0.00000000099999999999 0.12012121104467388122 0.13495767596283481105 0.00000000099999999999 0.13820477489359289658 0.04710958818371648732 0.37619803366323201210 
0.16407424970586240165 0.00000000099999999999 0.09498660185745262663 0.08203728073552871147 0.00017577878622199945 0.16797161704497637347 0.00000000099999999999 0.00000000099999999999 0.49075446886995799378 
0.13166478750974813794 0.00000793458273561808 0.15689115218291868614 0.09616379420721388183 0.05199055149312113017 0.09644723343110854497 0.04185378954419471942 0.00000000099999999999 0.42498075604895924062 
0.19989155471058772662 0.00000000099999999998 0.06230327738259486964 0.25016351566416217267 0.00000000099999999998 0.00000000099999999998 0.10467608918284915243 0.09949328904156376496 0.28347227101824251649 
0.64401814866561879480 0.00000000099999999999 0.00000000099999999999 0.00000000099999999999 0.30607895857339040280 0.00000000099999999999 0.00000000099999999999 0.00000000138326952481 0.04990288637772153507 
0.67396530725790626537 0.00000000099999999997 0.00000000099999999997 0.00000000099999999997 0.29196333127949286590 0.00000000099999999997 0.00000000099999999997 0.03407135546260109393 0.00000000099999999997 
0.00000000099999999961 0.00000000099999999961 0.00000000099999999961 0.99999999200000011523 0.00000000099999999961 0.00000000099999999961 0.00000000099999999961 0.00000000099999999961 0.00000000099999999961 
0.00000000099999999958 0.00000000099999999958 0.00000000099999999958 0.99999999200000011523 0.00000000099999999958 0.00000000099999999958 0.00000000099999999958 0.00000000099999999958 0.00000000099999999958 
0.36136772719171922352 0.03632191370517425660 0.00000000099999999999 0.22692918215804827597 0.04362588587017662833 0.00000000099999999999 0.12826200139967536273 0.07610419473420429459 0.12738909294100189684 
0.00000000099999999969 0.00000000099999999969 0.00000000099999999969 0.99999999200000011523 0.00000000099999999969 0.00000000099999999969 0.00000000099999999969 0.00000000099999999969 0.00000000099999999969 
0.14258755877440401627 0.00000000100000000000 0.02583373250748210656 0.36234597010689700847 0.09337487553033843590 0.00000124446335261766 0.00000000100000000000 0.14992524077180449660 0.22593137584572134391 
0.00000000099999999958 0.00000000099999999958 0.00000000099999999958 0.99999999200000000421 0.00000000099999999958 0.00000000099999999958 0.00000000099999999958 0.00000000099999999958 0.00000000099999999958 
0.00000000099999999999 0.00000000099999999999 0.00000000099999999999 0.00000000099999999999 0.00000000099999999999 0.99999999200000011523 0.00000000099999999999 0.00000000099999999999 0.00000000099999999999 
0.31838659717127015814 0.01670004192582428063 0.11347770492378449203 0.13241381028320400870 0.04539602447700225030 0.11493302673015778903 0.13045070845593631503 0.00000000100000000000 0.12824208503282064076 
0.32088665064010135630 0.00510315598368118496 0.14349336197277379190 0.22263412797795723019 0.11153263531169227418 0.00000000099999999999 0.01749758230565544997 0.00000000099999999999 0.17885248380813884017 
0.47911248168096415290 0.03897972197841122199 0.00000000099999999999 0.09878899532667537176 0.10230722509744193116 0.04278989030178501768 0.00000000099999999999 0.07042851690570783862 0.16759316670901447388 
0.37163326640353089303 0.01187335170803489014 0.04023849587081241436 0.18294643497717519298 0.08854884605633801808 0.00000000100000000000 0.05081643820649955900 0.16097447218083593690 0.09296869359677303879 
0.23478921206822472856 0.00000000099999999999 0.00000000099999999999 0.24754814902826949297 0.00000000099999999999 0.00000000099999999999 0.13684278839926639071 0.09208987327861464789 0.28872997322562476974 
0.42588636722791972655 0.03925460330988755908 0.02776121418202087340 0.16294355061429563469 0.00000000099999999999 0.00025220003586527793 0.00000000099999999999 0.00000000099999999999 0.34390206163001102446 
0.50163656393495514862 0.01224166209422919427 0.00000000099999999998 0.13393574104110661516 0.00000000099999999998 0.02323618585554561994 0.00000000099999999998 0.00000000099999999998 0.32894984307416336167 
0.77858363302359145930 0.08036588890070289759 0.00000000099999999998 0.14105047207570572954 0.00000000099999999998 0.00000000099999999998 0.00000000099999999998 0.00000000099999999998 0.00000000099999999998 
0.85849108374902716179 0.00000000099999999996 0.00000000099999999996 0.11140726666796815780 0.00000000099999999996 0.00000000099999999996 0.03010164358300484663 0.00000000099999999996 0.00000000099999999996 
0.00000000099999999999 0.00000000099999999999 0.00000000099999999999 0.00000000099999999999 0.14302464252214325269 0.85697535047785677875 0.00000000099999999999 0.00000000099999999999 0.00000000099999999999 
0.00000000099999999999 0.00010998945674947218 0.00000000099999999999 0.00000000099999999999 0.16297622811208822835 0.83691377643116238172 0.00000000099999999999 0.00000000099999999999 0.00000000099999999999 
0.53719120650383112014 0.00000000099999999999 0.03236308281492916716 0.13790966573235535764 0.06195874745480120516 0.00000000099999999999 0.00000000099999999999 0.15827860078007566225 0.07229869371400772515 
0.00000000099999999972 0.00000000099999999972 0.00000000099999999972 0.00000000099999999972 0.00000000099999999972 0.99999999200000011523 0.00000000099999999972 0.00000000099999999972 0.00000000099999999972 
0.00000000099999999981 0.00000000099999999981 0.00000000099999999981 0.00000000099999999981 0.00000000099999999981 0.00000000099999999981 0.00000000099999999981 0.00000000099999999981 0.99999999200000000421 
0.00000000099999999982 0.00000000099999999982 0.00000000099999999982 0.00000000099999999982 0.00000000099999999982 0.00000000099999999982 0.00000000099999999982 0.00000000099999999982 0.99999999199999989319 
0.33693767223146248169 0.00000000099999999995 0.00000000099999999995 0.00000000099999999995 0.07919436742569893606 0.00000000099999999995 0.00000000099999999995 0.00000000099999999995 0.58386795434283844664 
0.10102823090687315655 0.02061787830542064284 0.15450311189423107661 0.20220365048059416035 0.18184919400249335841 0.05408254045948751587 0.10081430133770345747 0.00000000100000000000 0.18490109161319670528 
0.31832055443584406085 0.00000000099999999998 0.04921929695474303035 0.12242635147094778347 0.44612316938584434256 0.00000000099999999998 0.02544391934246331005 0.00000000099999999998 0.03846670541015752981 
0.35261991098604145156 0.00000000099999999996 0.00000000099999999996 0.11487446873672772785 0.00000000099999999996 0.00000000099999999996 0.00000000099999999996 0.00000000099999999996 0.53250561427723064334 
0.00000000099999999961 0.00000000099999999961 0.00000000099999999961 0.00000000099999999961 0.99999999200000011523 0.00000000099999999961 0.00000000099999999961 0.00000000099999999961 0.00000000099999999961 
0.00000000099999999964 0.00000000099999999964 0.00000000099999999964 0.00000000099999999964 0.99999999200000000421 0.00000000099999999964 0.00000000099999999964 0.00000000099999999964 0.00000000099999999964 
0.00000000099999999974 0.00000000099999999974 0.00000000099999999974 0.00000000099999999974 0.99999999200000000421 0.00000000099999999974 0.00000000099999999974 0.00000000099999999974 0.00000000099999999974 
0.00000000099999999995 0.00000000099999999995 0.00000000099999999995 0.00000000099999999995 0.00000000099999999995 0.00000000099999999995 0.00000000099999999995 0.00000000099999999995 0.99999999200000000421 
0.00000000099999999985 0.00000000099999999985 0.00000000099999999985 0.00000000099999999985 0.00000000099999999985 0.00000000099999999985 0.00000000099999999985 0.00000000099999999985 0.99999999200000000421 
0.00000000099999999995 0.00000000099999999995 0.00000000099999999995 0.00000000099999999995 0.04105684646516345043 0.00000000099999999995 0.07055118517478675688 0.00000000099999999995 0.88839196236004969176 
0.00000000099999999979 0.00000000099999999979 0.00000000099999999979 0.00000000099999999979 0.00000000099999999979 0.00000000099999999979 0.00000000099999999979 0.00000000099999999979 0.99999999199999989319 
0.00000000099999999995 0.00000000099999999995 0.00000000099999999995 0.00000000099999999995 0.00000261200573503550 0.00000000099999999995 0.00000000099999999995 0.00000000099999999995 0.99999738099426493942 
0.50581565779324322296 0.00000000099999999993 0.00000000099999999993 0.00567723036210845012 0.00000000099999999993 0.00000000099999999993 0.00000000099999999993 0.00000000099999999993 0.48850710584464840380 
0.44642557424055273607 0.00000000099999999998 0.00000000099999999998 0.00000000099999999998 0.14739666890462499449 0.15896735327334821086 0.00511934191938578139 0.00000000099999999998 0.24209105766208821597 
0.55442223435121740227 0.00000000099999999995 0.00000000099999999995 0.00000000099999999995 0.26561758110468802752 0.00000000099999999995 0.00000000099999999995 0.00000000099999999995 0.17996017854409479542 
0.50053216064308725386 0.00000000099999999997 0.04528477038952144484 0.00000000099999999997 0.02349745239252016768 0.00000000099999999997 0.00000000099999999997 0.04813316526289960345 0.38255244731197174390 
0.17898422723000681489 0.00000000099999999998 0.15414129220362876582 0.08256005207479182040 0.19409058626034911277 0.00000000099999999998 0.03593856278370649582 0.20362118164420486832 0.15066409580331210916 
0.25403031669064335407 0.00000000099999999998 0.14278612084185937636 0.00000000099999999998 0.19901831640051381722 0.00000000099999999998 0.00000000099999999998 0.06991052973061581688 0.33425471233636766533 
0.00000000099999999965 0.00000000099999999965 0.00000000099999999965 0.00000000099999999965 0.99999999200000011523 0.00000000099999999965 0.00000000099999999965 0.00000000099999999965 0.00000000099999999965 
0.00000000099999999961 0.00000000099999999961 0.00000000099999999961 0.00000000099999999961 0.99999999200000011523 0.00000000099999999961 0.00000000099999999961 0.00000000099999999961 0.00000000099999999961 
0.00000000099999999971 0.00000000099999999971 0.00000000099999999971 0.00000000099999999971 0.99999999200000000421 0.00000000099999999971 0.00000000099999999971 0.00000000099999999971 0.00000000099999999971 
0.58173235966257064167 0.00000000099999999998 0.00000000099999999998 0.04169055799239764631 0.05441444472873518956 0.00000000099999999998 0.00000000099999999998 0.23238999011220196067 0.08977264350409464022 
0.59002571401829351228 0.00000000099999999998 0.00000000099999999998 0.02698259549845871338 0.13251664842865309990 0.00000000099999999998 0.00000000099999999998 0.05637800527739987577 0.19409703277719492220 
0.28657836397881153445 0.00000000099999999990 0.00000000099999999990 0.00000000099999999990 0.19602450616698008368 0.00000000099999999990 0.00000000099999999990 0.00000000099999999990 0.51739712385420832952 
0.49518890577300950229 0.05353240530302193212 0.10118274859242552821 0.12865172623255027862 0.14699829318323415217 0.00000000099999999999 0.00000000099999999999 0.03207418602724894374 0.04237173288850965697 
0.46983217492307488561 0.00000000099999999999 0.12752332564951643357 0.02900371527946684833 0.15029871173954920116 0.00000000099999999999 0.02811239711918681050 0.04156157369732493140 0.15366809959188085233 
0.56024474962417758483 0.10068598028089828511 0.07811526147444801393 0.00000000099999999999 0.01581323972426763175 0.00000000099999999999 0.01969623029477934884 0.00000000099999999999 0.22544453560142924120 
0.72427419965381067968 0.00000000099999999996 0.07089057781144583736 0.00000000099999999996 0.00000000099999999996 0.00000000099999999996 0.00000000099999999996 0.05327126269901879402 0.15156395483572468463 
0.49191172157894902384 0.06885425182839097213 0.17875097389369221101 0.08463567113659639651 0.17584737756237153739 0.00000000099999999999 0.00000000099999999999 0.00000000099999999999 0.00000000099999999999 
0.99999999200000022626 0.00000000099999999991 0.00000000099999999991 0.00000000099999999991 0.00000000099999999991 0.00000000099999999991 0.00000000099999999991 0.00000000099999999991 0.00000000099999999991 
0.51857751659086792628 0.04315151074919718055 0.11763301784682876627 0.01760715818052280626 0.21538262143408642979 0.00000000099999999999 0.07283482293801299412 0.00000000099999999999 0.01481335026048398278 
0.56018350829542140623 0.11441521029106360707 0.11209043402088200714 0.00000000099999999999 0.15745821933997147801 0.00000000099999999999 0.00000000099999999999 0.00000000099999999999 0.05585262405266164243 
0.59803480249310059236 0.00000000099999999997 0.00000000099999999997 0.01775752738486206794 0.07308900663979435441 0.00000000099999999997 0.00000000099999999997 0.10628559547079480252 0.20483306401144832365 
0.54232958248421514469 0.11972614190941950618 0.05747711418097940783 0.00000000099999999999 0.07492776119131382140 0.00000000099999999999 0.00000000099999999999 0.00000000099999999999 0.20553939623407224691 
0.43474055844667386372 0.16262407301348563715 0.09060318810741020690 0.08001629810262742004 0.08219522964118397557 0.00000000099999999999 0.00000000099999999999 0.00709458132608688143 0.14272606936253184884 
0.30950219006999557525 0.04841618908486020750 0.04623705077993241902 0.16200642999224559859 0.00000000100000000000 0.00000000100000000000 0.00000000100000000000 0.14186393323524668086 0.29197420383771949259 
0.23854038346393985348 0.14917565868514426342 0.07861328887635890550 0.13391318877694732836 0.00000000099999999999 0.00000000099999999999 0.00000000099999999999 0.13134388149755457653 0.26841359570005512980 
0.99999999200000011523 0.00000000099999999985 0.00000000099999999985 0.00000000099999999985 0.00000000099999999985 0.00000000099999999985 0.00000000099999999985 0.00000000099999999985 0.00000000099999999985 
0.66004440493888572039 0.00000000099999999998 0.00000000099999999998 0.07727446827359225889 0.10842218133668271585 0.00000000099999999998 0.07763484786799994264 0.00000000099999999998 0.07662409358283955862 
0.99999999200000022626 0.00000000099999999994 0.00000000099999999994 0.00000000099999999994 0.00000000099999999994 0.00000000099999999994 0.00000000099999999994 0.00000000099999999994 0.00000000099999999994 
0.99999999200000022626 0.00000000099999999983 0.00000000099999999983 0.00000000099999999983 0.00000000099999999983 0.00000000099999999983 0.00000000099999999983 0.00000000099999999983 0.00000000099999999983 
0.17989992576669944224 0.00000000099999999997 0.00000000099999999997 0.13723298033846320632 0.13101272769109950644 0.00000000099999999997 0.05305270244279920722 0.00000000099999999997 0.49880165976093854274 
0.00000000099999999996 0.00000000099999999996 0.85977141925908118214 0.02315130349433935919 0.11707727124657955897 0.00000000099999999996 0.00000000099999999996 0.00000000099999999996 0.00000000099999999996 
0.06827820657671448967 0.00000000099999999997 0.69883583939467919244 0.00000000099999999997 0.16443693057504732424 0.00000000099999999997 0.00000000099999999997 0.06844901845355905179 0.00000000099999999997 
0.00000000099999999997 0.00000000099999999997 0.83307394090137354414 0.00000007062844288245 0.16156351454450110228 0.00000000099999999997 0.00000000099999999997 0.00000000099999999997 0.00536246892568252153 
0.00000166126254626038 0.00000000099999999996 0.90394605713669551328 0.00000000099999999996 0.09605227560075825510 0.00000000099999999996 0.00000000099999999996 0.00000000099999999996 0.00000000099999999996 
0.41772398519628711755 0.00458320695938808226 0.30028848908476402091 0.00000000099999999999 0.00000000099999999999 0.27740287705213328984 0.00000000099999999999 0.00000143770742746009 0.00000000099999999999 
0.00020549477256971412 0.00000000100000000000 0.68418473622681896806 0.00000001421619779827 0.26562068082318140982 0.00000004057259736742 0.00000000100000000000 0.00000104033825477567 0.04998799105037995960 
0.10160654167227688160 0.02831836549155173841 0.00000000100000000000 0.01670421874481985841 0.00000000100000000000 0.36388971374707523854 0.48948115634427635801 0.00000000100000000000 0.00000000100000000000 
0.01561438357443994257 0.13677390677788830997 0.81960883380047067082 0.02800287084720121111 0.00000000099999999998 0.00000000099999999998 0.00000000099999999998 0.00000000099999999998 0.00000000099999999998 
0.00000000100000000000 0.08797178317349803323 0.37701043473358530900 0.00000000100000000000 0.00000000100000000000 0.00000000100000000000 0.00001145579651920761 0.00020108968624987721 0.53480523261014745184 
0.14833091525099359465 0.00000000099999999998 0.72610520553471080696 0.00000000099999999998 0.04612210762513602874 0.00000000099999999998 0.07758787112788920193 0.00000000099999999998 0.00185389646127048216 
0.07858059071140063856 0.00000000100000000000 0.01742553840665296214 0.16175487912550715053 0.11156641274965228838 0.00000000100000000000 0.18176144671578675638 0.00000000100000000000 0.44891112929100013273 
0.00000000099999999995 0.00000000099999999995 0.91691726908919435335 0.00000000099999999995 0.00000000099999999995 0.08308272391080571972 0.00000000099999999995 0.00000000099999999995 0.00000000099999999995 
0.00000000100000000000 0.04744961643464935125 0.61222325207729599850 0.03616253247683231392 0.04889671418028235933 0.00002495004324807115 0.08564317988018152472 0.02301421575373004819 0.14658553815378055907 
0.00000000099999999999 0.00000000099999999999 0.99246214353714912182 0.00000000099999999999 0.00000000099999999999 0.00000000099999999999 0.00000000099999999999 0.00753784946285086712 0.00000000099999999999 
0.11664457374634472353 0.00000000099999999996 0.73613899124558390685 0.00000000099999999996 0.03631430918599794222 0.00000000099999999996 0.00000000099999999996 0.05612654035998148466 0.05477558146209215995 
0.00000000099999999996 0.00000000099999999996 0.91799958932128955524 0.00000000099999999996 0.02030922838228628111 0.00000000099999999996 0.00000000099999999996 0.00000000099999999996 0.06169117629642410089 
0.00000000099999999996 0.00000000099999999996 0.99999999200000000421 0.00000000099999999996 0.00000000099999999996 0.00000000099999999996 0.00000000099999999996 0.00000000099999999996 0.00000000099999999996 
0.05974916506876081640 0.00000000099999999998 0.64478952448227999650 0.02544952984343290189 0.10269728796536818638 0.00000000099999999998 0.00000000099999999998 0.00000000099999999998 0.16731448864015832645 
0.05954018489126045033 0.00000000100000000000 0.60577355509790076216 0.01559157343945434364 0.06135335224184051972 0.06837920502980895932 0.00000000100000000000 0.04960738761493382887 0.13975473968480126019 
0.00000000099999999998 0.00000000099999999998 0.87217088238068418704 0.00000000099999999998 0.04808585748752683409 0.00000000099999999998 0.00000000099999999998 0.00000000099999999998 0.07974325413178903754 
0.00000000099999999986 0.00000000099999999986 0.99999999200000000421 0.00000000099999999986 0.00000000099999999986 0.00000000099999999986 0.00000000099999999986 0.00000000099999999986 0.00000000099999999986 
0.00000000099999999985 0.00000000099999999985 0.99999999200000011523 0.00000000099999999985 0.00000000099999999985 0.00000000099999999985 0.00000000099999999985 0.00000000099999999985 0.00000000099999999985 
