0.00000000099999999994 0.00000000099999999994 0.99999999100000014352 0.00000000099999999994 0.00000000099999999994 0.00000000099999999994 0.00000000099999999994 0.00000000099999999994 0.00000000099999999994 0.00000000099999999994 
0.00000000099999999991 0.00000000099999999991 0.99999999100000003249 0.00000000099999999991 0.00000000099999999991 0.00000000099999999991 0.00000000099999999991 0.00000000099999999991 0.00000000099999999991 0.00000000099999999991 
0.00000000099999999999 0.00000000099999999999 0.72711241947450522272 0.00576719750713042007 0.00000000099999999999 0.05296226512573459083 0.00000000099999999999 0.13842816347274841671 0.00000000099999999999 0.07572994941988142603 
0.00000000099999999997 0.00000000099999999997 0.87590381237417180849 0.00000000099999999997 0.00000000099999999997 0.03509130687291012879 0.00000000099999999997 0.05576741404296403637 0.00000000099999999997 0.03323746070995404339 
0.00000000099999999998 0.00000000099999999998 0.81503555420804785214 0.01071360179001914874 0.04637769660937599014 0.04099650090477112430 0.00000000099999999998 0.06066125375364435357 0.00000000099999999998 0.02621538873414152454 
0.00000000099999999996 0.00000000099999999996 0.74704146621609190948 0.00000000099999999996 0.15699636367113403712 0.00963679400161645237 0.00000000099999999996 0.00473505447771338170 0.00000000099999999996 0.08159031663344433472 
0.00767767066023170713 0.00000000099999999998 0.79885443018334523213 0.00000000099999999998 0.09384381365505527206 0.00000000099999999998 0.00000000099999999998 0.00000000099999999998 0.03333555572554925545 0.06628852477581871627 
0.00000000099999999995 0.00000000099999999995 0.90341311096758114552 0.00000000099999999995 0.01530406197980995441 0.00000000099999999995 0.00000000099999999995 0.00000000099999999995 0.08128282005260892285 0.00000000099999999995 
0.00000000099999999997 0.00000000099999999997 0.77192755817514080441 0.00000000099999999997 0.18430859951098871319 0.00000000099999999997 0.00000000099999999997 0.00902102879252294348 0.00000000099999999997 0.03474280752134745881 
0.00000000099999999998 0.00000000099999999998 0.76467984336147398761 0.00000000099999999998 0.10111975953931451322 0.00000000099999999998 0.00000000099999999998 0.05649156855892934620 0.00000000099999999998 0.07770882254028214919 
0.00000000099999999998 0.00000000099999999998 0.91358299819578459022 0.00004269298511255403 0.00000000099999999998 0.00000000099999999998 0.00000000099999999998 0.04807782503218060305 0.00000000099999999998 0.03829647778692233523 
0.00000000099999999995 0.00000000099999999995 0.83001221567208371965 0.00000000099999999995 0.11008065887147654160 0.00000000099999999995 0.00000000099999999995 0.05990711845643984651 0.00000000099999999995 0.00000000099999999995 
0.00000000099999999992 0.00000000099999999992 0.84606595801544148827 0.09187365471317475440 0.00000000099999999992 0.00000000099999999992 0.00000000099999999992 0.04162096841788112678 0.02033568693529312285 0.00010372691820955353 
0.20702073821423142008 0.00000000099999999999 0.64948459642179068307 0.00000000099999999999 0.00001325987630729276 0.00000000099999999999 0.01177107786411205233 0.00000000099999999999 0.08643988067616104054 0.04527044294739739766 
0.09920598059742520569 0.04697200848362598213 0.77482477480835654227 0.00000000099999999998 0.00000000099999999998 0.00424894635361389161 0.00000000099999999998 0.00000000099999999998 0.05554311666483064541 0.01920516909214772805 
0.00000000099999999998 0.00000000099999999998 0.65706434131604141147 0.10769809407930884537 0.00803104356175309182 0.02964428047363648622 0.00000000099999999998 0.02711476497144753306 0.01370208839550595380 0.15674538420230646474 
0.09630051442786730087 0.00000000099999999994 0.85842616593729059726 0.00000000099999999994 0.04527331263484220963 0.00000000099999999994 0.00000000099999999994 0.00000000099999999994 0.00000000099999999994 0.00000000099999999994 
0.05296530317779205715 0.00000000099999999997 0.68401759220284064078 0.00000000099999999997 0.00000000099999999997 0.02794532298624057345 0.00000000099999999997 0.09410372150534192237 0.00998128210448909550 0.13098677402329583774 
0.00000000099999999995 0.00000000099999999995 0.78454233376349513662 0.13497699741534785467 0.00000000099999999995 0.00000000099999999995 0.08048066182115710954 0.00000000099999999995 0.00000000099999999995 0.00000000099999999995 
0.00000000099999999999 0.08723376701458390725 0.55100726891048090739 0.01780929773523243914 0.05095305955980423268 0.00000000099999999999 0.00000000099999999999 0.12651309932102397515 0.02299025012372947832 0.14349325433514517614 
0.00000000099999999999 0.00000000099999999999 0.65441214051921436923 0.02915150363303899150 0.02402772595156678001 0.00000000099999999999 0.06364841843039538427 0.03893582613821969934 0.15516142142655597880 0.03466296090100879496 
0.00000000099999999996 0.00000000099999999996 0.87509750211831238698 0.00000000099999999996 0.00000000099999999996 0.02797119775036486719 0.00000000099999999996 0.06838802006264374511 0.02854327406867895878 0.00000000099999999996 
0.00000000099999999997 0.00000000099999999997 0.81457207462803937759 0.00000000099999999997 0.00000000099999999997 0.02888608073599715359 0.13190820574578024371 0.02336837220719113414 0.00126526168299209273 0.00000000099999999997 
0.00000000099999999994 0.00000000099999999994 0.99999999100000003249 0.00000000099999999994 0.00000000099999999994 0.00000000099999999994 0.00000000099999999994 0.00000000099999999994 0.00000000099999999994 0.00000000099999999994 
0.00000000099999999995 0.00000000099999999995 0.90771799988524837222 0.00000000099999999995 0.00000000099999999995 0.00000000099999999995 0.00000000099999999995 0.01553090148378490250 0.07675109163096668907 0.00000000099999999995 
0.12178356506141657656 0.00000000099999999996 0.67525786325713732516 0.00000000099999999996 0.00000000099999999996 0.00000000099999999996 0.00000000099999999996 0.02176199440493804121 0.09484685365307453375 0.08634971862343357452 
0.00000000099999999992 0.00000000099999999992 0.96290111819228396683 0.00000000099999999992 0.00000000099999999992 0.00000000099999999992 0.00000000099999999992 0.03709887380771616922 0.00000000099999999992 0.00000000099999999992 
0.00000000099999999998 0.00000000099999999998 0.66168208543864148741 0.00000000099999999998 0.08905396542659969883 0.00000000099999999998 0.00000000099999999998 0.07058760819897558214 0.05256182395585580480 0.12611451197992751272 
0.00000000099999999998 0.00000000099999999998 0.65700996520123222666 0.02882638395521090746 0.00000000099999999998 0.05130666115303000180 0.11723652598379995238 0.05999116328741137955 0.03645199808884686671 0.04917729933046859764 
0.00000000099999999997 0.00000000099999999997 0.75841937432635830874 0.01569775178292141804 0.00000000099999999997 0.00000000099999999997 0.00000000099999999997 0.08782875250788729771 0.06955245044989344372 0.06850166593293958994 
0.00000000099999999997 0.00000000099999999997 0.56972653989551547138 0.00000000099999999997 0.00000000099999999997 0.00000000099999999997 0.00000000099999999997 0.00997473703601955454 0.05901864800305834519 0.36128006906540677257 
0.00000000099999999998 0.00717885176821574881 0.63421736669887884830 0.00000000099999999998 0.00000000099999999998 0.00000000099999999998 0.05885128342828740283 0.14790835573501315281 0.08290990227155023429 0.06893423609805472696 
0.00598133833586653868 0.00000000099999999998 0.71581304579987214964 0.00000000099999999998 0.03871472555034681517 0.00000000099999999998 0.00000000099999999998 0.11709197267744131388 0.09562757808781871538 0.02677133554865458731 
0.02311917459934714064 0.14085604810582655344 0.75692960500161265980 0.00000000099999999996 0.00000000099999999996 0.00000000099999999996 0.00000000099999999996 0.00000000099999999996 0.00000000099999999996 0.07909516629321378112 
0.00000000099999999995 0.00000000099999999995 0.97890528141518506899 0.00000000099999999995 0.00000000099999999995 0.00000000099999999995 0.00000000099999999995 0.00000000099999999995 0.00000000099999999995 0.02109471058481510869 
0.00000000099999999991 0.00000000099999999991 0.97241061644060133862 0.00000000099999999991 0.00000000099999999991 0.00000000099999999991 0.02758937555939884254 0.00000000099999999991 0.00000000099999999991 0.00000000099999999991 
0.00000000099999999992 0.00000000099999999992 0.99999999100000003249 0.00000000099999999992 0.00000000099999999992 0.00000000099999999992 0.00000000099999999992 0.00000000099999999992 0.00000000099999999992 0.00000000099999999992 
0.04498092835779107790 0.00000000099999999995 0.73803017404662707435 0.00000000099999999995 0.00000000099999999995 0.00000000099999999995 0.00000000099999999995 0.10154805136374732422 0.00000000099999999995 0.11544084023183477650 
0.00000000099999999996 0.00000000099999999996 0.67309805217280005429 0.00000000099999999996 0.00000000099999999996 0.14510147837454356878 0.00000000099999999996 0.05902394488164666025 0.00000000099999999996 0.12277651857100982391 
0.00000000099999999998 0.00000000099999999998 0.73845937763218250094 0.00000000099999999998 0.02768193899160812863 0.00000000099999999998 0.12821646996615015945 0.02023811472543745466 0.00000000099999999998 0.08540409368462169304 
0.00000000099999999998 0.00000000099999999998 0.80947294835859107121 0.00000000099999999998 0.00000000099999999998 0.03023904258315933055 0.00000000099999999998 0.04691590542695202315 0.09672337883618008225 0.01664871979511748160 
0.00000000099999999994 0.00000000099999999994 0.99638926819098161403 0.00000000099999999994 0.00000000099999999994 0.00000000099999999994 0.00000000099999999994 0.00000000099999999994 0.00361072380901848776 0.00000000099999999994 
0.00000000099999999995 0.00000000099999999995 0.99727306698741513546 0.00000000099999999995 0.00000000099999999995 0.00000000099999999995 0.00272692501258485400 0.00000000099999999995 0.00000000099999999995 0.00000000099999999995 
0.00000000099999999997 0.00000000099999999997 0.67370504137102105169 0.02027637484897617734 0.00000000099999999997 0.02730303203620502994 0.01677317068842627476 0.05324728291095515154 0.00000000099999999997 0.20869509414441636541 
0.00000000099999999938 0.00000000099999999938 0.00000000099999999938 0.00000000099999999938 0.00000000099999999938 0.00000000099999999938 0.00000000099999999938 0.00000000099999999938 0.00000000099999999938 0.99999999100000003249 
0.01056445716851973915 0.00000000099999999999 0.98943553483148050098 0.00000000099999999999 0.00000000099999999999 0.00000000099999999999 0.00000000099999999999 0.00000000099999999999 0.00000000099999999999 0.00000000099999999999 
0.00000000099999999935 0.00000000099999999935 0.00000000099999999935 0.00000000099999999935 0.00000000099999999935 0.00000000099999999935 0.00000000099999999935 0.00000000099999999935 0.00000000099999999935 0.99999999099999992147 
0.00000000099999999941 0.00000000099999999941 0.00000000099999999941 0.00000000099999999941 0.00000000099999999941 0.00000000099999999941 0.00000000099999999941 0.00000000099999999941 0.00000000099999999941 0.99999999099999992147 
0.05032004943340485231 0.04565451842667881538 0.22512115016056319372 0.03515260853690684723 0.00000000099999999998 0.07936929862498884325 0.06383965022434714975 0.08920931341982545060 0.00000000099999999998 0.41133340917328486963 
0.00000000099999999937 0.00000000099999999937 0.00000000099999999937 0.00000000099999999937 0.00000000099999999937 0.00000000099999999937 0.00000000099999999937 0.00000000099999999937 0.00000000099999999937 0.99999999099999992147 
0.00000000099999999999 0.00000000099999999999 0.45053445301709871273 0.02154418427710299080 0.00000000099999999999 0.04185583460154142926 0.04485399861678253386 0.17458045193780022397 0.00000000099999999999 0.26663107354967402474 
0.11704336839532156200 0.04096366630086173410 0.18699980769503579681 0.00100248540324066960 0.01844390661119436545 0.00000000099999999999 0.00000000099999999999 0.36349402663153340676 0.07016778856851164925 0.20188494839430082273 
0.00000000099999999998 0.00000000099999999998 0.08383869704473299878 0.00000000099999999998 0.00000000099999999998 0.00000000099999999998 0.00000000099999999998 0.63324323066732401966 0.00000000099999999998 0.28291806528794311015 
0.01965606298015968451 0.00003152597352827958 0.52207385933188033000 0.05822569521401191328 0.00000000099999999998 0.00000000099999999998 0.00119443655220009132 0.09244064794228369630 0.00000000099999999998 0.30637776900593605145 
0.10431429591612605134 0.08056105829680368369 0.17076170474323265625 0.03298653714381790530 0.00000000099999999999 0.00000000099999999999 0.00000000099999999999 0.24396878748834377459 0.00000000099999999999 0.36740761241167591011 
0.00000000099999999989 0.00000000099999999989 0.00000000099999999989 0.21954115518811609387 0.00000000099999999989 0.00000000099999999989 0.00000000099999999989 0.00000000099999999989 0.13543367660918928519 0.64502516120269448585 
0.00000000099999999985 0.00000000099999999985 0.00000000099999999985 0.00000000099999999985 0.00000000099999999985 0.00000000099999999985 0.00000000099999999985 0.00000000099999999985 0.00000000099999999985 0.99999999099999992147 
0.00000000099999999993 0.00000000099999999993 0.00000000099999999993 0.00000000099999999993 0.00000000099999999993 0.00000000099999999993 0.00000000099999999993 0.66254480439904639422 0.00000000099999999993 0.33745518760095355448 
0.00000000099999999995 0.00000000099999999995 0.23781594981389869714 0.00000000099999999995 0.00000000099999999995 0.00000000099999999995 0.00000000099999999995 0.63723697335637252692 0.00000000099999999995 0.12494706982972882126 
0.00000000099999999991 0.00000000099999999991 0.58157734025265439559 0.00000000099999999991 0.00000000099999999991 0.00000000099999999991 0.00000000099999999991 0.18928893559081189091 0.00000000099999999991 0.22913371715653380045 
0.00000000099999999997 0.00000000099999999997 0.57399744534502650239 0.00000000099999999997 0.00000000099999999997 0.00000000099999999997 0.04252095739906188582 0.07893013120670926142 0.00000000099999999997 0.30455146004920241598 
0.00000227031608321418 0.03961627417303915932 0.39101374783223641352 0.00000000099999999998 0.00000000099999999998 0.00362602446797276106 0.00000000099999999998 0.19817621021949394233 0.00000000099999999998 0.36756546899117459315 
0.00000000099999999950 0.00000000099999999950 0.00000000099999999950 0.00000000099999999950 0.00000000099999999950 0.00000000099999999950 0.00000000099999999950 0.99999999099999992147 0.00000000099999999950 0.00000000099999999950 
0.00000000099999999950 0.00000000099999999950 0.00000000099999999950 0.00000000099999999950 0.00000000099999999950 0.00000000099999999950 0.00000000099999999950 0.99999999099999992147 0.00000000099999999950 0.00000000099999999950 
0.00000000099999999942 0.00000000099999999942 0.00000000099999999942 0.00000000099999999942 0.00000000099999999942 0.00000000099999999942 0.00000000099999999942 0.99999999100000003249 0.00000000099999999942 0.00000000099999999942 
0.00000000099999999949 0.00000000099999999949 0.00000000099999999949 0.00000000099999999949 0.00000000099999999949 0.00000000099999999949 0.00000000099999999949 0.99999999099999992147 0.00000000099999999949 0.00000000099999999949 
0.00000000099999999941 0.00000000099999999941 0.00000000099999999941 0.00000000099999999941 0.00000000099999999941 0.00000000099999999941 0.00000000099999999941 0.99999999099999992147 0.00000000099999999941 0.00000000099999999941 
0.07652025332711338834 0.12314748723386981233 0.41622689153706182719 0.00000000099999999998 0.00000000099999999998 0.00000000099999999998 0.00000000099999999998 0.25156929964526963950 0.00000000099999999998 0.13253606325668548793 
0.00000000099999999992 0.00000000099999999992 0.02253357988830566663 0.00000000099999999992 0.00000000099999999992 0.00000000099999999992 0.00000000099999999992 0.73046534829096854136 0.00000000099999999992 0.24700106482072584080 
0.00000000099999999994 0.00000000099999999994 0.54408401700255915046 0.00000000099999999994 0.00000000099999999994 0.00000000099999999994 0.00000000099999999994 0.19455345033680224165 0.00000000099999999994 0.26136252566063872260 
0.00000000099999999989 0.00000000099999999989 0.00000000099999999989 0.00000000099999999989 0.00000000099999999989 0.00000000099999999989 0.00000000099999999989 0.78320832403190210336 0.00000000099999999989 0.21679166796809792861 
0.00000000099999999952 0.00000000099999999952 0.00000000099999999952 0.00000000099999999952 0.00000000099999999952 0.00000000099999999952 0.00000000099999999952 0.99999999100000003249 0.00000000099999999952 0.00000000099999999952 
0.05541466730659474343 0.00000000099999999991 0.71769324068153106388 0.00000000099999999991 0.00000000099999999991 0.00000000099999999991 0.00000000099999999991 0.14419750399608302627 0.00000000099999999991 0.08269458201579120427 
0.00000000099999999993 0.00000000099999999993 0.67010788779810404048 0.00000000099999999993 0.00000000099999999993 0.00731071166648710347 0.00000000099999999993 0.06490050034364384934 0.00000000099999999993 0.25768089419176487542 
0.00000000099999999990 0.00000000099999999990 0.50082107949732423968 0.00000000099999999990 0.00000000099999999990 0.00000000099999999990 0.00000000099999999990 0.16452062817810428341 0.00000000099999999990 0.33465828532457159161 
0.00000000099999999990 0.00000000099999999990 0.52640858252584366017 0.00000000099999999990 0.00000000099999999990 0.00000000099999999990 0.00000000099999999990 0.13875393749946490773 0.00000000099999999990 0.33483747297469146353 
0.00000000099999999987 0.00000000099999999987 0.37364818675823552319 0.00000000099999999987 0.00000000099999999987 0.00000000099999999987 0.00000000099999999987 0.16389314472206562012 0.00000000099999999987 0.46245866151969883262 
0.05069857366445919278 0.05543922355082637338 0.61413503722105955429 0.00000000099999999997 0.00000000099999999997 0.00000000099999999997 0.00000000099999999997 0.12444129134940239145 0.00000000099999999997 0.15528586921425269196 
0.60267893581484421883 0.00000000100000000000 0.00000000100000000000 0.07834095380457145597 0.00000000100000000000 0.00000000100000000000 0.00000000100000000000 0.00724942964623435156 0.31173067473435012165 0.00000000100000000000 
0.18616342170008179369 0.00000000099999999995 0.00000017781297625515 0.61066073313657243116 0.00000000099999999995 0.00000000099999999995 0.00000000099999999995 0.00000000099999999995 0.20317566135036951858 0.00000000099999999995 
0.14373637844930534091 0.00000000099999999998 0.00000000099999999998 0.47535186982485128082 0.00000000099999999998 0.00000000099999999998 0.00000000099999999998 0.00000000099999999998 0.38091174472584343746 0.00000000099999999998 
0.00000000099999999997 0.00000000099999999997 0.22032912083149480686 0.00000000099999999997 0.00000000099999999997 0.00000000099999999997 0.00000000099999999997 0.24167349165905022135 0.00000000099999999997 0.53799738050945500323 
0.00000000099999999996 0.00000000099999999996 0.43864984909275350766 0.00000000099999999996 0.00000000099999999996 0.00000000099999999996 0.00000000099999999996 0.17523249246566086068 0.00000000099999999996 0.38611765144158566310 
0.00000000099999999985 0.00000000099999999985 0.00000000099999999985 0.00000000099999999985 0.00000000099999999985 0.00000000099999999985 0.00000000099999999985 0.00000000099999999985 0.99999999099999992147 0.00000000099999999985 
0.00000000099999999975 0.00000000099999999975 0.00000000099999999975 0.00000000099999999975 0.00000000099999999975 0.00000000099999999975 0.00000000099999999975 0.00000000099999999975 0.99999999099999992147 0.00000000099999999975 
0.00000000099999999999 0.15971574625355103305 0.11009331991712986709 0.07560942975526448173 0.14281382779753501455 0.14035305643075460247 0.00000000099999999999 0.00000000099999999999 0.34560399389203905196 0.02581062295372598195 
0.07507732890560549210 0.11610442023895223285 0.00000000099999999998 0.00000000099999999998 0.22637197592287244818 0.00000000099999999998 0.00000000099999999998 0.03518739246264625947 0.52231769107277614683 0.02494118739714726307 
0.00000000099999999970 0.00000000099999999970 0.00000000099999999970 0.00000000099999999970 0.00000000099999999970 0.00000000099999999970 0.00000000099999999970 0.00000000099999999970 0.99999999099999992147 0.00000000099999999970 
0.00000000099999999998 0.17326962683316798897 0.00000000099999999998 0.00000000099999999998 0.29106585553516456377 0.07446381626892983885 0.16668641682304874418 0.00000000099999999998 0.29451427953968889462 0.00000000099999999998 
0.00000000099999999980 0.00000000099999999980 0.00000000099999999980 0.00000000099999999980 0.00000000099999999980 0.00000000099999999980 0.00000000099999999980 0.00000000099999999980 0.99999999099999992147 0.00000000099999999980 
0.00000000099999999979 0.00000000099999999979 0.00000000099999999979 0.00000000099999999979 0.00000000099999999979 0.00000000099999999979 0.00000000099999999979 0.00000000099999999979 0.99999999099999992147 0.00000000099999999979 
0.06866474614148573852 0.32360316817640172316 0.05623263664386576877 0.06840287384765728063 0.00932616879171602187 0.16514946830776211506 0.00805045423434100869 0.00000000100000000000 0.30057047960356819694 0.00000000325320221536 
0.00000000099999999999 0.49243023766278926079 0.11971853425084981459 0.00000000099999999999 0.08491616231570728313 0.07120324511224786213 0.00000000099999999999 0.03645423776368781482 0.19527757889471777930 0.00000000099999999999 
0.00000000099999999999 0.48256124626800606103 0.16418572421245292148 0.00000000099999999999 0.02234871180236546601 0.10552524248708682053 0.00000000099999999999 0.00805717494093768742 0.21732189628915099533 0.00000000099999999999 
0.00000000099999999966 0.00000000099999999966 0.00000000099999999966 0.00000000099999999966 0.00000000099999999966 0.00000000099999999966 0.00000000099999999966 0.00000000099999999966 0.99999999100000003249 0.00000000099999999966 
0.00000000099999999992 0.00000000099999999992 0.00000000099999999992 0.00000000099999999992 0.00000000099999999992 0.00000000099999999992 0.00000000099999999992 0.00000000099999999992 0.99999999100000003249 0.00000000099999999992 
0.00000000099999999981 0.00000000099999999981 0.00000000099999999981 0.00000000099999999981 0.00000000099999999981 0.00000000099999999981 0.00000000099999999981 0.00000000099999999981 0.99999999100000003249 0.00000000099999999981 
0.00184177183333304652 0.06650953605163503757 0.06450289412960120983 0.05172145626865422285 0.08235162294921560822 0.27423713633396040734 0.00000000099999999999 0.00000000099999999999 0.45883557943360048226 0.00000000099999999999 
0.00000000099999999994 0.00000000099999999994 0.00000000099999999994 0.07292078115295945462 0.19054371929572749833 0.49145111352119114079 0.00000000099999999994 0.00000000099999999994 0.24508438003012184003 0.00000000099999999994 
0.01872216972874499522 0.00000000099999999998 0.12011275300716897640 0.12340088678387155230 0.28938819676645866075 0.06268121352346334163 0.00000000099999999998 0.00000000099999999998 0.38569477619029252091 0.00000000099999999998 
0.02076899007146443266 0.27855845254256744736 0.07226796861857659460 0.14359252394522536989 0.00000000099999999999 0.05846536567866286727 0.01141500810271620266 0.00000000099999999999 0.41493168804078700562 0.00000000099999999999 
0.12982634176172122564 0.32797362444018868244 0.00000021808359273418 0.06225728286664147099 0.00000000099999999998 0.00000000099999999998 0.00000000099999999998 0.00000000099999999998 0.42883259380641736147 0.05110993504143875044 
0.17158581254751942291 0.27696020622452111049 0.01553897512727664409 0.07195396633653512730 0.00000000099999999998 0.00000000099999999998 0.00000000227364664082 0.00000000099999999998 0.39019730161819837777 0.07376373287230278408 
0.11023636226483227163 0.28394490685931861318 0.10503175615405488386 0.06302857576160585118 0.00819865643826850864 0.09518616655896315615 0.00000000099999999997 0.00000000099999999997 0.33437357296295672215 0.00000000099999999997 
0.00000000099999999994 0.97407805063392571832 0.00000000099999999994 0.02592194136607445937 0.00000000099999999994 0.00000000099999999994 0.00000000099999999994 0.00000000099999999994 0.00000000099999999994 0.00000000099999999994 
0.00000000099999999993 0.99999999100000025454 0.00000000099999999993 0.00000000099999999993 0.00000000099999999993 0.00000000099999999993 0.00000000099999999993 0.00000000099999999993 0.00000000099999999993 0.00000000099999999993 
0.00000000099999999954 0.00000000099999999954 0.00000000099999999954 0.00000000099999999954 0.00000000099999999954 0.99999999100000014352 0.00000000099999999954 0.00000000099999999954 0.00000000099999999954 0.00000000099999999954 
0.00000000099999999955 0.00000000099999999955 0.00000000099999999955 0.00000000099999999955 0.00000000099999999955 0.99999999100000014352 0.00000000099999999955 0.00000000099999999955 0.00000000099999999955 0.00000000099999999955 
0.00000000099999999999 0.39430397291020791162 0.06909816841254942665 0.00000000099999999999 0.24774332454311479013 0.07175566730880320043 0.00000000099999999999 0.00000000099999999999 0.17770550554637332130 0.03939335727895122014 
0.00000000099999999963 0.00000000099999999963 0.00000000099999999963 0.00000000099999999963 0.00000000099999999963 0.99999999100000003249 0.00000000099999999963 0.00000000099999999963 0.00000000099999999963 0.00000000099999999963 
0.01830656965053261212 0.19698889296017010886 0.00408201293630886496 0.07339008078059959528 0.15924589314003009810 0.26981716706568104058 0.01705846743238681462 0.00000000099999999999 0.22049968487836654751 0.04061123015592436186 
0.00000000099999999954 0.00000000099999999954 0.00000000099999999954 0.00000000099999999954 0.00000000099999999954 0.99999999100000003249 0.00000000099999999954 0.00000000099999999954 0.00000000099999999954 0.00000000099999999954 
0.13461422124307059756 0.00000353633694478862 0.53793937531283020359 0.00000000100000000000 0.05911785053694850606 0.00894398650949562724 0.00060625681721510299 0.16238043026729129248 0.00096106479444188356 0.09543327718176217167 
0.02933924881050279862 0.52778075705634286408 0.18119139337517178867 0.00000000099999999999 0.00000000099999999999 0.00000000099999999999 0.02984361779983078777 0.01605248073335043338 0.17669553930549847243 0.03909695991930295378 
0.00000000099999999999 0.55994253148690731337 0.00000000099999999999 0.00000001922367600860 0.00773716522579306898 0.06892679567609083513 0.08454916892064931466 0.00000000099999999999 0.25711315340353946279 0.02173116306334406736 
0.00000000099999999998 0.62069784414844286768 0.00000000099999999998 0.05974376055860932538 0.12479064427543262727 0.06825922185800617492 0.00000000099999999998 0.06206750381041348935 0.06444102134909561463 0.00000000099999999998 
0.07605544976511967314 0.31407118757597679570 0.01466148669620100271 0.04029551191705849078 0.18310672225049803852 0.15450370064816895677 0.00000000099999999999 0.00000000099999999999 0.18061658499574032022 0.03668935415123678045 
0.00000000099999999998 0.31219543687610845639 0.01446518889568331606 0.00000000099999999998 0.13028361910847174876 0.06111538353936375734 0.00000000099999999998 0.00000000099999999998 0.43356350530789583564 0.04837686227247690873 
0.00000000099999999997 0.48362268214170389680 0.00000000099999999997 0.00000000099999999997 0.15099452391847947852 0.00000000099999999997 0.00000000099999999997 0.03323603788838751932 0.33214675005142918485 0.00000000099999999997 
0.00000000099999999995 0.55091802002865608578 0.00000000099999999995 0.00000000099999999995 0.11911494065301551915 0.00000000099999999995 0.00000000099999999995 0.01869330091619010592 0.31127373240213823680 0.00000000099999999995 
0.00000000099999999994 0.77759018870674379009 0.00000000099999999994 0.00000000099999999994 0.00000000099999999994 0.14369899845912245673 0.00000000099999999994 0.07871080583413381238 0.00000000099999999994 0.00000000099999999994 
0.00000000099999999994 0.87079216047843466253 0.00000000099999999994 0.00000000099999999994 0.00000000099999999994 0.12920783152156553597 0.00000000099999999994 0.00000000099999999994 0.00000000099999999994 0.00000000099999999994 
0.00000000100000000000 0.24571720046633113710 0.46237923028459620989 0.00000000100000000000 0.09368361343497629001 0.00000000100000000000 0.00000000100000000000 0.05716931516461862955 0.00000000100000000000 0.14105063564947797894 
0.00085721071037508066 0.00000001571274911274 0.53236788527619149924 0.12651467206353536610 0.00000000100000000000 0.00000000100000000000 0.05000463727461450236 0.19264977515076261994 0.00006812582822498530 0.09753767598354674828 
0.00000000099999999998 0.50767794598322757427 0.03276901401503757444 0.00000000099999999998 0.13250692379224460193 0.14619292137524192432 0.03103774711711492634 0.00000000099999999998 0.14055246566645357431 0.00926297905067988842 
0.00000000099999999986 0.00000000099999999986 0.58276741535548681750 0.00000000099999999986 0.00000000099999999986 0.00000000099999999986 0.00000000099999999986 0.24295408673335355809 0.00000000099999999986 0.17427849091115971136 
0.00000000099999999968 0.00000000099999999968 0.00000000099999999968 0.99999999100000003249 0.00000000099999999968 0.00000000099999999968 0.00000000099999999968 0.00000000099999999968 0.00000000099999999968 0.00000000099999999968 
0.00000000099999999965 0.00000000099999999965 0.00000000099999999965 0.99999999100000003249 0.00000000099999999965 0.00000000099999999965 0.00000000099999999965 0.00000000099999999965 0.00000000099999999965 0.00000000099999999965 
0.00000000099999999995 0.30275347681755154783 0.00000000099999999995 0.41479117012182215030 0.00000000099999999995 0.00000000099999999995 0.00000000099999999995 0.00000000099999999995 0.26254991093976592920 0.01990543612086024747 
0.04248239456859077140 0.21701017716919610012 0.12920997086377905561 0.22307497591044272989 0.08144131343745059093 0.09314969481155657705 0.11193963138742495100 0.00908549068339993028 0.05147161465331223651 0.04113473651484704507 
0.00000000099999999997 0.35896881211159592517 0.00000000099999999997 0.30977178230622548494 0.05409035341129683067 0.16906057122120446423 0.06010140636709233181 0.00000000099999999997 0.04800707058258492366 0.00000000099999999997 
0.05741386524804660552 0.18476923373569636988 0.00000000099999999996 0.34624993431514400344 0.13679395703017752095 0.03902475876282879980 0.00000000099999999996 0.00000000099999999996 0.23574824690810683436 0.00000000099999999996 
0.00000000099999999970 0.00000000099999999970 0.00000000099999999970 0.99999999100000014352 0.00000000099999999970 0.00000000099999999970 0.00000000099999999970 0.00000000099999999970 0.00000000099999999970 0.00000000099999999970 
0.00000000099999999972 0.00000000099999999972 0.00000000099999999972 0.99999999100000014352 0.00000000099999999972 0.00000000099999999972 0.00000000099999999972 0.00000000099999999972 0.00000000099999999972 0.00000000099999999972 
0.00000000099999999980 0.00000000099999999980 0.00000000099999999980 0.99999999100000003249 0.00000000099999999980 0.00000000099999999980 0.00000000099999999980 0.00000000099999999980 0.00000000099999999980 0.00000000099999999980 
0.00000000099999999996 0.00000000099999999996 0.00000000099999999996 0.73878222997566955765 0.00000000099999999996 0.00000000099999999996 0.00000000099999999996 0.00000000099999999996 0.26121776202433044656 0.00000000099999999996 
0.00000000099999999986 0.00000000099999999986 0.00000000099999999986 0.60011762006653479595 0.00000000099999999986 0.00000000099999999986 0.00000000099999999986 0.00000000099999999986 0.39988237193346526377 0.00000000099999999986 
0.00000000099999999994 0.00000000099999999994 0.03588677798196221458 0.64387719239916707537 0.00000000099999999994 0.00000000099999999994 0.00000000099999999994 0.00000000099999999994 0.32023602261887079701 0.00000000099999999994 
0.00000000099999999967 0.00000000099999999967 0.00000000099999999967 0.99999999100000014352 0.00000000099999999967 0.00000000099999999967 0.00000000099999999967 0.00000000099999999967 0.00000000099999999967 0.00000000099999999967 
0.00000000099999999995 0.00000000099999999995 0.00000000099999999995 0.44180095058338603176 0.00000000099999999995 0.00000000099999999995 0.00000000099999999995 0.00000000099999999995 0.55819904141661369490 0.00000000099999999995 
0.00000000099999999996 0.33205102322276580651 0.00000000099999999996 0.39693914716915018603 0.00000002699876444101 0.06167027550110916467 0.00000000099999999996 0.00000000099999999996 0.20933952210821049622 0.00000000099999999996 
0.00000000099999999999 0.57537271522199073814 0.07351648117019331241 0.17970975430839347675 0.00000000099999999999 0.00839163020357999376 0.00000000099999999999 0.04040343717569908066 0.09374019749739083418 0.02886578142275262812 
0.00000000099999999992 0.77936302984042460373 0.00000000099999999992 0.22063696215957556701 0.00000000099999999992 0.00000000099999999992 0.00000000099999999992 0.00000000099999999992 0.00000000099999999992 0.00000000099999999992 
0.05271104128846265668 0.46127442686570646613 0.00000000099999999997 0.13570973181676715402 0.10657670364468355140 0.00000000099999999997 0.00000000099999999997 0.00000000099999999997 0.24372809138438011889 0.00000000099999999997 
0.01439897481493122855 0.18321180245899812422 0.08588962154703159990 0.18284236975437573314 0.10874950742089332933 0.13050767106478994295 0.16522508395191976005 0.00000000099999999998 0.12917496698706035230 0.00000000099999999998 
0.13248612372430151884 0.14774760988748095181 0.00000000099999999999 0.44951678899238650677 0.08213621694566207443 0.03783997344198048590 0.05509245801156904127 0.00000000099999999999 0.08701390010960223520 0.00816692688701708101 
0.00000000099999999983 0.99999999100000014352 0.00000000099999999983 0.00000000099999999983 0.00000000099999999983 0.00000000099999999983 0.00000000099999999983 0.00000000099999999983 0.00000000099999999983 0.00000000099999999983 
0.00000000099999999988 0.99999942073984693369 0.00000000099999999988 0.00000000099999999988 0.00000000099999999988 0.00000000099999999988 0.00000000099999999988 0.00000000099999999988 0.00000000099999999988 0.00000057126015329624 
0.00000000099999999986 0.99999999100000014352 0.00000000099999999986 0.00000000099999999986 0.00000000099999999986 0.00000000099999999986 0.00000000099999999986 0.00000000099999999986 0.00000000099999999986 0.00000000099999999986 
0.01468489735855013287 0.48627596789326382742 0.00000000099999999998 0.08794719795230039605 0.21290353927552035929 0.15316483654415749549 0.00000000099999999998 0.00000000099999999998 0.04502355697620789160 0.00000000099999999998 
0.00000000099999999993 0.87762927984250382885 0.00000000099999999993 0.00000000099999999993 0.00000000099999999993 0.00000000099999999993 0.00000000099999999993 0.00000000099999999993 0.12237071215749638353 0.00000000099999999993 
0.00000000099999999991 0.46406643648020168280 0.00000000099999999991 0.51824321870429490566 0.00000000099999999991 0.00000000099999999991 0.00000000099999999991 0.00000000099999999991 0.01769033781550330073 0.00000000099999999991 
0.00000000099999999998 0.75191137084329062734 0.00000000099999999998 0.00000000099999999998 0.00000000099999999998 0.09825452466183175193 0.07958139720294793440 0.00000000099999999998 0.03801107263633469319 0.03224162965559523170 
0.11172973543898749582 0.53811289584797961094 0.00000000099999999998 0.02221078449657438308 0.00000000099999999998 0.07501370033849891206 0.02124520384189959935 0.00000000099999999998 0.19335822559367374374 0.03832945144238622537 
0.08062157490323040854 0.62572951608540372526 0.00000000099999999999 0.04162336343713998049 0.00450122025373723370 0.00000000099999999999 0.00000000099999999999 0.04948826944032800462 0.14389483885143200537 0.05414121402872869304 
0.05946709959009302549 0.69465441878926015296 0.00000000099999999995 0.01581864871815879398 0.01045554552410174129 0.03578838902070416439 0.06254127777460125048 0.00000000099999999995 0.12127461758308084872 0.00000000099999999995 
0.18970604833245632848 0.67788852757393003312 0.00000000099999999999 0.00000000276301856130 0.00000000099999999999 0.04263446302436904589 0.00000000099999999999 0.00000000099999999999 0.03428754622437656108 0.05548340808184949041 
0.00000000099999999988 0.99999999100000025454 0.00000000099999999988 0.00000000099999999988 0.00000000099999999988 0.00000000099999999988 0.00000000099999999988 0.00000000099999999988 0.00000000099999999988 0.00000000099999999988 
0.07456069534819000089 0.77302856336627823186 0.05801278146869387475 0.00918699183167147500 0.00000000099999999999 0.03539582292346195314 0.00000000099999999999 0.00000000099999999999 0.04981509426655515022 0.00000004779514942606 
0.08848234439760177539 0.67238364707721953728 0.00000000099999999998 0.00000000099999999998 0.00069039310908414751 0.00000000099999999998 0.00000000099999999998 0.00000000099999999998 0.12776108512439779408 0.11068252529169700371 
0.02301348981051474715 0.57327425695461287081 0.00000000099999999996 0.13602968503284915136 0.13245202770373915024 0.03797614251789326739 0.01067412965952826628 0.00000000099999999996 0.08658026532086260385 0.00000000099999999996 
0.00000000099999999998 0.53036544186154244152 0.00000000099999999998 0.10547663640901944193 0.00000000099999999998 0.02643987582409155351 0.08297358982445188214 0.11823186442480883296 0.13651258765608598189 0.00000000099999999998 
0.00000000099999999999 0.41275948243163951279 0.00000000099999999999 0.11920387568932551414 0.00644482171677620338 0.10304867115434999947 0.12686085979339567498 0.15550224580339183644 0.07618004041112098890 0.00000000099999999999 
0.00000000099999999998 0.13840571850978833357 0.00000000099999999998 0.02285439777149875229 0.19724791743661435062 0.10152536531118332153 0.06248344357757223272 0.08882176028019836411 0.38866139411314459817 0.00000000099999999998 
0.00000000099999999998 0.00000000099999999998 0.00000000099999999998 0.04126101304452556295 0.23388384660447039676 0.04419868123957106099 0.12529692230484046345 0.16886234508418418443 0.38649718772240820863 0.00000000099999999998 
0.00000000099999999984 0.99999999100000025454 0.00000000099999999984 0.00000000099999999984 0.00000000099999999984 0.00000000099999999984 0.00000000099999999984 0.00000000099999999984 0.00000000099999999984 0.00000000099999999984 
0.00000000099999999994 0.77683393732291217137 0.00000000099999999994 0.00000000099999999994 0.05235848061312708274 0.00000000099999999994 0.00000000099999999994 0.00000000099999999994 0.17080757506396079815 0.00000000099999999994 
0.00000000099999999986 0.99999999100000014352 0.00000000099999999986 0.00000000099999999986 0.00000000099999999986 0.00000000099999999986 0.00000000099999999986 0.00000000099999999986 0.00000000099999999986 0.00000000099999999986 
0.00000000099999999981 0.99999999100000014352 0.00000000099999999981 0.00000000099999999981 0.00000000099999999981 0.00000000099999999981 0.00000000099999999981 0.00000000099999999981 0.00000000099999999981 0.00000000099999999981 
0.00000000507187293134 0.26081961014817822697 0.01675030308106251198 0.22130921607870179812 0.00000000099999999997 0.00000000099999999997 0.03796097654799893140 0.00000000099999999997 0.46315988507218552872 0.00000000099999999997 
0.88095991056194600244 0.00000000099999999992 0.00000000099999999992 0.11904008143805423769 0.00000000099999999992 0.00000000099999999992 0.00000000099999999992 0.00000000099999999992 0.00000000099999999992 0.00000000099999999992 
0.15783822811845005241 0.17138625244810196113 0.00000000099999999997 0.09773854923946190265 0.00000000099999999997 0.00000000099999999997 0.57094905315041266647 0.00000000099999999997 0.00000000099999999997 0.00208791204357343212 
0.82750770484914160097 0.00000000099999999991 0.00000000099999999991 0.17249228715085851427 0.00000000099999999991 0.00000000099999999991 0.00000000099999999991 0.00000000099999999991 0.00000000099999999991 0.00000000099999999991 
