0.00000000099999999999 0.00000000099999999999 0.77128141675826245027 0.22871858124173743976 
0.00000000100000000000 0.01735352015455372127 0.89959036347536591727 0.08305611537008045220 
0.00000000099999999999 0.00061435942414711335 0.98788827576052329338 0.01149736381532963890 
0.00000000099999999999 0.00000000099999999999 0.88302406038064595872 0.11697593761935404233 
0.00000000099999999997 0.00000000099999999997 0.76434609607114400998 0.23565390192885596332 
0.00000000100000000000 0.06396455968316883123 0.84050330009410778587 0.09553213922272342506 
0.04313452026361958014 0.04984586328068098260 0.86622842679520140052 0.04079118966049784245 
0.00000000099999999999 0.00000000099999999999 0.78934568404592708735 0.21065431395407274717 
0.00000353175949916564 0.00000000100000000000 0.99999646624050075872 0.00000000100000000000 
0.00000000099999999999 0.00000000099999999999 0.99999999699999986280 0.00000000099999999999 
0.00000000099999999999 0.00000000099999999999 0.86923994303663432159 0.13076005496336570721 
0.13391701067090866495 0.00000000099999999996 0.86608298732909139162 0.00000000099999999996 
0.23390071653519900474 0.16370067384511158282 0.60239860861968941297 0.00000000100000000000 
0.04542768263745390611 0.02134715865810444396 0.80614245118293204051 0.12708270752150963023 
0.07354251791370525204 0.00000000100000000000 0.81537790886352845554 0.11107957222276641784 
0.00000000099999999999 0.12217992402799150720 0.84105697165649173641 0.03676310331551671529 
0.04855574702460011688 0.03282926719078890082 0.91861498478461089956 0.00000000100000000000 
0.14944374389022996308 0.06441458774482250460 0.78614165433991856080 0.00000001402502907189 
0.07252568867432800104 0.00247202904728494001 0.84297345285576619212 0.08202882942262078314 
0.15533432799417190573 0.00000000100000000000 0.73741563666279696942 0.10725003434303122252 
0.05198894709106904877 0.00000000099999999999 0.93345540100907464787 0.01455565089985624144 
0.00000000099999999999 0.15155198491855603748 0.72306472422836576275 0.12538328985307831132 
0.00000000099999999998 0.00000000099999999998 0.99999999699999986280 0.00000000099999999998 
0.04595702136679979954 0.00000310181419880520 0.86127978303651131498 0.09276009378249019943 
0.13582697861878276213 0.11943843795030595345 0.74473458243091117392 0.00000000099999999999 
0.00000000099999999999 0.01097839606175231471 0.98902160193824761869 0.00000000099999999999 
0.01696128619158883757 0.00000000100000000000 0.81492158922345714345 0.16811712358495414787 
0.04488800621510934813 0.03548927156401020244 0.81759503435083813461 0.10202768787004236339 
0.05537594655915879099 0.00000000100000000000 0.93573215991490710230 0.00889189252593423733 
0.05811936543128295996 0.00000000100000000000 0.94076377299847802060 0.00111686057023901845 
0.06234744631864394537 0.02834734130735297106 0.90930521137400310838 0.00000000100000000000 
0.06761651153595518715 0.03979707176361747117 0.89258641570042718261 0.00000000100000000000 
0.00000000100000000000 0.08230233498659764169 0.87259045892979270054 0.04510720508360966524 
0.00000000099999999999 0.07223502071766167709 0.92776497728233842111 0.00000000099999999999 
0.10007521743458468177 0.12783383563077885259 0.70113137623641652585 0.07095957069822009244 
0.00000000099999999999 0.01593419792291429424 0.98406580007708577273 0.00000000099999999999 
0.00000000099999999999 0.04258668352445719313 0.92046072009555024440 0.03695259537999261851 
0.06530813319389912330 0.07044778693130203384 0.85807941680366339732 0.00616466307113541258 
0.11682930190683583904 0.04625159745218888202 0.80307729117994119949 0.03384180946103411414 
0.01983571543475078081 0.00000000099999999999 0.98016428256524923412 0.00000000099999999999 
0.00000000100000000000 0.00013084219287142095 0.98049427023393398439 0.01937488657319459684 
0.00000000099999999999 0.00000000099999999999 0.95471066625089762159 0.04528933174910231008 
0.00000000100000000000 0.07523441515511176958 0.92476558284488818984 0.00000000100000000000 
0.00000000100000000000 0.11327610561921259980 0.78926679262909582580 0.09745710075169158881 
0.06031300558489954139 0.00003408181278285591 0.93965291160231756429 0.00000000100000000000 
0.02215787944815192714 0.13283786694106500259 0.81107947967899973740 0.03392477393178317674 
0.00000000099999999998 0.00000000099999999998 0.99999999699999997382 0.00000000099999999998 
0.06472885671454525758 0.01366332259955796435 0.92160781968589666757 0.00000000100000000000 
0.04259979339596762365 0.14653592421210120955 0.80092082540620990194 0.00994345698572114862 
0.47523013553117759988 0.00000000100000000000 0.52476986246882240117 0.00000000100000000000 
0.00000000099999999998 0.00000000099999999998 0.99999999699999997382 0.00000000099999999998 
0.00000000099999999996 0.00000000099999999996 0.99999999699999997382 0.00000000099999999996 
0.04361595916998428635 0.00000000099999999999 0.95638403883001577022 0.00000000099999999999 
0.00000000099999999999 0.04590849664026899063 0.95409150135973108675 0.00000000099999999999 
0.00000000099999999999 0.00019818066879262957 0.99980181733120743193 0.00000000099999999999 
0.00000000099999999998 0.00000000099999999998 0.99999999699999986280 0.00000000099999999998 
0.00000000099999999999 0.11799619658304073833 0.86605538714846919124 0.01594841526849005361 
0.00000000099999999997 0.00000000099999999997 0.99999999699999997382 0.00000000099999999997 
0.00000000099999999999 0.00000000099999999999 0.99999999699999997382 0.00000000099999999999 
0.00000000099999999996 0.00000000099999999996 0.99999999699999986280 0.00000000099999999996 
0.00000000099999999996 0.00000000099999999996 0.99999999699999997382 0.00000000099999999996 
0.00000000099999999997 0.00000000099999999997 0.99999999699999997382 0.00000000099999999997 
0.00000000099999999994 0.00000000099999999994 0.99999999699999997382 0.00000000099999999994 
0.00000000099999999999 0.07752553418896364346 0.92247446381103626045 0.00000000099999999999 
0.44479488118199461688 0.52226191612855632496 0.03294320168944909338 0.00000000100000000000 
0.99881135295161282972 0.00118864504838716960 0.00000000099999999998 0.00000000099999999998 
0.99999999699999997382 0.00000000099999999999 0.00000000099999999999 0.00000000099999999999 
0.00000000099999999999 0.00000000099999999999 0.99999999699999997382 0.00000000099999999999 
0.00000000099999999998 0.00000000099999999998 0.99999999699999997382 0.00000000099999999998 
0.41569035170318502370 0.00000000100000000000 0.03884767104227172807 0.54546197625454317937 
0.15232005687444327702 0.00000000099999999999 0.14390641091370345861 0.70377353121185326490 
0.35937185801196930290 0.08372033291464055227 0.05377016013899903191 0.50313764893439105741 
0.99999999699999997382 0.00000000099999999997 0.00000000099999999997 0.00000000099999999997 
0.34830907666029869985 0.02658623194343117530 0.00000000100000000000 0.62510469039627003518 
0.13892415213835926369 0.00000000099999999999 0.00000000099999999999 0.86107584586164076512 
0.24743293548679681781 0.03088739671280705743 0.02665491688043587423 0.69502475091996029910 
0.00774928039851864071 0.10901902514378532250 0.15292551986357727500 0.73030617459411872883 
0.99999999700000008485 0.00000000099999999999 0.00000000099999999999 0.00000000099999999999 
0.37601291940568687400 0.00000000100000000000 0.00003513910403965342 0.62395194049027347116 
0.27708011147041861078 0.00000000099999999999 0.00000000099999999999 0.72291988652958127926 
0.33128955485696270911 0.00000000100000000000 0.05517602462306282762 0.61353441951997433890 
0.40854731204427924274 0.00000000100000000000 0.09367673881101447331 0.49777594814470621509 
0.44917170007068618620 0.14779888601761442812 0.12060630812353044516 0.28242310578816898214 
0.34976293493644383670 0.04060975555376507284 0.02140738872091580564 0.58821992078887530564 
0.00002181150558040968 0.02866710490100078321 0.00000000100000000000 0.97131108259341891742 
0.19090578970041699458 0.00000000100000000000 0.08311022490781781735 0.72598398439176514696 
0.00000000099999999999 0.00000000099999999999 0.00000000099999999999 0.99999999700000008485 
0.26936560887691918253 0.00000000675945767667 0.04103203702895404092 0.68960234733466907464 
0.00000000100000000000 0.15911462605756426791 0.83932059195051189615 0.00156478099192394727 
0.21702612799875894978 0.05888352177770987683 0.20444921966845355787 0.51964113055507765715 
0.33581150689827726774 0.02045506529828364922 0.00000000100000000000 0.64373342680343914601 
0.21908791163039040284 0.00000000100000000000 0.03502576452166118737 0.74588632284794831317 
0.10194083851122268114 0.09787028039237165300 0.00000000100000000000 0.80018888009640576353 
0.24905772183328137026 0.00000000100000000000 0.06974025549065437923 0.68120202167606414001 
0.34237385720846269521 0.07060382797985963188 0.00000000100000000000 0.58702231381167757629 
0.03783263071410713357 0.09191173064081965827 0.00000000100000000000 0.87025563764507318787 
0.00000000100000000000 0.00012881450154987318 0.77077917640931392640 0.22909200808913623981 
0.02114456481088598794 0.07901140237486571627 0.89984403116764721808 0.00000000164660099237 
0.16305080155159099031 0.00000000100000000000 0.00000000100000000000 0.83694919644840903850 
0.00000000099999999993 0.00000000099999999993 0.99999999699999997382 0.00000000099999999993 
0.99999999700000008485 0.00000000099999999996 0.00000000099999999996 0.00000000099999999996 
0.99999999699999997382 0.00000000099999999995 0.00000000099999999995 0.00000000099999999995 
0.30694167676760647501 0.12392641047077390670 0.16024242783763320563 0.40888948492398641266 
0.31073897674802164470 0.02167479234989421605 0.00000000100000000000 0.66758622990208404957 
0.64010015180862533946 0.00000000099999999998 0.00000000099999999998 0.35989984619137466160 
0.48483456864793761376 0.00000000099999999997 0.00000000099999999997 0.51516542935206233178 
0.99999999700000008485 0.00000000099999999998 0.00000000099999999998 0.00000000099999999998 
0.99999999699999997382 0.00000000099999999988 0.00000000099999999988 0.00000000099999999988 
0.99999999700000008485 0.00000000099999999998 0.00000000099999999998 0.00000000099999999998 
0.99999999700000008485 0.00000000099999999996 0.00000000099999999996 0.00000000099999999996 
0.64687294945061046825 0.00000000099999999998 0.00000000099999999998 0.35312704854938969934 
0.42805357512230235439 0.00000000100000000000 0.14519360326173499920 0.42675282061596248040 
0.56332555795937178100 0.00000000099999999999 0.00000000099999999999 0.43667444004062822005 
0.53021869022462142507 0.00000000099999999999 0.00000000099999999999 0.46978130777537874252 
0.28479289066734148061 0.14388597207442749282 0.04870785771401717895 0.52261327954421377129 
0.54018915640232689768 0.14598028227137579971 0.00000000100000000000 0.31383056032629741416 
0.16873141560812218720 0.16312689022631346458 0.19210566954962135511 0.47603602461594302087 
0.11787644629427497522 0.00000000099999999999 0.00000000099999999999 0.88212355170572509522 
0.29202648002309117281 0.00000000099999999998 0.00000000099999999998 0.70797351797690877273 
0.99999999699999997382 0.00000000099999999995 0.00000000099999999995 0.00000000099999999995 
0.23765620072096438342 0.09557368324836434947 0.00276249095610741138 0.66400762507456390082 
0.32971129258735165646 0.11939775888688720917 0.00000000100000000000 0.55089094752576106551 
0.29142678159714491271 0.08457826673497507997 0.11179389942315762219 0.51220105224472234351 
0.15663471457818831101 0.08939882260621384580 0.00000000099999999999 0.75396646181559789923 
0.01340587448858663634 0.24968958154532996940 0.00000000100000000000 0.73690454296608332019 
0.05565400726945045340 0.14040866058562856411 0.00000000100000000000 0.80393733114492094138 
0.04366696570245934966 0.13078467988438488567 0.00000000100000000000 0.82554835341315579988 
0.25874051716767537679 0.00000309541150518951 0.00000000099999999999 0.74125638642081947971 
0.23994334258739999366 0.08562754387898321995 0.08501678570435534932 0.58941232782926145095 
0.25160970297400325757 0.07117541253167429527 0.13665853402576791376 0.54055635046855454728 
0.28317151516116123577 0.04455782819143581236 0.04634604224932638294 0.62592461439807667301 
0.18669426306505676472 0.00000000099999999999 0.03455139150198655723 0.77875434443295654674 
0.00000000100000000000 0.02255948967821104836 0.04355091379411771269 0.93388959552767125682 
0.14528386134862689150 0.08426959579523411736 0.00000000099999999999 0.77044654185613892228 
0.75729707434149640122 0.00000000099999999999 0.00000000099999999999 0.24270292365850368310 
0.00475968578416027105 0.82850853903218235619 0.00000000099999999999 0.16673177418365750513 
0.08449094836077512827 0.82419978710215180406 0.00000000099999999999 0.09130926353707310983 
0.05379848407806018390 0.94620151392193996287 0.00000000099999999999 0.00000000099999999999 
0.08796585329408070086 0.80497379015378411893 0.10706035555213520849 0.00000000100000000000 
0.24112872719913588937 0.75744913568701288664 0.00000000100000000000 0.00142213611385130388 
0.09513209338659886494 0.00085721843133560979 0.90057750685844917271 0.00343318132361643139 
0.00000000099999999999 0.87795181711784142653 0.12204818088215864391 0.00000000099999999999 
0.13838083030408704355 0.66098751719713288999 0.04923175741797448934 0.15139989508080575753 
0.08848081745700832335 0.78285856885485549661 0.00000000898335636150 0.12866060470477969080 
0.70316062449218652564 0.00000637124587520928 0.06134343119649252746 0.23548957306544568424 
0.00000000099999999997 0.99999999700000008485 0.00000000099999999997 0.00000000099999999997 
0.18359966234818561603 0.67983205676645452886 0.11744846846314785371 0.01911981242221196323 
0.00000000099999999999 0.99999999699999997382 0.00000000099999999999 0.00000000099999999999 
0.19023802146280441305 0.80976197259630822156 0.00000000099999999999 0.00000000494088730428 
0.09321297689475019355 0.90678702110524966873 0.00000000099999999998 0.00000000099999999998 
0.00000000099999999998 0.99999999700000008485 0.00000000099999999998 0.00000000099999999998 
0.31796820698930233773 0.68203179101069766332 0.00000000099999999999 0.00000000099999999999 
0.16010928755355627318 0.70806898482023172825 0.00000108823179602058 0.13182063939441598932 
0.04954329999146649122 0.95045669800853349596 0.00000000099999999999 0.00000000099999999999 
0.00000000099999999995 0.99999999700000008485 0.00000000099999999995 0.00000000099999999995 
0.00372946435628434235 0.99627053364371565003 0.00000000100000000000 0.00000000100000000000 
0.01872442620930861445 0.98127557179069135884 0.00000000099999999999 0.00000000099999999999 
0.05512547253350819770 0.94487452546649175478 0.00000000099999999999 0.00000000099999999999 
0.15655107190473724343 0.79819804290331219931 0.04525088419195055778 0.00000000100000000000 
0.06567740342608080484 0.74743456800604413104 0.00753881407531615654 0.17934921449255883386 
0.00000000100000000000 0.34303181773788987696 0.65695386176344150453 0.00001431949866866079 
0.00000000100000000000 0.00000068240164247602 0.81197124286040167629 0.18802807373795571433 
0.00000000099999999998 0.99999999699999997382 0.00000000099999999998 0.00000000099999999998 
0.24621162026384815769 0.75378837773615192663 0.00000000099999999999 0.00000000099999999999 
0.00000000100000000000 0.83246174612978207641 0.16753825187021798016 0.00000000100000000000 
0.00000000099999999997 0.99999999700000008485 0.00000000099999999997 0.00000000099999999997 
0.00000000099999999997 0.99999999699999997382 0.00000000099999999997 0.00000000099999999997 
0.00000000099999999999 0.92428893744656492881 0.07571106055343498897 0.00000000099999999999 
0.00000000099999999998 0.99999999700000008485 0.00000000099999999998 0.00000000099999999998 
0.00000000099999999998 0.99999999699999997382 0.00000000099999999998 0.00000000099999999998 
0.00000000099999999999 0.99999999700000008485 0.00000000099999999999 0.00000000099999999999 
0.04049513661012453525 0.21904944258124087186 0.60797092088799287168 0.13248449992064187386 
0.00000000099999999997 0.99999999700000008485 0.00000000099999999997 0.00000000099999999997 
0.00000000099999999999 0.85956614542937892498 0.14043385257062099281 0.00000000099999999999 
0.00000000099999999999 0.99999999699999997382 0.00000000099999999999 0.00000000099999999999 
0.15629662513374281696 0.25102675897727699805 0.35029969912682235034 0.24237691676215800118 
0.00025876775083192747 0.99974123024916805580 0.00000000100000000000 0.00000000100000000000 
0.00000000099999999999 0.00000000099999999999 0.99999999699999997382 0.00000000099999999999 
0.12444867684125297813 0.83580674552719913528 0.03974457663154767895 0.00000000099999999999 
0.00000000099999999998 0.99999999700000008485 0.00000000099999999998 0.00000000099999999998 
0.00000000099999999993 0.99999999700000008485 0.00000000099999999993 0.00000000099999999993 
0.00000000099999999996 0.99999999700000008485 0.00000000099999999996 0.00000000099999999996 
0.00000000099999999999 0.99999999700000008485 0.00000000099999999999 0.00000000099999999999 
0.00000000099999999999 0.85169350659722142804 0.00000000099999999999 0.14830649140277871179 
0.00000000099999999999 0.99999999699999997382 0.00000000099999999999 0.00000000099999999999 
0.00000000099999999997 0.99999999699999997382 0.00000000099999999997 0.00000000099999999997 
0.00000000099999999997 0.99999999699999997382 0.00000000099999999997 0.00000000099999999997 
0.00000000099999999997 0.99999999700000008485 0.00000000099999999997 0.00000000099999999997 
0.00353161233917094648 0.07176174194284096197 0.53281092226137549694 0.39189572345661255470 
0.00036876215691975265 0.00000000100000000000 0.42884352087884586302 0.57078771596423427681 
0.06971747792137335253 0.00000000100000000000 0.00000000100000000000 0.93028252007862666240 
0.00000000099999999999 0.99999999699999997382 0.00000000099999999999 0.00000000099999999999 
0.00000000099999999998 0.99999999699999997382 0.00000000099999999998 0.00000000099999999998 
0.83035347533900338846 0.16964651536053890202 0.00000000100000000000 0.00000000830045770033 
0.38790121716717290701 0.03347476001793211337 0.00000069196618323094 0.57862333084871186983 
0.00000000099999999999 0.38028890288607575254 0.00000000099999999999 0.61971109511392419300 
0.19011077782007829162 0.02805069014230945554 0.15378646427506970085 0.62805206776254263179 
0.00000000099999999998 0.99999999700000008485 0.00000000099999999998 0.00000000099999999998 
0.00000000100000000000 0.05541349224005835683 0.17125314619207088196 0.77333336056787072010 
0.00000000099999999998 0.00000000099999999998 0.00000000099999999998 0.99999999700000008485 
0.00000000099999999998 0.00000000099999999998 0.00000000099999999998 0.99999999700000008485 
0.00000000099999999997 0.00000000099999999997 0.00000000099999999997 0.99999999700000008485 
0.00000000099999999999 0.00000000099999999999 0.00000000099999999999 0.99999999699999997382 
0.00000000099999999996 0.00000000099999999996 0.00000000099999999996 0.99999999700000008485 
0.00000000099999999997 0.00000000099999999997 0.00000000099999999997 0.99999999699999997382 
0.06461046816150700645 0.00000000100000000000 0.23175655730719227354 0.70363297353130072054 
0.00000000099999999999 0.00000000099999999999 0.24775106221798443018 0.75224893578201568189 
0.09566307779994458194 0.09861254564619345575 0.02643357548306298627 0.77929080107079895523 
0.00000000099999999998 0.00000000099999999998 0.00000000099999999998 0.99999999700000008485 
0.34177523365182421733 0.00000000100000000000 0.05100907978830230421 0.60721568555987337490 
0.11517429684549559954 0.00000000099999999998 0.00000000099999999998 0.88482570115450442927 
0.00000000100000000000 0.65101329146958597516 0.00168247174380334904 0.34730423578661062667 
0.00000000100000000000 0.19640341850534917545 0.15248930087012979584 0.65110727962452097373 
0.22479647599525767743 0.01288676156341695203 0.00000000099999999999 0.76231676144132531903 
0.00000000099999999999 0.00000000099999999999 0.00000000099999999999 0.99999999699999997382 
0.00000000099999999999 0.00000000099999999999 0.00000000099999999999 0.99999999700000008485 
0.02872238006297336485 0.19302051535935518811 0.00000000100000000000 0.77825710357767141634 
0.01559824951982437605 0.17133986648801255437 0.04472021622092353654 0.76834166777123957814 
0.00000000099999999997 0.00000000099999999997 0.00000000099999999997 0.99999999700000008485 
0.00000000099999999999 0.00020928807636654394 0.00000000099999999999 0.99979070992363350268 
0.04018796687426872544 0.06204172706533094689 0.28871400067164454395 0.60905630538875588087 
0.02182646881689279117 0.11862925839216216517 0.69844041928127287289 0.16110385350967212914 
0.00000000100000000000 0.43054978300052160201 0.39379854182231888160 0.17565167417715932263 
0.11325034766433428324 0.24311431813716072314 0.00000000099999999999 0.64363533319850485537 
0.46332285600181655205 0.00000000099999999999 0.53667714199818328247 0.00000000099999999999 
0.33602745610876638693 0.09334585460387531675 0.15464393662517919581 0.41598275266217910051 
0.69357406476270011542 0.08249370422129299885 0.08178868805760794447 0.14214354295839887188 
0.10568059404898713649 0.22188365842561857955 0.06083589773691368274 0.61159984978848058734 
0.05827528144466562893 0.17539274292145154432 0.75318010970346205291 0.01315186593042072527 
0.11959790259589943295 0.00000000099999999998 0.88040209540410052647 0.00000000099999999998 
0.00000000099999999999 0.00000000099999999999 0.99999999699999986280 0.00000000099999999999 
0.00000000099999999997 0.00000000099999999997 0.99999999699999997382 0.00000000099999999997 
0.16813969436966752502 0.05488462013899949449 0.04479449059239455633 0.73218119489893829233 
0.04589495513040593722 0.16620422836957529644 0.12774644940261900561 0.66015436709739983012 
0.00000194037943262040 0.16061581818494277685 0.00516132288190251313 0.83422091855372204616 
0.00198007561887633601 0.16247026295299454857 0.00000000100000000000 0.83554966042812894855 
0.00000000100000000000 0.00000000100000000000 0.00282649879487975294 0.99717349920512021733 
0.05581529476861908645 0.16828199351902262126 0.03561148156982079510 0.74029123014253739310 
0.01723959034876226121 0.25458130950649388025 0.08532533769143650637 0.64285376245330738687 
0.00000000099999999999 0.02635573598706363388 0.00000000099999999999 0.97364426201293630125 
0.22932175770325935460 0.09302183558245387396 0.05289038361313046221 0.62476602310115625372 
0.04702336494745942841 0.11705218601580129334 0.06646820170656259075 0.76945624733017670138 
0.00010372132925822441 0.29931645213194268962 0.25478336094479625551 0.44579646559400276651 
0.00000000100000000000 0.00474365848008760638 0.19153834195161584253 0.80371799856829650999 
0.30618896033046144600 0.05195835083755968864 0.00021212743429202221 0.64164056139768699261 
