0.00000000099999999996 0.00000000099999999996 0.99999999600000000211 0.00000000099999999996 0.00000000099999999996 
0.33663408477297934729 0.00000000099999999999 0.66336591222702057102 0.00000000099999999999 0.00000000099999999999 
0.23694088568656623828 0.00000000099999999998 0.76305911131343373555 0.00000000099999999998 0.00000000099999999998 
0.16176400963130202482 0.00000000471240732241 0.83823598365629059526 0.00000000099999999999 0.00000000099999999999 
0.13907966843944308266 0.10305311906529199262 0.75786721049526506455 0.00000000099999999999 0.00000000099999999999 
0.17232079638997507831 0.00000000461044568528 0.77629787839597708121 0.00000000100000000000 0.05138131960360214218 
0.00000000099999999997 0.00000000099999999997 0.99999999600000000211 0.00000000099999999997 0.00000000099999999997 
0.00000000099999999998 0.19763276153836203952 0.80236723546163790655 0.00000000099999999998 0.00000000099999999998 
0.18393475087636901311 0.13129028067461803730 0.68477496644901303391 0.00000000099999999999 0.00000000099999999999 
0.06321535677049482105 0.00000000099999999999 0.93678464022950502788 0.00000000099999999999 0.00000000099999999999 
0.00000000099999999998 0.05671668315234833224 0.94328331384765162770 0.00000000099999999998 0.00000000099999999998 
0.00000000152257822913 0.00000000099999999997 0.99999999547742179917 0.00000000099999999997 0.00000000099999999997 
0.05486241117359640096 0.00000000100000000000 0.70913125945535759875 0.05021418901766701304 0.18579213935337904329 
0.13867596041322616252 0.00000000099999999999 0.77852039538740269720 0.07028097176075918939 0.01252267143861182132 
0.24814962937301762724 0.00000000099999999999 0.66155960871149965818 0.09029075991548274338 0.00000000099999999999 
0.00000000099999999998 0.03813902112713295905 0.93883469159974053397 0.00000000099999999998 0.02302628527312649068 
0.33652719201878000810 0.00000000099999999998 0.66347280498121985470 0.00000000099999999998 0.00000000099999999998 
0.00000000099999999999 0.00000000099999999999 0.90845161921273687167 0.04980926926916097452 0.04173910951810214098 
0.35273443366815460109 0.05479571280307536651 0.56490894650424472445 0.01873031494421075610 0.00883059208031463684 
0.00000006737691710214 0.03512470033029426592 0.84748168347239627440 0.11739354782039235214 0.00000000100000000000 
0.00000000099999999998 0.00000000099999999998 0.99999999600000000211 0.00000000099999999998 0.00000000099999999998 
0.00000000099999999998 0.00000000099999999998 0.87237408085763368248 0.00000000099999999998 0.12762591614236612481 
0.00805484246094428924 0.00000000099999999996 0.99194515453905585112 0.00000000099999999996 0.00000000099999999996 
0.00000000099999999997 0.00000000099999999997 0.99999999600000000211 0.00000000099999999997 0.00000000099999999997 
0.12093789393239126606 0.00000000099999999998 0.73921210228831091271 0.01615258224151847055 0.12369742053777933732 
0.04244876573491333793 0.00000000099999999996 0.95755123126508667752 0.00000000099999999996 0.00000000099999999996 
0.30756007052580180972 0.13496502309209451598 0.55747490438210367536 0.00000000099999999999 0.00000000099999999999 
0.26794791815216806308 0.00000000100000000000 0.65228949200112296136 0.05542043144777995117 0.02434215739892899716 
0.13355715253027508616 0.00000000099999999998 0.86644284446972485991 0.00000000099999999998 0.00000000099999999998 
0.53637220676598362790 0.00000000099999999999 0.44146761136949558280 0.02216017986452077301 0.00000000099999999999 
0.45677115901919257412 0.00000000099999999999 0.49339086224553996285 0.01840408353682361497 0.03143389419844389021 
0.00000000099999999999 0.00000000099999999999 0.96643415801206367099 0.00003445002208942797 0.03353138996584675846 
0.23684913883873928708 0.00000000100000000000 0.71836190850702585919 0.00000000100000000000 0.04478895065423486865 
0.00000000099999999994 0.00000000099999999994 0.99999999599999989108 0.00000000099999999994 0.00000000099999999994 
0.00000000099999999999 0.00000000099999999999 0.89207777162756052292 0.00000000099999999999 0.10792222537243938152 
0.43929946568560096498 0.00000000099999999998 0.56070053131439900884 0.00000000099999999998 0.00000000099999999998 
0.30541945352504440425 0.00000000099999999998 0.69458054347495556957 0.00000000099999999998 0.00000000099999999998 
0.17335501583987411589 0.07739532931778990432 0.70557557203467846652 0.00000000100000000000 0.04367408180765759707 
0.00000000099999999997 0.00000000099999999997 0.99999999600000000211 0.00000000099999999997 0.00000000099999999997 
0.00000000099999999995 0.00000000099999999995 0.99999999600000000211 0.00000000099999999995 0.00000000099999999995 
0.67307222657853194026 0.00369191321311962374 0.32323585820834843663 0.00000000100000000000 0.00000000100000000000 
0.99999999600000011313 0.00000000099999999994 0.00000000099999999994 0.00000000099999999994 0.00000000099999999994 
0.00000019818254848220 0.00000000100000000000 0.99999969121072096456 0.00000000100000000000 0.00000010860673053184 
0.75885511305581887509 0.02982330288197851398 0.08992922970560542073 0.04881788656262778942 0.07257446779396940773 
0.72932165960842998409 0.00000000100000000000 0.26323968522877161380 0.00743865316279837454 0.00000000100000000000 
0.73024066526383701881 0.02048766729975229003 0.08570875771117013320 0.05547476195940252708 0.10808814776583802741 
0.99999999600000000211 0.00000000099999999998 0.00000000099999999998 0.00000000099999999998 0.00000000099999999998 
0.68236859778438130331 0.00000000099999999999 0.30021596942278355735 0.01318158906005990373 0.00423384273277520057 
0.88586087426161064240 0.02443065050981222883 0.00000000100000000000 0.04721840159633148432 0.04249007263224561376 
0.56781042572290685300 0.00000000099999999998 0.00000000099999999998 0.43218957127709312083 0.00000000099999999998 
0.99999999600000011313 0.00000000099999999994 0.00000000099999999994 0.00000000099999999994 0.00000000099999999994 
0.99999999600000000211 0.00000000099999999992 0.00000000099999999992 0.00000000099999999992 0.00000000099999999992 
0.99999999600000000211 0.00000000099999999996 0.00000000099999999996 0.00000000099999999996 0.00000000099999999996 
0.89454952557964917403 0.00000000099999999999 0.06341363810515199262 0.00000000099999999999 0.04203683431519881358 
0.99999999600000011313 0.00000000099999999997 0.00000000099999999997 0.00000000099999999997 0.00000000099999999997 
0.99999999600000000211 0.00000000099999999995 0.00000000099999999995 0.00000000099999999995 0.00000000099999999995 
0.90315228497363819749 0.00000000100000000000 0.00000001971626685342 0.00000000100000000000 0.09684769331009511484 
0.89037709463079872663 0.00000000099999999996 0.10962290236920120556 0.00000000099999999996 0.00000000099999999996 
0.99999999600000000211 0.00000000099999999997 0.00000000099999999997 0.00000000099999999997 0.00000000099999999997 
0.99999999600000000211 0.00000000099999999994 0.00000000099999999994 0.00000000099999999994 0.00000000099999999994 
0.63444961507561892233 0.00000000099999999996 0.36555038192438121802 0.00000000099999999996 0.00000000099999999996 
0.77743888953203876824 0.00000000099999999997 0.22256110746796139988 0.00000000099999999997 0.00000000099999999997 
0.99999999600000000211 0.00000000099999999992 0.00000000099999999992 0.00000000099999999992 0.00000000099999999992 
0.98861142356221032301 0.00000000099999999999 0.00000000099999999999 0.00000000099999999999 0.01138857343778988500 
0.13096937746780407119 0.00000121260569488220 0.14920824122147172131 0.09485749224724021600 0.62496367645778916344 
0.06732642917126931137 0.00000000099999999999 0.00000000099999999999 0.77047820270518896368 0.16219536612354179539 
0.00031075688535435339 0.00000000100000000000 0.00000000100000000000 0.72712433991238334396 0.27256490120226223306 
0.99999999600000000211 0.00000000099999999997 0.00000000099999999997 0.00000000099999999997 0.00000000099999999997 
0.78514802982736775494 0.00000000099999999996 0.21485196717263230215 0.00000000099999999996 0.00000000099999999996 
0.00815899937728358123 0.00000000099999999998 0.09636781541755072567 0.89547318320516555712 0.00000000099999999998 
0.00465021728476181992 0.15460591018661726248 0.18809498069284624755 0.65264889083577459772 0.00000000099999999999 
0.09947435706358863372 0.12890462486608481041 0.00000000100000000000 0.70818003599877532572 0.06344098107155131394 
0.00000000099999999998 0.05750519403138720093 0.00000000099999999998 0.94249480296861287698 0.00000000099999999998 
0.00000000099999999999 0.20658492804265912723 0.08126315014504167933 0.67965738183514623483 0.03249453897715306322 
0.00000000099999999998 0.19473049503904646396 0.15594286584483155189 0.64932663711612192969 0.00000000099999999998 
0.00000000100000000000 0.11745733130846841563 0.14229650641526514487 0.71520019516483612776 0.02504596611143024287 
0.05579498474141218745 0.04217481532271388778 0.18141497532896988520 0.65235690174811022946 0.06825832285879383787 
0.00000000099999999999 0.00837029907470457010 0.00000000099999999999 0.99162969792529531698 0.00000000099999999999 
0.00000000099999999999 0.02824174899497421815 0.09608566553755563955 0.87567258346747001152 0.00000000099999999999 
0.00000000099999999998 0.24927154797733197533 0.03717733759439394853 0.71355111242827395923 0.00000000099999999998 
0.00000000099999999999 0.18504608679927825321 0.15520255391574402926 0.65975135728497769083 0.00000000099999999999 
0.00000000099999999999 0.00000000099999999999 0.17691595149623387528 0.82308404550376612629 0.00000000099999999999 
0.12048173048497491655 0.04223273103324776817 0.07600770780233334634 0.63595060004461201331 0.12532723063483192094 
0.00000000099999999999 0.03704597319536113986 0.19248922607085106051 0.75118957517479467700 0.01927522455899319601 
0.05808659845049600479 0.14855855487030944495 0.00000000100000000000 0.79323540240543188862 0.00011944327376266826 
0.00000000100000000000 0.21353794262929573500 0.18108799723219803912 0.60537405813850631020 0.00000000100000000000 
0.00000000099999999999 0.21406718625813472845 0.00000000099999999999 0.78593281074186516211 0.00000000099999999999 
0.00992009399609378520 0.14358127860098188200 0.07762456150949006983 0.76887400243976156133 0.00000006345367272897 
0.85084702214414209553 0.00000000100000000000 0.00223680917496485963 0.00000781149988610551 0.14690835618100686610 
0.11693628275884501710 0.11054914086012040952 0.12910138021138733988 0.57102045386781019598 0.07239274230183705139 
0.00000000100000000000 0.10437813781298450888 0.01160028643356972311 0.82695346768368238610 0.05706810706976327141 
0.07415745341375289124 0.10380409109239528698 0.00000000099999999999 0.82203845349385173957 0.00000000099999999999 
0.00000000099999999999 0.11666921815905252624 0.11929223752882686660 0.70908385610163915391 0.05495468721048137745 
0.00000000099999999999 0.04690430235235882456 0.16340561931130553885 0.78969007633633547805 0.00000000099999999999 
0.03952268658397063705 0.17799808231587191387 0.00000000100000000000 0.72434167781354286131 0.05813755228661448421 
0.00000000099999999999 0.12255030793745458340 0.11468623974229120999 0.72078778025343404057 0.04197567106681995147 
0.90159998503087968036 0.09840001196912039061 0.00000000100000000000 0.00000000100000000000 0.00000000100000000000 
0.99913479542651872922 0.00000008735814562407 0.00000043042043842465 0.00015726088198483127 0.00070742591291245334 
0.00000000099999999999 0.12852501342954888996 0.06491456301332179657 0.80656042155712925901 0.00000000099999999999 
0.99999999600000011313 0.00000000099999999989 0.00000000099999999989 0.00000000099999999989 0.00000000099999999989 
0.00000000984247279284 0.00901559123203971198 0.00000000100000000000 0.88496053242012739926 0.10602386550536001264 
0.00000000099999999995 0.00000000099999999995 0.00000000099999999995 0.99999999599999989108 0.00000000099999999995 
0.12323086752914212683 0.14196528868141394808 0.08276612291011321842 0.54940765379842959604 0.10263006708090119390 
0.00000000100000000000 0.05376924191998271041 0.00000000100000000000 0.89589161056700628016 0.05033914551301102436 
0.00000000099999999996 0.18383724056593683804 0.00000000099999999996 0.81616275643406321905 0.00000000099999999996 
0.00000000099999999996 0.10005222582184832014 0.00000000099999999996 0.89994777117815161205 0.00000000099999999996 
0.00000000099999999999 0.00000000099999999999 0.00000000099999999999 0.99999999600000000211 0.00000000099999999999 
0.00000000099999999994 0.00000000099999999994 0.00000000099999999994 0.99999999600000000211 0.00000000099999999994 
0.00000000099999999999 0.00000000099999999999 0.14218573252957469877 0.85781426447042519179 0.00000000099999999999 
0.00000000099999999997 0.00000000099999999997 0.00000000099999999997 0.99999999599999989108 0.00000000099999999997 
0.00000000099999999996 0.19933890003982870920 0.00000000099999999996 0.80066109696017118136 0.00000000099999999996 
0.19028532827146948936 0.00000000099999999999 0.00003936561398883390 0.80967530411454169403 0.00000000099999999999 
0.00000000099999999997 0.00000000099999999997 0.00000000099999999997 0.99999999600000000211 0.00000000099999999997 
0.00000000099999999998 0.08464785583325164231 0.00000000099999999998 0.90458500951385856226 0.01076713265288977740 
0.00000000100000000000 0.00008542212137964114 0.12237927814422261408 0.73915872595704845693 0.13837657277734921601 
0.00000000099999999999 0.06331151395998377285 0.00000000099999999999 0.77602000698498974085 0.16066847705502665389 
0.22675992048737644846 0.06081320837748230290 0.00000000100000000000 0.57383073701474318629 0.13859613312039803512 
0.00000000099999999999 0.00294496621692997423 0.00000000099999999999 0.99705503078306989551 0.00000000099999999999 
0.00000000099999999997 0.00000000099999999997 0.00000000099999999997 0.99999999600000000211 0.00000000099999999997 
0.00000000099999999994 0.00000000099999999994 0.00000000099999999994 0.99999999600000000211 0.00000000099999999994 
0.02359212881034018772 0.08009223517272986981 0.04993729214136306827 0.73897554816699317914 0.10740279570857363955 
0.02297285308803612494 0.06486448482506287916 0.00000000316039842828 0.79409959105600536056 0.11806306787049719587 
0.12568376232994513120 0.04029853640475882653 0.00600704013502780573 0.77707316323274711056 0.05093749789752106266 
0.00000000099999999998 0.11090619555176639555 0.00000000099999999998 0.79851606608052205782 0.09057773636771140890 
0.05372535215695427302 0.12519581447415883968 0.00000000099999999999 0.56647831550237903731 0.25460051686650803093 
0.07855422327437458496 0.02287313061387429014 0.01068383954695078901 0.78266107929742168015 0.10522772726737855686 
0.14282714038669050427 0.08246508520453017799 0.00000000099999999999 0.71225266298367850837 0.06245511042510087929 
0.00000000099999999998 0.10917451296106062131 0.00000000099999999998 0.89082548403893924149 0.00000000099999999998 
0.14939555171323523619 0.05763888923390786401 0.00000000099999999999 0.74261638905972393587 0.05034916899313311711 
0.20156158837790086324 0.02787236141218808055 0.00000000099999999999 0.70635265448947726075 0.06421339472043387231 
0.02560577556319917902 0.08911803468332431255 0.09370800765757036910 0.74684970229016334198 0.04471847980574279735 
0.00000000099999999999 0.20470596676914107337 0.09527341003741832126 0.70002062119344055091 0.00000000099999999999 
0.00860249319594449946 0.22078774116034777242 0.03998764634479170382 0.67896198255141360089 0.05166013674750247198 
0.00000000099999999999 0.23024042348879061870 0.00000000099999999999 0.71074736913189040521 0.05901220537931885918 
0.00000000100000000000 0.18141436722365256173 0.07121293589083316222 0.74737269488551416607 0.00000000100000000000 
0.00000000099999999998 0.00000000099999999998 0.00000000099999999998 0.21749221004838398263 0.78250778695161593568 
0.00000000099999999999 0.14497453957581465933 0.00000000099999999999 0.00000000099999999999 0.85502545742418545327 
0.00000000099999999998 0.03418878821724343625 0.00000000099999999998 0.00000059767178178224 0.96581061211097474217 
0.24327745888908761107 0.00000000100000000000 0.00000000100000000000 0.04824823562023258100 0.70847430349067985755 
0.00000003443152664090 0.02999625237195812158 0.00000000100000000000 0.23217804140583311878 0.73782567079068206439 
0.49066692402532918749 0.05625793769036243480 0.40575050490908570744 0.04731111635977634788 0.00001351701544630499 
0.13706902320835170905 0.03503301866583298507 0.00000000099999999999 0.00000000099999999999 0.82789795612581529305 
0.19469508888221104259 0.04283251619261180948 0.00041100252898934283 0.20306396238396334786 0.55899743001222446104 
0.00000000100000000000 0.15320584409852783248 0.01730943912095082166 0.00209246054274882720 0.82739225523777248927 
0.00000087756466874700 0.00000000100000000000 0.19513431574350162401 0.80486480469182952735 0.00000000100000000000 
0.00000000099999999997 0.00000000099999999997 0.00000000099999999997 0.00000000099999999997 0.99999999599999989108 
0.07360026762746028905 0.07995002452114441382 0.05507569615166053867 0.11390212656423799598 0.67747188513549660982 
0.00000000099999999998 0.00000000099999999998 0.00000000099999999998 0.00000000099999999998 0.99999999599999989108 
0.00000000099999999997 0.00000000099999999997 0.00000000099999999997 0.22343573068550665051 0.77656426631449337883 
0.00000000099999999997 0.00000000099999999997 0.00000000099999999997 0.00004940568191464388 0.99995059131808528008 
0.00000000099999999998 0.00000000099999999998 0.00000000099999999998 0.00000000099999999998 0.99999999600000000211 
0.00000000099999999998 0.00075055528874234793 0.00000000099999999998 0.31214409545354088182 0.68710534725771676978 
0.03977271386090124733 0.02211720951608108290 0.00000000100000000000 0.25701139614644336051 0.68109867947657420917 
0.00000000099999999998 0.00000000099999999998 0.00000000099999999998 0.00141224517732026558 0.99858775182267978110 
0.00000000099999999993 0.00000000099999999993 0.00000000099999999993 0.00000000099999999993 0.99999999599999989108 
0.00000000100000000000 0.14629499756682018408 0.00000000100000000000 0.00000000100000000000 0.85370499943317990077 
0.00000000099999999999 0.02389468243158602775 0.00000000099999999999 0.00000331333749970691 0.97610200223091425631 
0.00000000099999999999 0.00000000099999999999 0.03514282008778716465 0.00000000099999999999 0.96485717691221284387 
0.00000000099999999999 0.08624781380854440460 0.09096393551423391510 0.00000000099999999999 0.82278824867722177849 
0.00000000100000000000 0.04106400382290557177 0.05191424015276483589 0.15016242929572790055 0.75685932572860159517 
0.49571437710911442354 0.00536506101585146247 0.16515593715917686879 0.00000000100000000000 0.33376462371585735589 
0.99999984136234054688 0.00000015563765955127 0.00000000100000000000 0.00000000100000000000 0.00000000100000000000 
0.00000000099999999997 0.00000000099999999997 0.00000000099999999997 0.00000000099999999997 0.99999999599999989108 
0.00000000099999999999 0.12914144244414044183 0.00000000099999999999 0.07209780974681083421 0.79876074580904876665 
0.13550115349479352478 0.00000000100000000000 0.03090933934653665449 0.00000000998093489784 0.83358949617773492324 
0.00000000099999999995 0.00000000099999999995 0.00000000099999999995 0.00000000099999999995 0.99999999599999989108 
0.00000000099999999996 0.00000000099999999996 0.00000000099999999996 0.00000000099999999996 0.99999999600000000211 
0.10311212564864874475 0.00000000099999999999 0.00000000099999999999 0.00000000099999999999 0.89688787135135128459 
0.00000000099999999998 0.00000000099999999998 0.00000000099999999998 0.00000000099999999998 0.99999999600000000211 
0.00000000099999999997 0.00000000099999999997 0.00000000099999999997 0.00000000099999999997 0.99999999599999989108 
0.00000000099999999998 0.00000000099999999998 0.00000000099999999998 0.00000000099999999998 0.99999999599999989108 
0.22058109981822032752 0.06443602327523502427 0.43462050733597085150 0.06308376176945103275 0.21727860780112279171 
0.01546971189042968021 0.00000000099999999997 0.00000000099999999997 0.00000000099999999997 0.98453028510957030228 
0.16293607273905946764 0.09176000288860684806 0.00000000099999999999 0.00000000099999999999 0.74530392237233367148 
0.00000000099999999999 0.00070550965646458245 0.00000000099999999999 0.00000000099999999999 0.99929448734353543138 
0.13575503637813535196 0.35380563828791661285 0.22363143042287886297 0.00000000100000000000 0.28680789391106920050 
0.00000000100000000000 0.00000660231128791049 0.00083954779674073117 0.00000000100000000000 0.99915384789197125848 
0.14520877751682997880 0.00000000099999999999 0.85479121948317005053 0.00000000099999999999 0.00000000099999999999 
0.00000000099999999999 0.00000000099999999999 0.14077381468491184657 0.00000025542272931171 0.85922592789235885391 
0.00000000099999999998 0.03445186264872043824 0.00000000099999999998 0.00000000099999999998 0.96554813435127950783 
0.00000000099999999991 0.00000000099999999991 0.00000000099999999991 0.00000000099999999991 0.99999999600000000211 
0.00000000099999999995 0.00000000099999999995 0.00000000099999999995 0.00000000099999999995 0.99999999599999989108 
0.00000000099999999999 0.00000000099999999999 0.00000000099999999999 0.00000000099999999999 0.99999999600000000211 
0.00000000099999999999 0.03113216639157510499 0.00000000099999999999 0.10791873196449192074 0.86094909964393306900 
0.00000000099999999999 0.00000000099999999999 0.00000000099999999999 0.00000000099999999999 0.99999999600000000211 
0.00000000099999999996 0.00000000099999999996 0.00000000099999999996 0.00000000099999999996 0.99999999599999989108 
0.00000000099999999996 0.00000000099999999996 0.00000000099999999996 0.00000000099999999996 0.99999999599999989108 
0.00000000099999999996 0.00000000099999999996 0.00000000099999999996 0.00000000099999999996 0.99999999600000000211 
0.62829454923892447127 0.19988676339363176115 0.00000000100000000000 0.16984436824335108485 0.00197431812409265247 
0.43105095309803015402 0.00000000100000000000 0.00000003596695049632 0.56894900893501942907 0.00000000100000000000 
0.00118396094069515324 0.09868668307355364655 0.00000000100000000000 0.90012935398575122381 0.00000000100000000000 
0.00000000099999999998 0.00000000099999999998 0.00000000099999999998 0.00000000099999999998 0.99999999599999989108 
0.00000000099999999997 0.00000000099999999997 0.00000000099999999997 0.00000000099999999997 0.99999999599999989108 
0.00789904127465751449 0.02366041803733391277 0.00000000100000000000 0.76992624530623177126 0.19851429438177681241 
0.00000000100000000000 0.00000000100000000000 0.04702120765277262998 0.95241027464869487673 0.00056851569853249857 
0.00000000100000000000 0.17924363115973934724 0.01817071773700739898 0.39704545895893311735 0.40554019114432016124 
0.20007802138103886191 0.12141518056302391670 0.00000000100000000000 0.67850675085500822270 0.00000004620092895058 
0.00000000099999999996 0.00000000099999999996 0.00000000099999999996 0.00000000099999999996 0.99999999600000000211 
0.18301208760540649267 0.33552711449786098985 0.04713041198592773234 0.35704592081531194570 0.07728446509549270760 
0.00000000099999999994 0.99999999600000011313 0.00000000099999999994 0.00000000099999999994 0.00000000099999999994 
0.00000000099999999994 0.99999999600000011313 0.00000000099999999994 0.00000000099999999994 0.00000000099999999994 
0.00000000099999999988 0.99999999600000000211 0.00000000099999999988 0.00000000099999999988 0.00000000099999999988 
0.00000000099999999998 0.99999999600000011313 0.00000000099999999998 0.00000000099999999998 0.00000000099999999998 
0.00000000099999999983 0.99999999600000000211 0.00000000099999999983 0.00000000099999999983 0.00000000099999999983 
0.00000000099999999982 0.99999999600000000211 0.00000000099999999982 0.00000000099999999982 0.00000000099999999982 
0.00000000099999999995 0.99999998714227900098 0.00000000985772104339 0.00000000099999999995 0.00000000099999999995 
0.00000000099999999996 0.99999999600000000211 0.00000000099999999996 0.00000000099999999996 0.00000000099999999996 
0.07618845737397453299 0.18296487599617949904 0.00000000100000000000 0.65380532183694384241 0.08704134379290205670 
0.00000000099999999997 0.99999999600000000211 0.00000000099999999997 0.00000000099999999997 0.00000000099999999997 
0.00000000100000000000 0.22653064030883313107 0.09856806869468061338 0.67490128899648615945 0.00000000100000000000 
0.00000000099999999996 0.56085045908977415596 0.00000000099999999996 0.43914953791022581786 0.00000000099999999996 
0.32502888193703527442 0.03107231842539621286 0.00000000100000000000 0.00000223612357004258 0.64389656251399851605 
0.26919388965377077927 0.17083203613909916929 0.00000000100000000000 0.36552881871229259136 0.19444525449483743285 
0.00000000099999999999 0.01480179095790085976 0.00000000099999999999 0.97058473144813939282 0.01461347559395976062 
0.00000000099999999999 0.00000000099999999999 0.00000000099999999999 0.99999999600000000211 0.00000000099999999999 
0.00000000099999999997 0.99999999600000011313 0.00000000099999999997 0.00000000099999999997 0.00000000099999999997 
0.03056721934402356969 0.35819269150894572640 0.00000000100000000000 0.40247251724993649002 0.20876757089709419013 
0.09681319655271336533 0.11902898853553800507 0.00000000100000000000 0.66096131504390132072 0.12319649886784721227 
0.00000000099999999999 0.06389460905099815513 0.01807098763497953786 0.91803440131402236357 0.00000000099999999999 
0.00000000292548121908 0.74323018454551526002 0.00000000100000000000 0.24223379886581727916 0.01453601266318623429 
0.35294095379664464085 0.18258358005629291010 0.00000000100000000000 0.42776231242541595812 0.03671315272164661636 
0.76807319580151911520 0.00000000099999999999 0.00000000099999999999 0.19822807362399133546 0.03369872857448959202 
0.44549142957387077857 0.08756277961124374343 0.00000000100000000000 0.08351349826707304969 0.38343229154781233170 
0.01234398650987849830 0.13219961546104883054 0.00000000100000000000 0.61243884724387231966 0.24301754978520026529 
0.20439074932585762912 0.06238151188361036603 0.38269424288867592843 0.33730732336957147677 0.01322617253228452854 
0.00000004800166248042 0.05815840216446849231 0.22037943151710781553 0.61182222631082350262 0.10963989200593779461 
0.03333917692290613161 0.00000000100000000000 0.06274569643572701361 0.82326033486985106258 0.08065479077151585519 
0.00002483413852580713 0.13369667977697574646 0.10009148286166300035 0.56648964738137441710 0.19969735584146106055 
0.00000000100000000000 0.00000000100000000000 0.92023906088107687573 0.00009424799545850753 0.07966668912346452913 
0.99999999600000011313 0.00000000099999999993 0.00000000099999999993 0.00000000099999999993 0.00000000099999999993 
0.79305320038351501122 0.00000000099999999999 0.20694679661648504587 0.00000000099999999999 0.00000000099999999999 
0.84503248460332569536 0.00000000099999999996 0.15496751239667436173 0.00000000099999999996 0.00000000099999999996 
0.00000000100000000000 0.14823348081076487270 0.11792912390373788689 0.67513228293835003679 0.05870511134714714169 
0.01327590635460396823 0.12591851683857568922 0.17523131098793714999 0.52963084352720402048 0.15594342229167926228 
0.00000000100000000000 0.05496736124361187303 0.11913831428712781668 0.74917873266226031603 0.07671559080700003641 
0.01612053251075508745 0.20298850632417486661 0.06522829828865132906 0.57754120365982108964 0.13812145921659757519 
0.01972012088320201570 0.19873768260614568804 0.10325447978674696936 0.67828771572390522682 0.00000000100000000000 
0.00422610584588991450 0.15793803149985222167 0.08534198504329440493 0.60197300065855197104 0.15052087695241153642 
0.14910652039162541893 0.05412768380194345197 0.00000000100000000000 0.60280322585940226965 0.19396256894702887386 
0.04171763547965663677 0.22580235032017365038 0.00000001325924679252 0.70641474649828239762 0.02606525444264056607 
0.00000000100000000000 0.01173530266562914683 0.12112811456434598167 0.81140171461288768118 0.05573486715713719258 
0.00000000100000000000 0.20506390923116182834 0.12908273777975451391 0.53299848331131405299 0.13285486867776966080 
0.34134612009483134010 0.09575897472894855100 0.00000000100000000000 0.34014958799058470085 0.22274531618563558899 
0.00065496077352662720 0.19642235207774011441 0.22517387061393651093 0.55807745493539984150 0.01967136159939703033 
0.00003344901370231552 0.18901819886384826908 0.06002848978059594637 0.68826724261048111142 0.06265261973137239981 
