0.00000000099999999991 0.00000000099999999991 0.00000000099999999991 0.99999999399999994765 0.00000000099999999991 0.00000000099999999991 0.00000000099999999991 
0.19382343208114516386 0.00000000099999999999 0.00000000099999999999 0.62707836411531969745 0.17909819980353511304 0.00000000099999999999 0.00000000099999999999 
0.00000000099999999996 0.00000000099999999996 0.00000000099999999996 0.64829569207968940070 0.35170430292031062969 0.00000000099999999996 0.00000000099999999996 
0.12323744740330933034 0.00000000099999999999 0.00000000099999999999 0.77829618713156289989 0.09846636146512786902 0.00000000099999999999 0.00000000099999999999 
0.00347248791183562460 0.04744943728673430700 0.03391807899070612559 0.76280542336669743264 0.15235457044402664351 0.00000000099999999998 0.00000000099999999998 
0.00000000099999999999 0.00000000962841369786 0.00031765999145106781 0.67932700695383374523 0.31224201373922999547 0.00811330768707145544 0.00000000099999999999 
0.00000000099999999997 0.00000000099999999997 0.00000000099999999997 0.93556047472790759834 0.06443952027209233491 0.00000000099999999997 0.00000000099999999997 
0.06157455867133377475 0.20447190794133579539 0.00000000099999999996 0.73395352938733038339 0.00000000099999999996 0.00000000099999999996 0.00000000099999999996 
0.17668954479147774839 0.12531070677559524862 0.00000000099999999999 0.56198659330016675906 0.13601315213276019001 0.00000000099999999999 0.00000000099999999999 
0.23144001297683439167 0.00000000099999999998 0.00000000099999999998 0.76855998202316577750 0.00000000099999999998 0.00000000099999999998 0.00000000099999999998 
0.00000000099999999996 0.04620315675347527740 0.00000000099999999996 0.95379683668871484414 0.00000000255780983047 0.00000000099999999996 0.00000000099999999996 
0.19400298416923872358 0.00000000099999999994 0.00000000099999999994 0.71830945675697377428 0.00000000099999999994 0.00000000099999999994 0.08768755507378757363 
0.01903188337600527150 0.00000000100000000000 0.00000000100000000000 0.64335771051090706596 0.09375029396851373986 0.13973706122546300512 0.10412304891911089433 
0.01487924295805594273 0.00000000099999999999 0.12129033870919840588 0.69399385285801418188 0.16983656247473152834 0.00000000099999999999 0.00000000099999999999 
0.26645687128967920909 0.00000000099999999999 0.00000000226128483151 0.58620614156060379951 0.07249265648084780855 0.00000000099999999999 0.07484432640758427457 
0.00000000099999999996 0.00000000099999999996 0.00000000099999999996 0.82008348346964676789 0.17991651153035317923 0.00000000099999999996 0.00000000099999999996 
0.33235576449587644898 0.00000000099999999997 0.00000000099999999997 0.57356454048676708268 0.09407969101735635942 0.00000000099999999997 0.00000000099999999997 
0.04501018984185754107 0.00000000099999999998 0.00000000099999999998 0.82045037107332607906 0.00000000099999999998 0.00000000099999999998 0.13453943508481636115 
0.38478991728570144382 0.04847358938102229453 0.00000000099999999999 0.45248332355927689541 0.06496546159699827239 0.00000000099999999999 0.04928770617700116430 
0.15930704579146698352 0.03875349737808916895 0.00000000099999999998 0.67889903600015133467 0.00000000099999999998 0.00000000099999999998 0.12304041783029248669 
0.00000000099999999998 0.01288504914886496981 0.00000000099999999998 0.89998373945324039447 0.08713120739789470548 0.00000000099999999998 0.00000000099999999998 
0.00000000099999999996 0.00000000099999999996 0.00000000099999999996 0.82842403966722200082 0.07181760067562774352 0.09975835565715025777 0.00000000099999999996 
0.00000000099999999995 0.00000000099999999995 0.00000000099999999995 0.81617558382913435455 0.18382441117086575910 0.00000000099999999995 0.00000000099999999995 
0.00000000099999999996 0.00000000099999999996 0.00000000099999999996 0.86601026201615738387 0.13398973298384267427 0.00000000099999999996 0.00000000099999999996 
0.00002593381952390465 0.00000000099999999998 0.00000000099999999998 0.61946883253798823432 0.24544173856319020932 0.07481126293506874803 0.06025223014422895207 
0.00000000099999999994 0.00000000099999999994 0.00000000099999999994 0.79371078837370945269 0.20628920662629057770 0.00000000099999999994 0.00000000099999999994 
0.30524677960149698697 0.11959300395589594901 0.00000110141571778594 0.54366840914559422249 0.03149070388129505960 0.00000000099999999999 0.00000000099999999999 
0.18716248362632170732 0.00000000099999999999 0.02757899393845555588 0.53754996657326092890 0.20306742255858076240 0.00000000099999999999 0.04464113130338120961 
0.21831707941163322473 0.00000000099999999996 0.00000000099999999996 0.78168291558836677790 0.00000000099999999996 0.00000000099999999996 0.00000000099999999996 
0.48686587572885547948 0.00000000099999999999 0.00000000099999999999 0.41681972539998213279 0.09631439487116236209 0.00000000099999999999 0.00000000099999999999 
0.21538316943848812013 0.00000000099999999999 0.06032318150073429780 0.33296356288312101146 0.39132284718858401096 0.00000723698907250005 0.00000000099999999999 
0.18973809892916407294 0.00000000099999999998 0.00000000099999999998 0.79349670718674247816 0.00000000099999999998 0.00000000099999999998 0.01676518988409351346 
0.00000000099999999998 0.00000000099999999998 0.02682311776617615426 0.58460505320121047834 0.38761058451701085881 0.00096124151560243829 0.00000000099999999998 
0.00000000099999999990 0.00000000099999999990 0.00000000099999999990 0.99999999400000005867 0.00000000099999999990 0.00000000099999999990 0.00000000099999999990 
0.00000000099999999998 0.00000000099999999998 0.00000000099999999998 0.89012863679851661480 0.00000000099999999998 0.09032496592457295304 0.01954639327691043080 
0.24831929662179533236 0.00000000099999999997 0.00000000099999999997 0.46322719275543877693 0.28845350662276586506 0.00000000099999999997 0.00000000099999999997 
0.38211596103516759504 0.00000000099999999996 0.00000000099999999996 0.61788403396483226881 0.00000000099999999996 0.00000000099999999996 0.00000000099999999996 
0.11131658514559884809 0.06172062453244541586 0.00000000100000000000 0.63701520107100173540 0.15906685417556848394 0.02691257307570848328 0.00396816099967709814 
0.00000000099999999994 0.00000000099999999994 0.00000000099999999994 0.99999999400000005867 0.00000000099999999994 0.00000000099999999994 0.00000000099999999994 
0.00000000099999999994 0.00000000099999999994 0.00000000099999999994 0.87025160464138662242 0.12974839035861329695 0.00000000099999999994 0.00000000099999999994 
0.22258314512944787911 0.00624419404286628670 0.00487571870516233154 0.25947439194244298344 0.50682254818008054542 0.00000000099999999999 0.00000000099999999999 
0.99999999400000005867 0.00000000099999999988 0.00000000099999999988 0.00000000099999999988 0.00000000099999999988 0.00000000099999999988 0.00000000099999999988 
0.00000000099999999999 0.00000000099999999999 0.00000000099999999999 0.23403754277038055220 0.76596245222961945043 0.00000000099999999999 0.00000000099999999999 
0.97536611292530561723 0.00000000099999999999 0.00000000099999999999 0.00000000099999999999 0.00000000099999999999 0.02463388207469448601 0.00000000099999999999 
0.61742196082745237629 0.00000000099999999999 0.00000000099999999999 0.21359489528630781763 0.16898313988623989146 0.00000000099999999999 0.00000000099999999999 
0.86011140315635914444 0.02920055885303925527 0.00000000099999999999 0.01424390739432695833 0.00000000099999999999 0.09638316163368791656 0.00006096696258698016 
0.99999999400000005867 0.00000000099999999993 0.00000000099999999993 0.00000000099999999993 0.00000000099999999993 0.00000000099999999993 0.00000000099999999993 
0.63085767459537067658 0.00000000099999999998 0.00000000099999999998 0.22627561183944636114 0.12199263215385003356 0.00000000099999999998 0.02087407841133310724 
0.88941653626616057338 0.02657025995631427315 0.00000000099999999999 0.00000000099999999999 0.03528192817004066617 0.02718210240766863114 0.02154917119981595089 
0.60222222407088088492 0.00000000099999999995 0.00000000099999999995 0.00000000099999999995 0.00000000099999999995 0.00000000099999999995 0.39777777092911920098 
0.99999999400000016969 0.00000000099999999988 0.00000000099999999988 0.00000000099999999988 0.00000000099999999988 0.00000000099999999988 0.00000000099999999988 
0.99999999400000005867 0.00000000099999999982 0.00000000099999999982 0.00000000099999999982 0.00000000099999999982 0.00000000099999999982 0.00000000099999999982 
0.99842732350872986924 0.00000000099999999992 0.00000000099999999992 0.00000000099999999992 0.00157267149127026523 0.00000000099999999992 0.00000000099999999992 
0.54998365148336236796 0.00000000099999999998 0.00000000099999999998 0.00000000099999999998 0.45001634351663777345 0.00000000099999999998 0.00000000099999999998 
0.80672780759319429045 0.00000000099999999995 0.00000000099999999995 0.00000000099999999995 0.19327218740680585096 0.00000000099999999995 0.00000000099999999995 
0.99999999400000005867 0.00000000099999999991 0.00000000099999999991 0.00000000099999999991 0.00000000099999999991 0.00000000099999999991 0.00000000099999999991 
0.62607235937419303262 0.00000000099999999999 0.04213814299257939017 0.00000000099999999999 0.27409089662969743362 0.05769859800353024926 0.00000000099999999999 
0.99999999400000005867 0.00000000099999999991 0.00000000099999999991 0.00000000099999999991 0.00000000099999999991 0.00000000099999999991 0.00000000099999999991 
0.88194985910078793623 0.00000000099999999995 0.00000000099999999995 0.00000000099999999995 0.11805013589921209416 0.00000000099999999995 0.00000000099999999995 
0.00000000099999999974 0.00000000099999999974 0.00000000099999999974 0.00000000099999999974 0.99999999399999994765 0.00000000099999999974 0.00000000099999999974 
0.50465897105791213129 0.00000000099999999994 0.00000000099999999994 0.31668160345653506571 0.17865942148555291613 0.00000000099999999994 0.00000000099999999994 
0.51147674462265890760 0.00000000099999999995 0.00000000099999999995 0.10505120353656199894 0.38347204784077920658 0.00000000099999999995 0.00000000099999999995 
0.31112819865171864597 0.00000000099999999989 0.00000000099999999989 0.00000000099999999989 0.68887179634828143993 0.00000000099999999989 0.00000000099999999989 
0.00000000099999999995 0.00000000099999999995 0.00000000099999999995 0.00000000099999999995 0.99999999400000005867 0.00000000099999999995 0.00000000099999999995 
0.00000000100000000000 0.00000000100000000000 0.00000000100000000000 0.03720929264439908762 0.23183076095339721912 0.43527993740862636063 0.29568000599357735503 
0.00000000099999999994 0.00000000099999999994 0.00000000099999999994 0.00000000099999999994 0.07591583210682055494 0.00000005594015924148 0.92408410795302020624 
0.00000000099999999998 0.00000000099999999998 0.00000000099999999998 0.00000000099999999998 0.00000000099999999998 0.00000000099999999998 0.99999999399999994765 
0.99999999400000016969 0.00000000099999999992 0.00000000099999999992 0.00000000099999999992 0.00000000099999999992 0.00000000099999999992 0.00000000099999999992 
0.79938650364034824491 0.00000000099999999995 0.00000000099999999995 0.16158356893646441677 0.03902992342318752084 0.00000000099999999995 0.00000000099999999995 
0.02124157830874554356 0.00000000099999999998 0.64007315392709451807 0.05336765944299047548 0.00000000099999999998 0.00000000099999999998 0.28531760532116956508 
0.07577154658949006305 0.09670228041189316004 0.63149380999833037986 0.12102056339635887394 0.00000000099999999998 0.00000000099999999998 0.07501179760392751028 
0.00000000099999999999 0.02762262360733389391 0.68364538388968010274 0.00000000099999999999 0.12105453991819689619 0.00897467447767335766 0.15870277610711591709 
0.00000000099999999997 0.09426552649990370403 0.35197822964933450640 0.00000000099999999997 0.00000000099999999997 0.00000000099999999997 0.55375623985076161127 
0.00000000099999999998 0.14009946177016247004 0.58536042850590319642 0.07856078400373175952 0.00000000099999999998 0.00000000099999999998 0.19597932272020252009 
0.00000000099999999996 0.11768842228186766896 0.73984706830345836615 0.11180904441538477845 0.00000000099999999996 0.00000000099999999996 0.03065546199928937537 
0.00000000099999999999 0.00616312493114168185 0.72099258489065110034 0.13313016015059367381 0.00000000099999999999 0.00000000099999999999 0.13971412702761348834 
0.01276282331128281849 0.00000000099999999999 0.80628450155715158942 0.15050403104178741720 0.03044838024061161108 0.00000026184916646712 0.00000000099999999999 
0.00000000099999999998 0.07135946912745096127 0.33501951767447485375 0.00000000099999999998 0.00000000099999999998 0.00000000099999999998 0.59362100919807392341 
0.00000000099999999999 0.00042200831561654541 0.48864217612364974075 0.14042074230887582886 0.00000000099999999999 0.00000000099999999999 0.37051507025185786981 
0.00000000099999999997 0.19587627931144419025 0.58784129494222980838 0.01427079101795757782 0.00000000099999999997 0.00000000099999999997 0.20201163172836864024 
0.00000000099999999998 0.12722455529300333299 0.47242445806631194749 0.14421209940736520738 0.00000000099999999998 0.00000000099999999998 0.25613888423331954147 
0.00000000099999999999 0.00000000099999999999 0.49656434508375446590 0.13355071992411124415 0.00985223953692198479 0.00000000099999999999 0.36003269245521246633 
0.00000000099999999999 0.04975016714024078218 0.33785490582900368217 0.00000000099999999999 0.20720209417276752584 0.09579099729368519001 0.30940183356430284167 
0.00000000099999999998 0.00000000099999999998 0.67195118266053910361 0.16612308185294549778 0.00000000099999999998 0.00000000099999999998 0.16192573148651537296 
0.03243073744189606256 0.07268498665455662422 0.89488427190354724594 0.00000000099999999998 0.00000000099999999998 0.00000000099999999998 0.00000000099999999998 
0.00000000099999999999 0.07570661509601869787 0.70556536450354667700 0.13580505744384430145 0.00000000099999999999 0.00000000099999999999 0.08292295995659049179 
0.00000000099999999996 0.03446755982614203156 0.96553243517385789474 0.00000000099999999996 0.00000000099999999996 0.00000000099999999996 0.00000000099999999996 
0.00000000100000000000 0.06437482568483572642 0.70802273198733756132 0.00693670923175382370 0.05638893941869562582 0.00000000100000000000 0.16427679167737727073 
0.00000000099999999999 0.00000000099999999999 0.00000000099999999999 0.00000000099999999999 0.99999999400000005867 0.00000000099999999999 0.00000000099999999999 
0.00000000100000000000 0.05535210003298497716 0.61618561786878345288 0.06651508229729513610 0.16958227926675623065 0.00768085642880485600 0.08468406310537529569 
0.00000000099999999999 0.03664780551593917191 0.78472240299155693322 0.00000000099999999999 0.00000000099999999999 0.00000000099999999999 0.17862978749250396637 
0.00000000099999999998 0.00000000099999999998 0.83213939904263289904 0.00000000099999999998 0.07743845915681128733 0.00000000099999999998 0.09042213780055591288 
0.00000000099999999999 0.03358762737467828330 0.85305018128148757395 0.04864015634531305976 0.00000000099999999999 0.05176023935444906687 0.01296179364407211258 
0.00000000099999999998 0.00000000099999999998 0.76613756605863492233 0.15204580070525852697 0.00000000099999999998 0.00000000099999999998 0.08181662923610644178 
0.00000000100000000000 0.12518854514632801744 0.55900712745427916239 0.00000000100000000000 0.02966701548668962060 0.04192026137195115770 0.24421704854075204638 
0.00000000099999999998 0.00000000099999999998 0.95521674893648911286 0.04478324606351081344 0.00000000099999999998 0.00000000099999999998 0.00000000099999999998 
0.00000000099999999999 0.05319940777770063023 0.00000000099999999999 0.00000000099999999999 0.94680058722229931689 0.00000000099999999999 0.00000000099999999999 
0.00000000317109715887 0.00000000099999999999 0.00000000099999999999 0.00000000099999999999 0.99999999182890286775 0.00000000099999999999 0.00000000099999999999 
0.00000000099999999997 0.00000000099999999997 0.99995506662525157626 0.00004492837474841265 0.00000000099999999997 0.00000000099999999997 0.00000000099999999997 
0.00000000099999999971 0.00000000099999999971 0.00000000099999999971 0.00000000099999999971 0.99999999400000005867 0.00000000099999999971 0.00000000099999999971 
0.00000000099999999991 0.00000000099999999991 0.00000000099999999991 0.00000000099999999991 0.00000000099999999991 0.00000000099999999991 0.99999999400000005867 
0.00000000099999999989 0.00000000099999999989 0.00000000099999999989 0.00000000099999999989 0.00000000099999999989 0.00000000099999999989 0.99999999399999994765 
0.04583239256734224221 0.12181123588938007340 0.34788775057918291944 0.04333124728005668252 0.10837062917488789193 0.06922122133509139852 0.26354552317405882667 
0.00000000099999999999 0.00332343172039578508 0.71675792965471807339 0.00000000099999999999 0.00000000099999999999 0.01808521176006915032 0.26183342386481700537 
0.00000000099999999994 0.25947533802699673799 0.00000000099999999994 0.00000000099999999994 0.00000000099999999994 0.00000000099999999994 0.74052465697300318137 
0.00000000099999999994 0.06926901794549449043 0.42766304758366441297 0.00000000099999999994 0.00000000099999999994 0.00000000099999999994 0.50306793047084097381 
0.00000000099999999995 0.00000000099999999995 0.00000000099999999995 0.00000000099999999995 0.00000000099999999995 0.00000000099999999995 0.99999999400000005867 
0.00000000099999999976 0.00000000099999999976 0.00000000099999999976 0.00000000099999999976 0.00000000099999999976 0.00000000099999999976 0.99999999400000005867 
0.00000000099999999996 0.00000000099999999996 0.00000000099999999996 0.03556333511665666497 0.00000000099999999996 0.00000000099999999996 0.96443665988334326133 
0.00000000099999999992 0.00000000099999999992 0.00000000099999999992 0.00000000099999999992 0.00000000099999999992 0.00000000099999999992 0.99999999399999994765 
0.00000000099999999996 0.21947154923919001690 0.00000000099999999996 0.00000000099999999996 0.00000000099999999996 0.00000000099999999996 0.78052844576081004124 
0.09316906495890048268 0.00000000099999999998 0.49463787774233552996 0.00000000099999999998 0.08204687473253950702 0.00000000099999999998 0.33014617956622449579 
0.00043673990061265629 0.00000000099999999996 0.54778919762698652374 0.00000000099999999996 0.00000000099999999996 0.00000000099999999996 0.45177405847240076353 
0.00000000099999999997 0.03517698909441126232 0.49576195724751598304 0.00000000099999999997 0.00000000099999999997 0.00000002707136646367 0.46906102358670642705 
0.00000000099999999999 0.00000000099999999999 0.58084326071708225481 0.06558644262776863743 0.03662038162317465123 0.09086511059298585380 0.22608480243898843032 
0.01338446886219424835 0.03969849479898519828 0.22616819044509914316 0.00000000099999999999 0.00000000099999999999 0.13691635307719726700 0.58383249081652399681 
0.00000000099999999998 0.00000000099999999998 0.71171722017223704171 0.00000000099999999998 0.28206075780621603366 0.00622200825957389906 0.00000001076197279412 
0.00000000099999999997 0.00000000099999999997 0.99999999400000005867 0.00000000099999999997 0.00000000099999999997 0.00000000099999999997 0.00000000099999999997 
0.00000000099999999994 0.00000000099999999994 0.89401509899807574122 0.00000000099999999994 0.00000000099999999994 0.00000000099999999994 0.10598489600192435856 
0.00000000099999999989 0.00000000099999999989 0.00000000099999999989 0.00000000099999999989 0.00000000099999999989 0.00000000099999999989 0.99999999399999994765 
0.02351350287368539349 0.00000000100000000000 0.77258598141883139121 0.01720736552296130845 0.00000614326388202158 0.04366027641785827362 0.14302672950278152997 
0.03987883514312653976 0.00299504929987984368 0.68267720705136769599 0.00000000099999999999 0.00000000099999999999 0.06764092547074022910 0.20680798103488562401 
0.12342915131554720032 0.00000000100000000000 0.65264039761242542692 0.00000000100000000000 0.00860094616367507517 0.00004458750730710144 0.21528491540104519042 
0.00000000099999999996 0.00000000099999999996 0.87177250020351049198 0.00000000099999999996 0.00000000099999999996 0.01941451595519634241 0.10881297984129313650 
0.00002604201334904648 0.00000000099999999998 0.87619401191693802033 0.00000000099999999998 0.00333007684764005055 0.12044986622207294602 0.00000000099999999998 
0.00315790234134566720 0.00000000099999999998 0.99684209265865431071 0.00000000099999999998 0.00000000099999999998 0.00000000099999999998 0.00000000099999999998 
0.07945625584151512488 0.00000000099999999997 0.92054373915848486387 0.00000000099999999997 0.00000000099999999997 0.00000000099999999997 0.00000000099999999997 
0.00000000099999999997 0.00886671625021542495 0.84597796561642213398 0.00000000099999999997 0.00000000099999999997 0.00000000099999999997 0.14515531413336252298 
0.14183065841403263985 0.00000000099999999999 0.63987483163306246858 0.00000000099999999999 0.00000000099999999999 0.03415027398156258998 0.18414423297134219215 
0.19190229110691633951 0.00000000099999999998 0.66013799656290428342 0.00000000099999999998 0.00000000099999999998 0.00143534841641140853 0.14652436091376816463 
0.00000000100000000000 0.00650980000332892009 0.73846171712978259105 0.02216716952511851163 0.06707081771922961122 0.00000000100000000000 0.16579049362254050237 
0.00000000099999999998 0.14245481235584112056 0.66268640136144629782 0.09915530347205034345 0.00000000099999999998 0.00000000099999999998 0.09570347981066228138 
0.00000000099999999998 0.07007970776582704564 0.86454755361688384596 0.00000000099999999998 0.06537273461728915214 0.00000000099999999998 0.00000000099999999998 
0.00000000099999999998 0.13085626998597332804 0.77864998305344346186 0.00000000099999999998 0.00000008341316969063 0.03135305451468413385 0.05914060703272942116 
0.00000000099999999999 0.23820528832917817197 0.00000000099999999999 0.00000000099999999999 0.00000000099999999999 0.00000000099999999999 0.76179470667082194169 
0.00000000099999999997 0.00000000099999999997 0.23088030323199201788 0.00000000099999999997 0.00000000099999999997 0.72846556610818469224 0.04065412665982344464 
0.00000000099999999998 0.11425480416249512994 0.00000000099999999998 0.00000000099999999998 0.00000000099999999998 0.79166897759013998837 0.09407621424736488380 
0.00000000099999999997 0.02533656315411726700 0.00000000099999999997 0.00000000099999999997 0.00000000099999999997 0.89493433529623056533 0.07972909754965222529 
0.08432044515949631280 0.00000000100000000000 0.00000020095902306743 0.00000000100000000000 0.19342230174467173187 0.72185735131858763669 0.00039969881822118550 
0.00000000100000000000 0.00268674983878636068 0.00000000100000000000 0.00000000100000000000 0.00000008728590485585 0.67503322957099809454 0.32227993030431068000 
0.17950638827049472668 0.00047677359260696908 0.00002480488436616607 0.25438792900577728018 0.48964749163983872782 0.00000000100000000000 0.07595661160691614955 
0.15649370831452397157 0.00330114782141335090 0.00000000099999999999 0.00000000099999999999 0.00000000099999999999 0.84020513986406264451 0.00000000099999999999 
0.59285772091555732910 0.00000000100000000000 0.00000068078148391910 0.00000000100000000000 0.00000000100000000000 0.26182885629664587324 0.14531273900631291873 
0.00000000099999999999 0.14197412517751248351 0.00000000099999999999 0.01485889957919400706 0.00000000099999999999 0.78845606232236897792 0.05471090992092451227 
0.00000001771386754233 0.00000000100000000000 0.36524284227196934793 0.16218381261219330658 0.00000000100000000000 0.00000000100000000000 0.47257332440196980761 
0.00000000099999999995 0.00000000099999999995 0.00000000099999999995 0.00000000099999999995 0.00000000099999999995 0.99999999399999994765 0.00000000099999999995 
0.11328516876781076494 0.05095617495613205539 0.00000000099999999999 0.00135722570544920046 0.00000000099999999999 0.63664731916543171319 0.19775410940517629266 
0.00000000099999999998 0.00000000099999999998 0.00000000099999999998 0.00000000099999999998 0.00000000099999999998 0.94791630754392675051 0.05208368745607332151 
0.00000000099999999995 0.00000000099999999995 0.12550355536532886713 0.00000000099999999995 0.00000000099999999995 0.75698164551432545188 0.11751479512034568309 
0.00000000099999999995 0.00000000099999999995 0.00000000099999999995 0.00000000099999999995 0.00000000099999999995 0.91392691215836729945 0.08607308284163264767 
0.00000000099999999997 0.00000000099999999997 0.00000000099999999997 0.00000000099999999997 0.00000000099999999997 0.99999999399999994765 0.00000000099999999997 
0.00000000099999999997 0.00000000099999999997 0.04724550651735541507 0.00000000099999999997 0.00000000099999999997 0.67985771210739431858 0.27289677737525036560 
0.02682025890195506926 0.00000000100000000000 0.18199501938066542372 0.00000000100000000000 0.00580611043962093055 0.65549937779724187781 0.12987923148051663813 
0.00000000099999999998 0.00000000099999999998 0.00000000099999999998 0.00000000099999999998 0.00000000099999999998 0.92856653162432423176 0.07143346337567570148 
0.00000000099999999991 0.00000000099999999991 0.00000000099999999991 0.00000000099999999991 0.00000000099999999991 0.99999999400000005867 0.00000000099999999991 
0.00000000100000000000 0.12385887934958807188 0.00000000100000000000 0.00000000100000000000 0.00000000100000000000 0.87614109945708040783 0.00000001719333143269 
0.00000000099999999998 0.00000000099999999998 0.07507711152993692960 0.00000000099999999998 0.02075571480538851779 0.90416716966467447492 0.00000000099999999998 
0.00000000099999999998 0.00000000099999999998 0.00634949840188964339 0.04830605875899417895 0.00000000099999999998 0.94534443883911611906 0.00000000099999999998 
0.00000000099999999999 0.04994122814168006075 0.00000000099999999999 0.01185106841131054398 0.10690243666976573245 0.76515575371693345108 0.06614951106031013994 
0.00000000100000000000 0.01195273588992894903 0.21536621400746505661 0.00358260134571621730 0.04163807333980711761 0.70649523052828233638 0.02096514388880028890 
0.00000000099999999999 0.00595097947292550031 0.00000000099999999999 0.00000000099999999999 0.68931934627627999834 0.30472967025079433778 0.00000000099999999999 
0.00000000099999999999 0.00000000099999999999 0.00000000099999999999 0.00000000099999999999 0.99999999400000005867 0.00000000099999999999 0.00000000099999999999 
0.00000000099999999996 0.00000000099999999996 0.00000000099999999996 0.00000000099999999996 0.00000000099999999996 0.99999999400000005867 0.00000000099999999996 
0.00000000099999999997 0.10252747319559681050 0.00000000099999999997 0.00000000099999999997 0.00000000099999999997 0.70994626189681386830 0.18752626090758917066 
0.16183902022176105406 0.00000000099999999999 0.03194404366982597082 0.00826613631782575041 0.00000000099999999999 0.79795079679058711353 0.00000000099999999999 
0.00000000099999999994 0.00000000099999999994 0.00000000099999999994 0.00000000099999999994 0.00000000099999999994 0.99999999400000005867 0.00000000099999999994 
0.00000000099999999994 0.00000000099999999994 0.00000000099999999994 0.00000000099999999994 0.00000000099999999994 0.99999999399999994765 0.00000000099999999994 
0.00000000099999999998 0.00000000099999999998 0.00000000099999999998 0.00000000099999999998 0.16019189943773498586 0.83980809556226487800 0.00000000099999999998 
0.00000000099999999996 0.00005906526776225574 0.00000000099999999996 0.00000000099999999996 0.00000000099999999996 0.99994092973223769327 0.00000000099999999996 
0.00000000099999999995 0.00000000099999999995 0.00000000099999999995 0.00000000099999999995 0.06300577075034832775 0.93699422424965161937 0.00000000099999999995 
0.00000000099999999998 0.00000000099999999998 0.00000000099999999998 0.00000000099999999998 0.00000000099999999998 0.99999999400000005867 0.00000000099999999998 
0.30558748658293799494 0.08710195783493469845 0.00000000099999999999 0.36916572403890407506 0.00000000099999999999 0.20375230805532207334 0.03439252148790113151 
0.05220025284116820707 0.00000000099999999995 0.00000000099999999995 0.00000000099999999995 0.00000000099999999995 0.94779974215883178168 0.00000000099999999995 
0.10519935549892356352 0.11193247432706374123 0.00000000099999999999 0.00000000099999999999 0.03082244876831770689 0.75204571840569500729 0.00000000099999999999 
0.00000000099999999999 0.03007878616876558456 0.00000000099999999999 0.00000000099999999999 0.00000000099999999999 0.96992120883123433828 0.00000000099999999999 
0.17456965171312097129 0.34565196700877010016 0.00000000099999999999 0.16894446740748525482 0.00000000099999999999 0.25887440747314272027 0.05195950439748084349 
0.00004903376154390891 0.00303951815598154989 0.00000000100000000000 0.00000275034286700915 0.00000000100000000000 0.99690869473960741498 0.00000000100000000000 
0.18535945343660378826 0.00000000099999999999 0.00000000099999999999 0.75333911571411038555 0.06130142684928593239 0.00000000099999999999 0.00000000099999999999 
0.00000000099999999999 0.00000000099999999999 0.00000000099999999999 0.10558401655970979516 0.00000000099999999999 0.81340091295930760928 0.08101506648098265317 
0.00000000099999999997 0.04041813261988021905 0.00000000099999999997 0.00000000099999999997 0.00000000099999999997 0.95958186238011977665 0.00000000099999999997 
0.00000000099999999987 0.00000000099999999987 0.00000000099999999987 0.00000000099999999987 0.00000000099999999987 0.99999999400000005867 0.00000000099999999987 
0.00000000099999999992 0.00000000099999999992 0.00000000099999999992 0.00000000099999999992 0.00000000099999999992 0.99999999399999994765 0.00000000099999999992 
0.00000000099999999999 0.00000000099999999999 0.00000000099999999999 0.00000000099999999999 0.00000000099999999999 0.99999999400000005867 0.00000000099999999999 
0.00000000099999999998 0.00000000099999999998 0.21709859326610306263 0.00000000099999999998 0.00000000099999999998 0.78290140173389688449 0.00000000099999999998 
0.00000000099999999999 0.00000000099999999999 0.00000000099999999999 0.00000000099999999999 0.02259180541351879165 0.97740818958648112424 0.00000000099999999999 
0.00000000099999999994 0.00000000099999999994 0.00000000099999999994 0.00000000099999999994 0.00000000099999999994 0.99999999399999994765 0.00000000099999999994 
0.00000000099999999995 0.00000000099999999995 0.00000000099999999995 0.00000000099999999995 0.00000000099999999995 0.99999999400000005867 0.00000000099999999995 
0.00000000099999999994 0.00000000099999999994 0.00000000099999999994 0.00000000099999999994 0.00000000099999999994 0.99999999400000005867 0.00000000099999999994 
0.25811319892089329420 0.05621603589380498589 0.32817690832081486407 0.00000000100000000000 0.35749382557694425744 0.00000002928754253321 0.00000000100000000000 
0.40801482670726108015 0.00000000099999999999 0.59198516829273906126 0.00000000099999999999 0.00000000099999999999 0.00000000099999999999 0.00000000099999999999 
0.00000000099999999998 0.00000000099999999998 0.99999999399999994765 0.00000000099999999998 0.00000000099999999998 0.00000000099999999998 0.00000000099999999998 
0.00000000099999999998 0.00000000099999999998 0.00000000099999999998 0.00000000099999999998 0.00000000099999999998 0.99999999400000005867 0.00000000099999999998 
0.00000000099999999997 0.00000000099999999997 0.00000000099999999997 0.00000000099999999997 0.00000000099999999997 0.99999999399999994765 0.00000000099999999997 
0.00000000100000000000 0.00000478472988493267 0.00000000100000000000 0.00000000100000000000 0.00000000100000000000 0.09916867218326202993 0.90082653908685306199 
0.00000000099999999999 0.00000000099999999999 0.75235161044446330347 0.01413868023814669750 0.00000000099999999999 0.00000000099999999999 0.23350970531738995950 
0.00000000099999999999 0.00608877497696343976 0.63779765732232684972 0.01497042546745973486 0.00019612857315575479 0.34094701166009411253 0.00000000099999999999 
0.09683612989327211595 0.00000000100000000000 0.75586594289951836156 0.00000000100000000000 0.08952413284422859607 0.00000000100000000000 0.05777379136298102513 
0.00000000099999999995 0.00000000099999999995 0.00000000099999999995 0.00000000099999999995 0.00001661586061345975 0.99998337913938650789 0.00000000099999999995 
0.21655463196920599067 0.12616131774029287760 0.64266074318661670084 0.00005703241862157452 0.00000000100000000000 0.01456627268526292270 0.00000000100000000000 
0.00000000099999999991 0.99999999400000005867 0.00000000099999999991 0.00000000099999999991 0.00000000099999999991 0.00000000099999999991 0.00000000099999999991 
0.00000000099999999991 0.99999999400000005867 0.00000000099999999991 0.00000000099999999991 0.00000000099999999991 0.00000000099999999991 0.00000000099999999991 
0.00000000099999999982 0.99999999400000005867 0.00000000099999999982 0.00000000099999999982 0.00000000099999999982 0.00000000099999999982 0.00000000099999999982 
0.00000000099999999997 0.99999999400000016969 0.00000000099999999997 0.00000000099999999997 0.00000000099999999997 0.00000000099999999997 0.00000000099999999997 
0.00000000099999999976 0.99999999400000016969 0.00000000099999999976 0.00000000099999999976 0.00000000099999999976 0.00000000099999999976 0.00000000099999999976 
0.00000000099999999974 0.99999999400000016969 0.00000000099999999974 0.00000000099999999974 0.00000000099999999974 0.00000000099999999974 0.00000000099999999974 
0.00000000099999999990 0.99999999400000016969 0.00000000099999999990 0.00000000099999999990 0.00000000099999999990 0.00000000099999999990 0.00000000099999999990 
0.00000000099999999993 0.99999999400000016969 0.00000000099999999993 0.00000000099999999993 0.00000000099999999993 0.00000000099999999993 0.00000000099999999993 
0.00000000099999999999 0.06467277399617654687 0.80440990906787968040 0.00000000099999999999 0.08878920053526523359 0.02153222834622222151 0.02059588605445638113 
0.00000000099999999995 0.99999999400000005867 0.00000000099999999995 0.00000000099999999995 0.00000000099999999995 0.00000000099999999995 0.00000000099999999995 
0.00000000100000000000 0.16688018431757833948 0.47557348151556777527 0.07118020245629992637 0.03017096478713418919 0.00000000100000000000 0.25619516492341981584 
0.00000000099999999995 0.53806782355521398653 0.24394207418022417766 0.00000000099999999995 0.00000000099999999995 0.00000000099999999995 0.21799009826456192118 
0.00000000099999999999 0.00000000099999999999 0.07380174775753579886 0.00000000099999999999 0.42879559930945926327 0.49740264893300495386 0.00000000099999999999 
0.22511613924931214714 0.01132483863582271766 0.64024203424969039489 0.00000000099999999999 0.00000000099999999999 0.12331698486517489455 0.00000000099999999999 
0.00000000099999999998 0.01166458089904766869 0.81496675576358856841 0.00000000099999999998 0.00000000099999999998 0.00074557507926230348 0.17262308525810160509 
0.00000000099999999997 0.00000000099999999997 0.99999999400000005867 0.00000000099999999997 0.00000000099999999997 0.00000000099999999997 0.00000000099999999997 
0.00000000099999999996 0.99999999400000005867 0.00000000099999999996 0.00000000099999999996 0.00000000099999999996 0.00000000099999999996 0.00000000099999999996 
0.03985072972613343950 0.19174455672825144181 0.58223895314426510339 0.00000000100000000000 0.00000000100000000000 0.17540777781571162408 0.01075798058563841655 
0.00000000099999999998 0.00000000099999999998 0.84173486179522549744 0.00000000099999999998 0.12741682142533700128 0.03084831277943741665 0.00000000099999999998 
0.00000000099999999994 0.00000000099999999994 0.99999999400000005867 0.00000000099999999994 0.00000000099999999994 0.00000000099999999994 0.00000000099999999994 
0.00000002985225629195 0.68880238313230690572 0.31119757960088023641 0.00000000099999999999 0.00000000099999999999 0.00000000441455645197 0.00000000099999999999 
0.34610841051432000848 0.11258957071654646098 0.54130201476913375469 0.00000000099999999999 0.00000000099999999999 0.00000000099999999999 0.00000000099999999999 
0.81225663655423907539 0.00000000099999999997 0.18774335844576109378 0.00000000099999999997 0.00000000099999999997 0.00000000099999999997 0.00000000099999999997 
0.48674629631289223486 0.02532094644832235536 0.17013518743301911385 0.00000000099999999999 0.00000000099999999999 0.31779756680576620731 0.00000000099999999999 
0.00000000099999999999 0.00000000509184832175 0.85184790687653488828 0.00000000099999999999 0.00000000099999999999 0.14815208403161683748 0.00000000099999999999 
0.21058797895358860597 0.09907348087209616461 0.00000000099999999999 0.32030371792688522303 0.04786798022653222101 0.00000000099999999999 0.32216684002089768235 
0.01328461977396054594 0.00000000099999999999 0.53285080134405515828 0.17763415630832549152 0.00000000099999999999 0.08413715067304139428 0.19209326990061736939 
0.04828746405980516299 0.00000000100000000000 0.21524514803943137209 0.02617525272917974738 0.01294375460941937783 0.07410989731965404725 0.62323848224251032768 
0.00000000100000000000 0.03750312945159763045 0.61973274853352855462 0.04934146302905618314 0.04093351361583236897 0.20959204308004977801 0.04289710128993558247 
0.00000000099999999999 0.00000000099999999999 0.00502935035829875626 0.82979289906193187676 0.10040511945161066654 0.06477262812815869075 0.00000000099999999999 
0.00000000099999999984 0.00000000099999999984 0.00000000099999999984 0.00000000099999999984 0.99999999399999994765 0.00000000099999999984 0.00000000099999999984 
0.00000000099999999987 0.00000000099999999987 0.00000000099999999987 0.00000000099999999987 0.99999999400000005867 0.00000000099999999987 0.00000000099999999987 
0.00000000099999999983 0.00000000099999999983 0.00000000099999999983 0.00000000099999999983 0.99999999400000005867 0.00000000099999999983 0.00000000099999999983 
0.00000000099999999999 0.06360684789586756871 0.86186367382931083903 0.03435149409968721312 0.04017798117513439460 0.00000000099999999999 0.00000000099999999999 
0.03173694326239464431 0.05590840911785242145 0.62823667128199545129 0.14274147816407536937 0.00000000100000000000 0.12319258013867039059 0.01818391703501180678 
0.00000000099999999999 0.00000000099999999999 0.83585713412175188797 0.08088403618282767604 0.00000000099999999999 0.07865862912700265219 0.00460019756841772640 
0.00000000099999999999 0.09772185732478105846 0.77229220987366542506 0.00000000099999999999 0.03451047684571938862 0.09547545295583415026 0.00000000099999999999 
0.00000000099999999999 0.10958921879555096057 0.84263471477112628083 0.04777606243332273295 0.00000000099999999999 0.00000000099999999999 0.00000000099999999999 
0.08220874794462128266 0.06419775219203399663 0.75249621819180434468 0.00004853036805155945 0.00000000099999999999 0.10104874930348885231 0.00000000099999999999 
0.06663742870379160688 0.00000000099999999999 0.71259371964743078998 0.00000000099999999999 0.06346568936487573254 0.15730315928390184443 0.00000000099999999999 
0.00707883140669886713 0.00000000099999999997 0.99292116359330129249 0.00000000099999999997 0.00000000099999999997 0.00000000099999999997 0.00000000099999999997 
0.00000000099999999999 0.00000000099999999999 0.70153436846501693314 0.09261842844313321332 0.00000000099999999999 0.03378170931987390518 0.17206549077197605402 
0.03545811965105938324 0.03328862380552884831 0.76772971522061517202 0.09510130627131475889 0.00000000100000000000 0.06842223305148174839 0.00000000100000000000 
0.35534171253043300709 0.00000000099999999999 0.51936366802899047723 0.00000000099999999999 0.00000000099999999999 0.12529461544057646227 0.00000000099999999999 
0.02076242705329058719 0.06942966092000106559 0.70692320444763601106 0.20288470457907228917 0.00000000099999999999 0.00000000099999999999 0.00000000099999999999 
0.00000000100000000000 0.08150210629516289884 0.65092114260106059831 0.04515728983941601909 0.00000270944994013749 0.00968575250363251303 0.21273099831078787214 
