0.00000000099999999989 0.00000000099999999989 0.00000000099999999989 0.00000000099999999989 0.00000000099999999989 0.99999999200000011523 0.00000000099999999989 0.00000000099999999989 0.00000000099999999989 
0.00000000099999999998 0.18874521824416837235 0.00000000099999999998 0.10030874170942327694 0.01332672143985283095 0.58430987998788885829 0.00000000099999999998 0.11330943461866666011 0.00000000099999999998 
0.00000000099999999995 0.08562868404459347826 0.00000000099999999995 0.00000000099999999995 0.00000000099999999995 0.68480360469607159946 0.00000000099999999995 0.22956770525933500871 0.00000000099999999995 
0.00000000099999999996 0.00000000099999999996 0.00000000099999999996 0.99999999200000011523 0.00000000099999999996 0.00000000099999999996 0.00000000099999999996 0.00000000099999999996 0.00000000099999999996 
0.00000000099999999996 0.15821316205972682511 0.03894039431471840729 0.00000000099999999996 0.00000000099999999996 0.78275411260417038228 0.00000000099999999996 0.02009232602138447468 0.00000000099999999996 
0.00000000099999999998 0.00000000099999999998 0.00000000099999999998 0.20510388464827411514 0.00000000099999999998 0.59169436960101651213 0.00000000099999999998 0.20320173975070934813 0.00000000099999999998 
0.00000000099999999990 0.00000000099999999990 0.00000000099999999990 0.00000000099999999990 0.00000000099999999990 0.99999999200000011523 0.00000000099999999990 0.00000000099999999990 0.00000000099999999990 
0.00000000099999999991 0.00000000099999999991 0.12834849001274822866 0.87165150298725180278 0.00000000099999999991 0.00000000099999999991 0.00000000099999999991 0.00000000099999999991 0.00000000099999999991 
0.00000000099999999996 0.00000000099999999996 0.00701951998870708940 0.99298047301129310771 0.00000000099999999996 0.00000000099999999996 0.00000000099999999996 0.00000000099999999996 0.00000000099999999996 
0.00000000099999999992 0.00000000099999999992 0.00000000099999999992 0.99999999200000011523 0.00000000099999999992 0.00000000099999999992 0.00000000099999999992 0.00000000099999999992 0.00000000099999999992 
0.00000000099999999989 0.00000000099999999989 0.00000000099999999989 0.99999999200000000421 0.00000000099999999989 0.00000000099999999989 0.00000000099999999989 0.00000000099999999989 0.00000000099999999989 
0.00000000099999999978 0.00000000099999999978 0.00000000099999999978 0.99999999200000000421 0.00000000099999999978 0.00000000099999999978 0.00000000099999999978 0.00000000099999999978 0.00000000099999999978 
0.03850839110708176999 0.17826032957211895846 0.00000000099999999998 0.00000000099999999998 0.00000000099999999998 0.70280540501855170987 0.08042586930224751574 0.00000000099999999998 0.00000000099999999998 
0.00000000099999999997 0.23077361260972853452 0.00000000099999999997 0.00000000099999999997 0.00000000099999999997 0.76922638039027158019 0.00000000099999999997 0.00000000099999999997 0.00000000099999999997 
0.00000000099999999998 0.27430243268288090341 0.00000000099999999998 0.65479258785218708017 0.00000000099999999998 0.00008008285323206288 0.00000000099999999998 0.02679501349345982802 0.04402987911824018941 
0.00000000099999999993 0.00000000099999999993 0.00000000099999999993 0.00000000099999999993 0.00000000099999999993 0.89076374598767427138 0.00000000099999999993 0.10923624701232573231 0.00000000099999999993 
0.00000000099999999994 0.33248953206828352203 0.00000000099999999994 0.00000000099999999994 0.03811882038740025541 0.62939164154431614939 0.00000000099999999994 0.00000000099999999994 0.00000000099999999994 
0.00000000099999999995 0.00000000099999999995 0.00000000099999999995 0.99999999200000011523 0.00000000099999999995 0.00000000099999999995 0.00000000099999999995 0.00000000099999999995 0.00000000099999999995 
0.00000000099999999996 0.21616775346524108592 0.00000000099999999996 0.00000000099999999996 0.14752637242072708101 0.63630586811403178071 0.00000000099999999996 0.00000000099999999996 0.00000000099999999996 
0.08256081256535198476 0.00000000099999999996 0.00000000099999999996 0.00000000099999999996 0.16512277457036736439 0.75231640686428080667 0.00000000099999999996 0.00000000099999999996 0.00000000099999999996 
0.00000000099999999995 0.00000000099999999995 0.00000000099999999995 0.31314916149848698312 0.06544082182785625201 0.62141001067365664312 0.00000000099999999995 0.00000000099999999995 0.00000000099999999995 
0.00000000099999999991 0.00000000099999999991 0.00000000099999999991 0.00000000099999999991 0.00000000099999999991 0.99999999200000000421 0.00000000099999999991 0.00000000099999999991 0.00000000099999999991 
0.00000000099999999993 0.00000001175335304457 0.00000000099999999993 0.00000000099999999993 0.00000000099999999993 0.99999998124664701837 0.00000000099999999993 0.00000000099999999993 0.00000000099999999993 
0.00000000099999999994 0.00000000099999999994 0.00000000099999999994 0.15579299299292856396 0.00000000099999999994 0.76943207693511528333 0.00000000099999999994 0.07477492407195618362 0.00000000099999999994 
0.02353244617384488493 0.08709964939787563643 0.00000000099999999996 0.00000000099999999996 0.00000000099999999996 0.71121021888360214103 0.03687916040659466876 0.14127852113808272994 0.00000000099999999996 
0.00000000099999999992 0.00000000099999999992 0.00000000099999999992 0.17282680261732155658 0.00000000099999999992 0.71646404098378668746 0.00000000099999999992 0.11070915039889185627 0.00000000099999999992 
0.00000000099999999997 0.17077253961780444746 0.07238999988811931074 0.00000000099999999997 0.19051267437113889036 0.56632478112293738182 0.00000000099999999997 0.00000000099999999997 0.00000000099999999997 
0.00000000099999999998 0.29186258255073227463 0.00000000099999999998 0.00000000099999999998 0.00000000099999999998 0.66007821318934090105 0.00000000099999999998 0.04805919825992671646 0.00000000099999999998 
0.00000000099999999985 0.00000000099999999985 0.00000000099999999985 0.99999999200000011523 0.00000000099999999985 0.00000000099999999985 0.00000000099999999985 0.00000000099999999985 0.00000000099999999985 
0.00000000099999999993 0.61871126730744196998 0.00000000099999999993 0.38128872569255811698 0.00000000099999999993 0.00000000099999999993 0.00000000099999999993 0.00000000099999999993 0.00000000099999999993 
0.00000000099999999998 0.18358029379945278725 0.00000000099999999998 0.00000000099999999998 0.07075953750373309425 0.47319315293999109073 0.00000000099999999998 0.27246701075682300264 0.00000000099999999998 
0.00000000099999999996 0.14636203060551289390 0.00000000099999999996 0.20174610337313203523 0.00000000099999999996 0.65189186002135501852 0.00000000099999999996 0.00000000099999999996 0.00000000099999999996 
0.00000000099999999995 0.11066930558762057279 0.00000000099999999995 0.00000000099999999995 0.00000000099999999995 0.72190129817794901346 0.00000000099999999995 0.16742939023443040303 0.00000000099999999995 
0.00000000099999999982 0.00000000099999999982 0.00000000099999999982 0.99999999200000000421 0.00000000099999999982 0.00000000099999999982 0.00000000099999999982 0.00000000099999999982 0.00000000099999999982 
0.00000000099999999996 0.00000000099999999996 0.00000000099999999996 0.39489301130261261763 0.00000000099999999996 0.52842368464729372324 0.07668329805009366229 0.00000000099999999996 0.00000000099999999996 
0.00000000099999999993 0.44136030040532248098 0.00000000099999999993 0.00000000099999999993 0.02416070669370836560 0.53447898690096917740 0.00000000099999999993 0.00000000099999999993 0.00000000099999999993 
0.00000000099999999995 0.42441900059450010652 0.00000000099999999995 0.36831008937197851072 0.00000000099999999995 0.20727090403352144143 0.00000000099999999995 0.00000000099999999995 0.00000000099999999995 
0.00000000099999999998 0.30976117894253046847 0.03778927539697149451 0.11600479430408786041 0.00000000099999999998 0.53644474635641004046 0.00000000099999999998 0.00000000099999999998 0.00000000099999999998 
0.00000000099999999988 0.00000000099999999988 0.00000000099999999988 0.99999999200000000421 0.00000000099999999988 0.00000000099999999988 0.00000000099999999988 0.00000000099999999988 0.00000000099999999988 
0.00000000099999999993 0.00000000099999999993 0.00000000099999999993 0.28671519516624915935 0.00000000099999999993 0.63605791073341533259 0.00000000099999999993 0.07722688810033528917 0.00000000099999999993 
0.00000000099999999997 0.30139398015096785510 0.00000000099999999997 0.30203174664183762843 0.00000000099999999997 0.00000000099999999997 0.00000000099999999997 0.39657426720719446411 0.00000000099999999997 
0.00000000099999999974 0.99999999200000022626 0.00000000099999999974 0.00000000099999999974 0.00000000099999999974 0.00000000099999999974 0.00000000099999999974 0.00000000099999999974 0.00000000099999999974 
0.00000000099999999998 0.00000000099999999998 0.00000000099999999998 0.99999999200000011523 0.00000000099999999998 0.00000000099999999998 0.00000000099999999998 0.00000000099999999998 0.00000000099999999998 
0.00000000099999999988 0.99999999200000022626 0.00000000099999999988 0.00000000099999999988 0.00000000099999999988 0.00000000099999999988 0.00000000099999999988 0.00000000099999999988 0.00000000099999999988 
0.00000000099999999999 0.34524182612758502753 0.00000000099999999999 0.17980463790691639248 0.31807561944374718177 0.00000000099999999999 0.00000000099999999999 0.15687791152175140086 0.00000000099999999999 
0.00000000099999999992 0.00000000099999999992 0.00000000099999999992 0.00000000099999999992 0.99999999200000000421 0.00000000099999999992 0.00000000099999999992 0.00000000099999999992 0.00000000099999999992 
0.00000000099999999989 0.00000000099999999989 0.00000000099999999989 0.00000000099999999989 0.99999999200000011523 0.00000000099999999989 0.00000000099999999989 0.00000000099999999989 0.00000000099999999989 
0.00000000099999999989 0.99999999200000022626 0.00000000099999999989 0.00000000099999999989 0.00000000099999999989 0.00000000099999999989 0.00000000099999999989 0.00000000099999999989 0.00000000099999999989 
0.00000000099999999998 0.65724672492044255989 0.00000513798264340952 0.00000000099999999998 0.34274813109691415480 0.00000000099999999998 0.00000000099999999998 0.00000000099999999998 0.00000000099999999998 
0.36338115182070940268 0.63661884117929068427 0.00000000099999999990 0.00000000099999999990 0.00000000099999999990 0.00000000099999999990 0.00000000099999999990 0.00000000099999999990 0.00000000099999999990 
0.00000000099999999987 0.73080652106041699145 0.00000000099999999987 0.00000000099999999987 0.26919347193958309550 0.00000000099999999987 0.00000000099999999987 0.00000000099999999987 0.00000000099999999987 
0.00000000099999999966 0.00000000099999999966 0.00000000099999999966 0.00000000099999999966 0.99999999200000011523 0.00000000099999999966 0.00000000099999999966 0.00000000099999999966 0.00000000099999999966 
0.00000000099999999975 0.00000000099999999975 0.00000000099999999975 0.00000000099999999975 0.99999999200000000421 0.00000000099999999975 0.00000000099999999975 0.00000000099999999975 0.00000000099999999975 
0.00000000099999999992 0.86791067371735319824 0.00000000099999999992 0.00000000099999999992 0.00000000099999999992 0.00000000099999999992 0.00000000099999999992 0.13208931928264697198 0.00000000099999999992 
0.00000000099999999989 0.99999999200000022626 0.00000000099999999989 0.00000000099999999989 0.00000000099999999989 0.00000000099999999989 0.00000000099999999989 0.00000000099999999989 0.00000000099999999989 
0.00000000099999999979 0.00000000099999999979 0.00000000099999999979 0.00000000099999999979 0.99999999200000011523 0.00000000099999999979 0.00000000099999999979 0.00000000099999999979 0.00000000099999999979 
0.00000000099999999998 0.74681265490929904516 0.00000000099999999998 0.00000000099999999998 0.24393101613501944058 0.00387377070978986091 0.00538255324589174446 0.00000000099999999998 0.00000000099999999998 
0.00000000099999999989 0.36691306661650885390 0.00000000099999999989 0.00000000099999999989 0.63308692638349106652 0.00000000099999999989 0.00000000099999999989 0.00000000099999999989 0.00000000099999999989 
0.00000000099999999990 0.00000000099999999990 0.00000000099999999990 0.00000000099999999990 0.99999999200000011523 0.00000000099999999990 0.00000000099999999990 0.00000000099999999990 0.00000000099999999990 
0.00000000099999999961 0.00000000099999999961 0.00000000099999999961 0.00000000099999999961 0.00000000099999999961 0.00000000099999999961 0.00000000099999999961 0.99999999200000000421 0.00000000099999999961 
0.00000000099999999990 0.86725281445343693765 0.00000000099999999990 0.00000000099999999990 0.00000000099999999990 0.13274717854656320482 0.00000000099999999990 0.00000000099999999990 0.00000000099999999990 
0.00000000099999999995 0.41890227112014416511 0.00000000099999999995 0.00000000099999999995 0.21258335031570654849 0.10081274392518077554 0.00000000099999999995 0.26770162963896837471 0.00000000099999999995 
0.00000000099999999986 0.60806387509706016914 0.00000000099999999986 0.00000000099999999986 0.00000000099999999986 0.00000000099999999986 0.00000000099999999986 0.39193611790293991781 0.00000000099999999986 
0.00000000099999999995 0.54844258316752259041 0.00000000099999999995 0.00000000099999999995 0.00000000099999999995 0.00000000099999999995 0.00000000099999999995 0.45155740983247755205 0.00000000099999999995 
0.38070145398092242184 0.00000000100000000000 0.00000000100000000000 0.00007137479657463030 0.00000000100000000000 0.00000006345198770653 0.36074093949609559173 0.25848616427441950538 0.00000000100000000000 
0.88290770464886136892 0.00000000099999999992 0.00000000099999999992 0.00000000099999999992 0.00000000099999999992 0.00000000099999999992 0.00382583315778950916 0.11326645619334926862 0.00000000099999999992 
0.99999999200000022626 0.00000000099999999997 0.00000000099999999997 0.00000000099999999997 0.00000000099999999997 0.00000000099999999997 0.00000000099999999997 0.00000000099999999997 0.00000000099999999997 
0.00000000099999999985 0.99999999200000011523 0.00000000099999999985 0.00000000099999999985 0.00000000099999999985 0.00000000099999999985 0.00000000099999999985 0.00000000099999999985 0.00000000099999999985 
0.00000000099999999985 0.99999999200000022626 0.00000000099999999985 0.00000000099999999985 0.00000000099999999985 0.00000000099999999985 0.00000000099999999985 0.00000000099999999985 0.00000000099999999985 
0.24994954424974291651 0.04639781481334250002 0.00000000099999999996 0.00000000099999999996 0.00000000099999999996 0.09457181754730877021 0.00000000099999999996 0.00000000099999999996 0.60908081838960570487 
0.03785485268473942622 0.04691523125685469892 0.11598402010500930004 0.17013821942332868487 0.00000004955829311521 0.00000000099999999998 0.00000000099999999998 0.00000000099999999998 0.62910762397177466543 
0.31899012753347361082 0.05954671151102684107 0.06136196485199858081 0.00000000099999999999 0.00000000099999999999 0.00000000099999999999 0.04145629798343879180 0.07572794827471501788 0.44291694684534715920 
0.99999999200000022626 0.00000000099999999992 0.00000000099999999992 0.00000000099999999992 0.00000000099999999992 0.00000000099999999992 0.00000000099999999992 0.00000000099999999992 0.00000000099999999992 
0.29032098337628170492 0.00000000099999999996 0.13351860310404786714 0.00000000099999999996 0.00000000099999999996 0.16891323705253247223 0.00000000099999999996 0.00000000099999999996 0.40724717146713795835 
0.00022282422583313230 0.00000000099999999995 0.13791403587034048450 0.00000000099999999995 0.00000000099999999995 0.16378027610005188586 0.00000000099999999995 0.00000000099999999995 0.69808285880377451971 
0.07705086957850529328 0.01946063952090115734 0.03077878500306303541 0.00000000099999999999 0.00000000099999999999 0.13716206910055450674 0.00000000099999999999 0.00000000099999999999 0.73554763279697588096 
0.00000000099999999998 0.00000000099999999998 0.00000000099999999998 0.00000000099999999998 0.08872943991253920415 0.17891820980336853308 0.00000000099999999998 0.00000000099999999998 0.73235234428409212715 
0.99999999200000011523 0.00000000099999999995 0.00000000099999999995 0.00000000099999999995 0.00000000099999999995 0.00000000099999999995 0.00000000099999999995 0.00000000099999999995 0.00000000099999999995 
0.36930741007606981974 0.00000000099999999998 0.00000000099999999998 0.20618529937420304599 0.00000000099999999998 0.00000000099999999998 0.00000000099999999998 0.00000000099999999998 0.42450728454972719295 
0.22284983393968380017 0.00000000099999999997 0.19306018122717891194 0.00010672482265954747 0.00000000099999999997 0.05875453145056044879 0.00000000099999999997 0.00000000099999999997 0.52522872455991720386 
0.29596513541295710326 0.00000000099999999996 0.14552655058399405208 0.00000000099999999996 0.00000000099999999996 0.21395799252862388040 0.00000000099999999996 0.00000000099999999996 0.34455031647442496689 
0.31324440517493540304 0.01454150184303625720 0.00000000099999999998 0.00000000099999999998 0.00000000099999999998 0.18044767709230824515 0.00000000099999999998 0.00000000099999999998 0.49176641088972000704 
0.32829880086884843937 0.18581053931578170313 0.03430477504046822862 0.00005789646238383987 0.00000000099999999999 0.00108901420834843022 0.09650211510735159925 0.05812527282962728914 0.29581158516719052720 
0.18192621849287046731 0.00000000099999999997 0.00000000099999999997 0.01399140579624372216 0.00000000099999999997 0.15949227676817223642 0.00000000099999999997 0.00000000099999999997 0.64459009394271349347 
0.00000000099999999998 0.06429339436173026057 0.08544395593291767566 0.00000000099999999998 0.00000000099999999998 0.00000000099999999998 0.00000000099999999998 0.00000000099999999998 0.85026264370535220571 
0.08557498334227156556 0.00000000099999999998 0.08891312577518115101 0.00000000099999999998 0.02007381009903188435 0.18244680817433728270 0.00000000099999999998 0.00000000099999999998 0.62299126860917808379 
0.00000000099999999995 0.00000000099999999995 0.05825234494206080887 0.00000000099999999995 0.00000000099999999995 0.00000000099999999995 0.00000000099999999995 0.00000000099999999995 0.94174764805793931277 
0.10800299072741409434 0.00000000099999999998 0.04371289109773139614 0.10360704460909019031 0.00000000099999999998 0.00000000099999999998 0.00000000099999999998 0.04063038289136240711 0.70404668667440184482 
0.00000000100000000000 0.21584970470801922993 0.00000000100000000000 0.00000000100000000000 0.00000000100000000000 0.00000000100000000000 0.10646277591964627141 0.67768751337233434917 0.00000000100000000000 
0.00861138915450077036 0.08166609607898615841 0.03579831607176212072 0.00000000100000000000 0.00000000100000000000 0.12717531728379161127 0.00000000100000000000 0.07196519035788911944 0.67478368805307020750 
0.00000000099999999996 0.00000000099999999996 0.00000000099999999996 0.00000000099999999996 0.00000000099999999996 0.00000000099999999996 0.00000000099999999996 0.00000000099999999996 0.99999999200000000421 
0.07685959217771576313 0.00000000099999999997 0.02796356808692127341 0.00000000099999999997 0.06639921815851855535 0.00000000099999999997 0.00000000099999999997 0.05098778028127157191 0.77778983729557271687 
0.00000011226748966514 0.00000000099999999997 0.03768728966053071922 0.00000000099999999997 0.00000000099999999997 0.17489046251732434656 0.01859879228656438968 0.00000000099999999997 0.76882333926809076630 
0.14050685697343456848 0.00000000099999999997 0.00000000099999999997 0.00000000099999999997 0.00000000099999999997 0.20252731154760264531 0.00000000099999999997 0.00000000099999999997 0.65696582547896287263 
0.30956445848727254244 0.00000000099999999999 0.12275170579054700548 0.00000000099999999999 0.11452802469381641315 0.00000000099999999999 0.01896603730158956391 0.00000000099999999999 0.43418976972677453263 
0.00000000099999999997 0.00000000099999999997 0.00000000099999999997 0.02800479719582202320 0.06195620852814043289 0.00000000099999999997 0.00000000099999999997 0.00000000099999999997 0.91003898827603757482 
0.00000000099999999999 0.52767781771613730957 0.12623220900457166049 0.00000000099999999999 0.00000000099999999999 0.00000000099999999999 0.00000000099999999999 0.34608996727929119963 0.00000000099999999999 
0.00000000100000000000 0.57379032629023418721 0.00000000100000000000 0.00000000100000000000 0.00001584352210646902 0.00000000100000000000 0.00000000100000000000 0.42619382418765944243 0.00000000100000000000 
0.00000000099999999997 0.00000000099999999997 0.00000000099999999997 0.01045452679457155656 0.00000000099999999997 0.00000000099999999997 0.00000000099999999997 0.00000000099999999997 0.98954546620542849222 
0.00000000099999999965 0.00000000099999999965 0.00000000099999999965 0.00000000099999999965 0.00000000099999999965 0.00000000099999999965 0.00000000099999999965 0.99999999199999989319 0.00000000099999999965 
0.99999999200000022626 0.00000000099999999987 0.00000000099999999987 0.00000000099999999987 0.00000000099999999987 0.00000000099999999987 0.00000000099999999987 0.00000000099999999987 0.00000000099999999987 
0.99999999200000011523 0.00000000099999999987 0.00000000099999999987 0.00000000099999999987 0.00000000099999999987 0.00000000099999999987 0.00000000099999999987 0.00000000099999999987 0.00000000099999999987 
0.22431581715658960308 0.15694363353490289881 0.11730255246270313019 0.00000000099999999999 0.00000000099999999999 0.04914195728766902055 0.06341388504931666503 0.04172602543347146697 0.34715612707534720949 
0.17094783824440484832 0.00000000099999999998 0.00925779194627804683 0.00000000099999999998 0.00000000099999999998 0.00000000099999999998 0.00009752275754210509 0.01965774471883250524 0.80003909833294251097 
0.76821788914652566760 0.00000000099999999990 0.23178210385347453037 0.00000000099999999990 0.00000000099999999990 0.00000000099999999990 0.00000000099999999990 0.00000000099999999990 0.00000000099999999990 
0.41709274759886177941 0.00000000099999999992 0.10762999584982307910 0.00000000099999999992 0.00000000099999999992 0.00000000099999999992 0.00000000099999999992 0.00000000099999999992 0.47527725055131536669 
0.99999999200000011523 0.00000000099999999993 0.00000000099999999993 0.00000000099999999993 0.00000000099999999993 0.00000000099999999993 0.00000000099999999993 0.00000000099999999993 0.00000000099999999993 
0.99999999200000011523 0.00000000099999999970 0.00000000099999999970 0.00000000099999999970 0.00000000099999999970 0.00000000099999999970 0.00000000099999999970 0.00000000099999999970 0.00000000099999999970 
0.89886225572215594504 0.00000000099999999996 0.00000000099999999996 0.00000000099999999996 0.00000000099999999996 0.10113773727784422518 0.00000000099999999996 0.00000000099999999996 0.00000000099999999996 
0.99999999200000022626 0.00000000099999999990 0.00000000099999999990 0.00000000099999999990 0.00000000099999999990 0.00000000099999999990 0.00000000099999999990 0.00000000099999999990 0.00000000099999999990 
0.67464072269742147991 0.00000000099999999995 0.17821044524027990219 0.00002023665268699216 0.00000000099999999995 0.00000000099999999995 0.00000000099999999995 0.00000000099999999995 0.14712859040961179247 
0.28322076657359429586 0.00000000099999999998 0.00000000099999999998 0.00000000099999999998 0.12835804407001516481 0.00000000099999999998 0.00000000099999999998 0.04490418404659277801 0.54351700030979765987 
0.36269929435133441142 0.04754073465553562694 0.00000000099999999993 0.00000000099999999993 0.00000000099999999993 0.00000000099999999993 0.00000000099999999993 0.00000000099999999993 0.58975996499312988153 
0.49738117357890099246 0.00000000099999999996 0.06378768840395843132 0.00000000099999999996 0.00000000099999999996 0.00000000099999999996 0.00000000099999999996 0.00000000099999999996 0.43883113201714080143 
0.14697510689415543839 0.00000000099999999998 0.00000000099999999998 0.08018522222492918683 0.00000000099999999998 0.00000000099999999998 0.10113457904461728432 0.05266743619437772722 0.61903765164192048331 
0.50039288282264815511 0.05439434315307623696 0.06490986520757957567 0.00000000099999999997 0.00000000099999999997 0.00000000099999999997 0.13164123926649748397 0.00000000099999999997 0.24866166555019864060 
0.00000000099999999997 0.14642904570054560143 0.00000000099999999997 0.00000000099999999997 0.00000000099999999997 0.00000000099999999997 0.01484077682813507090 0.18447203270577852696 0.65425813976554081375 
0.00000000099999999995 0.00000000099999999995 0.00000000099999999995 0.00000000099999999995 0.00000000099999999995 0.00000000099999999995 0.00000000099999999995 0.00000000099999999995 0.99999999200000000421 
0.08562275391838401750 0.00000000099999999992 0.00000000099999999992 0.00000000099999999992 0.00000000099999999992 0.00000000099999999992 0.00000000099999999992 0.00000000099999999992 0.91437723908161594455 
0.99999999200000022626 0.00000000099999999986 0.00000000099999999986 0.00000000099999999986 0.00000000099999999986 0.00000000099999999986 0.00000000099999999986 0.00000000099999999986 0.00000000099999999986 
0.05929589265760202427 0.00000000099999999999 0.00000000099999999999 0.00000000099999999999 0.08000938081691286174 0.00000000099999999999 0.00786641158515525608 0.00000000099999999999 0.85282830994032987615 
0.15630568840289874033 0.07403972169630766709 0.00000000099999999997 0.02465995518142240564 0.00000000099999999997 0.00000000099999999997 0.05352445395817388707 0.00000000099999999997 0.69147017676119715279 
0.18774054794649894240 0.15001696626631139120 0.00000000099999999999 0.00000000099999999999 0.01265654828322484472 0.03217232022270172936 0.00000000099999999999 0.00000000099999999999 0.61741361328126320718 
0.09731154730826375998 0.00000000099999999995 0.00702983441107387589 0.00000000099999999995 0.00000000099999999995 0.00000000099999999995 0.03326128847148591972 0.00000000099999999995 0.86239732480917641322 
0.00000000099999999997 0.00000000099999999997 0.00000000099999999997 0.00000000099999999997 0.00000000099999999997 0.00000000099999999997 0.12994759589186999360 0.00530846313696532908 0.86474393497116475160 
0.00000000099999999997 0.04804877340705292210 0.00000000099999999997 0.00000000099999999997 0.00000000099999999997 0.00000000099999999997 0.00000000099999999997 0.00000000099999999997 0.95195121959294703995 
0.00000000099999999995 0.16875184107453153337 0.00000000099999999995 0.00000000099999999995 0.00000000099999999995 0.00000000099999999995 0.00000000099999999995 0.00000000099999999995 0.83124815192546841480 
0.18667238676569988809 0.00000000099999999995 0.03989423294369978668 0.00000000099999999995 0.00000000099999999995 0.00000000099999999995 0.00000000099999999995 0.00000000099999999995 0.77343337429060021737 
0.16358027740123487481 0.00000000099999999997 0.00000000099999999997 0.00000000099999999997 0.16167286818627088496 0.00000000099999999997 0.03790617532986744614 0.00000000099999999997 0.63684067408262678978 
0.06740338927796776791 0.00000000099999999996 0.00000000099999999996 0.00000000099999999996 0.23649399922640301774 0.00000000099999999996 0.00000000099999999996 0.00000000099999999996 0.69610260549562907872 
0.18500130581851362277 0.00000000099999999998 0.01922503625485924572 0.00000000099999999998 0.00415583544213805629 0.10250578088639183960 0.00000000099999999998 0.07069124325006195808 0.61842079534803529040 
0.05123589758206467670 0.00000000099999999995 0.14866871038388512760 0.00000000099999999995 0.00000000099999999995 0.17462309545066195815 0.00000000099999999995 0.00000000099999999995 0.62547229158338824018 
0.00000000099999999996 0.00000000099999999996 0.07601683128419219060 0.00000000099999999996 0.00000000099999999996 0.13072827752763996334 0.00000000099999999996 0.00000000099999999996 0.79325488518816777983 
0.00755283097864641820 0.00000000099999999996 0.14099220275073917619 0.00000000099999999996 0.00000000099999999996 0.01589172782845443485 0.03635590602940259874 0.00000000099999999996 0.79920732841275743397 
0.58406790006736530874 0.00000000099999999998 0.13149302737117271600 0.08047764335030112293 0.00000000099999999998 0.00000000099999999998 0.00000000099999999998 0.00000000099999999998 0.20396142421116089660 
0.00000000099999999994 0.09094135794367982917 0.00000000099999999994 0.00000000099999999994 0.00000000099999999994 0.00000000099999999994 0.69331573770678067703 0.00000000099999999994 0.21574289834953955247 
0.06389211390391986989 0.01714743556653772899 0.14536176485487262156 0.00000000099999999997 0.00000000099999999997 0.00000000099999999997 0.77359868067466985853 0.00000000099999999997 0.00000000099999999997 
0.04471396010378006491 0.00000000099999999995 0.04997037519785549331 0.00000000099999999995 0.00000000099999999995 0.00000000099999999995 0.90531565869836438942 0.00000000099999999995 0.00000000099999999995 
0.00000000100000000000 0.30308536189963292129 0.00000000100000000000 0.00000000100000000000 0.00348515205064375702 0.00000000100000000000 0.69329813737104284410 0.00001254430816221536 0.00011880037051813271 
0.27202204792905071429 0.00000000099999999999 0.03732976521101127182 0.00000000099999999999 0.00000000099999999999 0.00000000099999999999 0.61907789841582239188 0.07157028344411540954 0.00000000099999999999 
0.00000000100000000000 0.00000000100000000000 0.00000000100000000000 0.40710512488403322040 0.12421167112108401354 0.00000000100000000000 0.00000000100000000000 0.41390503707668746536 0.05477816191819528252 
0.00000000099999999998 0.00000000099999999998 0.01136401480417766931 0.00000000099999999998 0.15436386700721782539 0.00000000099999999998 0.83427211218860441999 0.00000000099999999998 0.00000000099999999998 
0.00000000099999999999 0.00000000099999999999 0.00000000099999999999 0.00000000099999999999 0.99999999200000011523 0.00000000099999999999 0.00000000099999999999 0.00000000099999999999 0.00000000099999999999 
0.05402502624507942580 0.00000000099999999999 0.15457329996290444796 0.00757480267286383437 0.00000000099999999999 0.00212158228117410473 0.78170528483797829811 0.00000000099999999999 0.00000000099999999999 
0.40013259646793097879 0.00000000099999999999 0.00000000099999999999 0.00000000099999999999 0.01192589022057101086 0.20083477957657544510 0.00000000099999999999 0.00000000099999999999 0.38710672873492274482 
0.00000000099999999994 0.00000000099999999994 0.00000000099999999994 0.00000000099999999994 0.00000000099999999994 0.00000000099999999994 0.99999999200000000421 0.00000000099999999994 0.00000000099999999994 
0.15580136456038995441 0.00000000099999999998 0.02524807483741395298 0.09969493963657394264 0.10854204604471276441 0.00000000099999999998 0.61071357092090949870 0.00000000099999999998 0.00000000099999999998 
0.00000000099999999998 0.00000000099999999998 0.00000000099999999998 0.00000000099999999998 0.00000000099999999998 0.00000000099999999998 0.99999999199999989319 0.00000000099999999998 0.00000000099999999998 
0.12433591572087264454 0.00000000099999999994 0.00000000099999999994 0.00000000099999999994 0.00000000099999999994 0.00000000099999999994 0.74025123243203516665 0.00000000099999999994 0.13541284584709237238 
0.07535796303899197635 0.00000000099999999994 0.00000000099999999994 0.00000000099999999994 0.00000000099999999994 0.00000000099999999994 0.92464202996100797183 0.00000000099999999994 0.00000000099999999994 
0.00000000099999999996 0.00000000099999999996 0.00000000099999999996 0.00000000099999999996 0.00000000099999999996 0.00000000099999999996 0.99999999199999989319 0.00000000099999999996 0.00000000099999999996 
0.25943687092012129858 0.02503469381808668889 0.00000000099999999996 0.00000000099999999996 0.00000000099999999996 0.00000000099999999996 0.66197025090164007821 0.00000000099999999996 0.05355817936015187103 
0.11417009318700416243 0.10670775211795545390 0.00794632264504221975 0.00000000099999999998 0.00000000099999999998 0.00000000099999999998 0.63306795279256511400 0.00000000099999999998 0.13810787525743317694 
0.04819169121221181934 0.00000000099999999998 0.00000000099999999998 0.00000000099999999998 0.00000000099999999998 0.00000231314046687171 0.95180598964732143763 0.00000000099999999998 0.00000000099999999998 
0.00000000099999999988 0.00000000099999999988 0.00000000099999999988 0.00000000099999999988 0.00000000099999999988 0.00000000099999999988 0.99999999199999989319 0.00000000099999999988 0.00000000099999999988 
0.00000007724144195313 0.00000000099999999999 0.13995495058299770030 0.00000000099999999999 0.00000000099999999999 0.00000000099999999999 0.86004496617556047688 0.00000000099999999999 0.00000000099999999999 
0.00000000099999999996 0.00000000099999999996 0.00000000099999999996 0.00000000099999999996 0.00000000099999999996 0.00000000099999999996 0.89063311146341894720 0.02281136523806277100 0.08655551729851836129 
0.00000000099999999996 0.00000000099999999996 0.00000000099999999996 0.00000000099999999996 0.00000000099999999996 0.10137267269071832676 0.89862732030928182958 0.00000000099999999996 0.00000000099999999996 
0.07035971952153265152 0.00000000099999999996 0.00545189287896560154 0.00000000099999999996 0.00000000099999999996 0.17973955502020377839 0.71943667441209147029 0.02501215416720641710 0.00000000099999999996 
0.00000000099999999999 0.00000000099999999999 0.00102122005352697515 0.03874220333860616677 0.00000000099999999999 0.00000000099999999999 0.69226230794001764046 0.04755601805860577846 0.22041824660924344559 
0.00000000099999999998 0.00000000099999999998 0.01360288356806877742 0.00000000099999999998 0.00000000099999999998 0.00000000099999999998 0.30214433189669470670 0.68425277853523636118 0.00000000099999999998 
0.00000000099999999998 0.00000000099999999998 0.00000000099999999998 0.00000000099999999998 0.00000000099999999998 0.00000000099999999998 0.00000000099999999998 0.99999999200000000421 0.00000000099999999998 
0.00000000099999999995 0.00000000099999999995 0.00000000099999999995 0.00000000099999999995 0.00000000099999999995 0.00000000099999999995 0.95520984593853308642 0.04479014706146695196 0.00000000099999999995 
0.20298131307751124397 0.00000000099999999996 0.06877394863846673922 0.00000000099999999996 0.03631935137789814305 0.00000000099999999996 0.69192538190612384863 0.00000000099999999996 0.00000000099999999996 
0.00000000099999999998 0.00000000099999999998 0.00000000099999999998 0.00000000099999999998 0.18446035882457356703 0.00066337543966019823 0.79150288742634233863 0.00000000099999999998 0.02337337330942386091 
0.00000000099999999993 0.00000000099999999993 0.00000000099999999993 0.00000000099999999993 0.00000000099999999993 0.00000000099999999993 0.99999999200000000421 0.00000000099999999993 0.00000000099999999993 
0.00000000099999999992 0.00000000099999999992 0.00000000099999999992 0.00000000099999999992 0.00000000099999999992 0.00000000099999999992 0.99999999199999989319 0.00000000099999999992 0.00000000099999999992 
0.00000000099999999997 0.00000000099999999997 0.00000000099999999997 0.00000000099999999997 0.00000000099999999997 0.00000000099999999997 0.84948823669726825081 0.15051175630273172512 0.00000000099999999997 
0.00000000099999999994 0.03157502225113890254 0.00000029887977262407 0.00000000099999999994 0.00000000099999999994 0.00000000099999999994 0.96842467286908862079 0.00000000099999999994 0.00000000099999999994 
0.00000000099999999993 0.00000000099999999993 0.00000000099999999993 0.00000000099999999993 0.00000000099999999993 0.00000000099999999993 0.90615190207597084981 0.09384809092402894570 0.00000000099999999993 
0.00000000099999999997 0.02283598885157922878 0.00000000099999999997 0.00000000099999999997 0.00000000099999999997 0.00000199356848174905 0.97716201157993887172 0.00000000099999999997 0.00000000099999999997 
0.00000000099999999998 0.00000000099999999998 0.04472737389246561612 0.48819749307895415891 0.25048015361126557687 0.00000000099999999998 0.21659494305194715302 0.00000000099999999998 0.00000003236536767995 
0.00000000099999999994 0.02413503038370453518 0.00000000099999999994 0.00000000099999999994 0.03808928663037990797 0.00000000099999999994 0.93777567698591568490 0.00000000099999999994 0.00000000099999999994 
0.00000000099999999999 0.00000000446339976771 0.09921131858927975666 0.00000000099999999999 0.12607374339894919513 0.00000000099999999999 0.73131713472228099260 0.04339779482609026212 0.00000000099999999999 
0.00000000099999999998 0.00000000099999999998 0.02840213369657402370 0.00000000099999999998 0.00000000099999999998 0.00000000099999999998 0.97159785930342590365 0.00000000099999999998 0.00000000099999999998 
0.02684399120716004714 0.00000000099999999997 0.29543258171806108248 0.27611833792814255428 0.16526258261624363066 0.00000000099999999997 0.23634250253039265632 0.00000000099999999997 0.00000000099999999997 
0.00000000099999999999 0.00000000099999999999 0.00000017132651617289 0.11952761562663208328 0.00000000099999999999 0.00000000099999999999 0.88047220704685169590 0.00000000099999999999 0.00000000099999999999 
0.00000000099999999997 0.00000000099999999997 0.00000000099999999997 0.99999999200000011523 0.00000000099999999997 0.00000000099999999997 0.00000000099999999997 0.00000000099999999997 0.00000000099999999997 
0.08307320425903640115 0.00000000099999999997 0.00000000099999999997 0.00000000099999999997 0.00602661308946659483 0.12216349362079972907 0.78873668403069741029 0.00000000099999999997 0.00000000099999999997 
0.00000000099999999997 0.01975982147766591063 0.02425315846170924758 0.00000000099999999997 0.00000000099999999997 0.00000000099999999997 0.95598701406062491781 0.00000000099999999997 0.00000000099999999997 
0.00000000099999999983 0.00000000099999999983 0.00000000099999999983 0.00000000099999999983 0.00000000099999999983 0.00000000099999999983 0.99999999200000000421 0.00000000099999999983 0.00000000099999999983 
0.00000000099999999988 0.00000000099999999988 0.00000000099999999988 0.00000000099999999988 0.00000000099999999988 0.00000000099999999988 0.99999999199999989319 0.00000000099999999988 0.00000000099999999988 
0.00000000099999999998 0.00000000099999999998 0.00000000099999999998 0.00000000099999999998 0.00000000099999999998 0.00000000099999999998 0.99999999200000000421 0.00000000099999999998 0.00000000099999999998 
0.00000000099999999998 0.00000000099999999998 0.00000000099999999998 0.00000000099999999998 0.00000000099999999998 0.00000000099999999998 0.79778031017205508491 0.00000000099999999998 0.20221968282794480776 
0.00000000099999999998 0.00000000099999999998 0.00000000099999999998 0.00000000099999999998 0.00000000099999999998 0.00000000099999999998 0.95884878606085477415 0.04115120693914519484 0.00000000099999999998 
0.00000000099999999993 0.00000000099999999993 0.00000000099999999993 0.00000000099999999993 0.00000000099999999993 0.00000000099999999993 0.99999896994268577810 0.00000102305731428551 0.00000000099999999993 
0.00000000099999999993 0.00000000099999999993 0.00000000099999999993 0.00000000099999999993 0.00000000099999999993 0.00000000099999999993 0.99999999199999989319 0.00000000099999999993 0.00000000099999999993 
0.00000000099999999992 0.00000000099999999992 0.00000000099999999992 0.00000000099999999992 0.00000000099999999992 0.00000000099999999992 0.99999999199999989319 0.00000000099999999992 0.00000000099999999992 
0.00000000100000000000 0.00000000100000000000 0.17472921511718142451 0.00000000100000000000 0.58007071639100904470 0.00000000100000000000 0.00000000100000000000 0.23447431959954945224 0.01072574389226011934 
0.00000000099999999999 0.00000000099999999999 0.00000000099999999999 0.00000000099999999999 0.61737399572930062863 0.00000000099999999999 0.00000000099999999999 0.00000000099999999999 0.38262599727069945832 
0.00000000099999999998 0.00000000099999999998 0.00000000099999999998 0.00000000099999999998 0.02467428934267580296 0.00000000099999999998 0.00000000099999999998 0.00000000099999999998 0.97532570365732429440 
0.00000000099999999997 0.00000000099999999997 0.00000000099999999997 0.00000000099999999997 0.00000000099999999997 0.00000000099999999997 0.99999999200000000421 0.00000000099999999997 0.00000000099999999997 
