0.08992144880550322072 0.41106965093319713933 0.12230586738311423345 0.37670303287818551752 
0.06900091467363747566 0.40497444762332740487 0.14115315160192201671 0.38487148610111315827 
0.11925260722217755072 0.27306658480804202327 0.15487861150902842988 0.45280219646075209328 
0.03467553765098259355 0.27594503840470280265 0.19057308246446810762 0.49880634147984653781 
0.06419841711976709275 0.21258896201109667157 0.30688581279825405401 0.41632680807088212616 
0.01865190760168488129 0.34286451991609290246 0.22712172450737291851 0.41136184797484931508 
0.00000000100000000000 0.36216424564746030335 0.22151998103690351272 0.41631577231563604569 
0.14390101887208017750 0.19375265625468218733 0.33836528637434337696 0.32398103849889436923 
0.15432129908210487357 0.20264912154922784526 0.22125920125961401341 0.42177037810905326776 
0.09559754162396390254 0.30562332228897154396 0.19835965957632570311 0.40041947651073889203 
0.05592787362905479731 0.13754751939853962495 0.24204589551412322712 0.56447871145828232287 
0.10991194704465939713 0.11780477009969834989 0.21247838415083805663 0.55980489870480409920 
0.11891127667364632947 0.26357379254515422851 0.16888914220571765723 0.44862578857548185418 
0.00000000100000000000 0.18613782670598924551 0.25803341408478336350 0.55582875820922750254 
0.36448866675294744333 0.19401119164402380601 0.15155387137107609319 0.28994627023195274074 
0.14327717867585199052 0.25758077288016395512 0.21745470970829025581 0.38168733873569388182 
0.08277070823469412364 0.31176529024893351316 0.17385484642423135182 0.43160915509214092811 
0.26634644329120565898 0.17213333038877332015 0.27211909404217543562 0.28940113227784541872 
0.18349056342127653685 0.12689452960974687001 0.18270906820438850837 0.50690583876458816803 
0.16860919926803305535 0.33591223777667061912 0.16321071738506703896 0.33226784557022936983 
0.09365336489604991765 0.23794759236571233485 0.16618533666180318464 0.50221370607643467388 
0.02074878400950604801 0.42978656961389521962 0.17142756428200853214 0.37803708209459008227 
0.00000000100000000000 0.31983019649031591003 0.25938835196997145349 0.42078145053971249823 
0.22673211945423102365 0.26904264873751876364 0.22984318353072430430 0.27438204827752576964 
0.08158441329509348583 0.17180541854951594805 0.32360533574065292184 0.42300483241473763041 
0.11682838001890724633 0.30081781866073553644 0.25646634894905256941 0.32588745237130456456 
0.22306824719700993342 0.19797792696269478352 0.22114968874286700107 0.35780413709742836526 
0.16391358451913981553 0.09996497273486594504 0.28608510441575579764 0.45003633833023842792 
0.05471682643196921353 0.33699186910211670343 0.16455099296140734966 0.44374031150450671257 
0.09796317121724289201 0.29923851019909786242 0.24250959502432692383 0.36028872355933233562 
0.09497323253745176830 0.14912944852261825202 0.32657973570039000588 0.42931758323953994605 
0.00000000100000000000 0.30167791162126789128 0.13585512836986218810 0.56246695900886989339 
0.00029829787117773259 0.39923995723715310913 0.23680590411518848137 0.36365584077648061001 
0.01849618156890847284 0.20249144970630331142 0.23485798216228287449 0.54415438656250536553 
0.09981861659801179176 0.17699958790708134049 0.35490217067062512779 0.36827962482428178159 
0.07848400881095971005 0.32248260884397150772 0.07431481685689365901 0.52471856548817519261 
0.19411683402976415147 0.15540954333022841127 0.34169527277281080968 0.30877834986719665533 
0.15308796794097487282 0.20710183030627654643 0.13240851439615225482 0.50740168735659629817 
0.21086660185056510519 0.24889292928431472340 0.12421509400355594532 0.41602537486156421220 
0.15134726663235292810 0.27892101420032772152 0.13318747509633363513 0.43654424407098585403 
0.17745411666768770576 0.00000000100000000000 0.21237011491821500275 0.61017576741409740304 
0.13460299026572611347 0.27612878654608413731 0.10112227775273976982 0.48814594543545003491 
0.24963436658726184669 0.13246401796490828162 0.21661601100080254967 0.40128560444702732202 
0.11502428168633357930 0.29248271603528902540 0.18238438301952134002 0.41010861925885605528 
0.05298653443940050389 0.23480848724605166145 0.30417531459923402570 0.40802966371531368406 
0.23214506290115585752 0.24662265218284432078 0.07466928099338150659 0.44656300392261827348 
0.03971053070289014969 0.15935891536056306927 0.40833996393613314346 0.39259059000041379717 
0.12759933788378416408 0.13527980598903696641 0.27295041865130270642 0.46417043747587605207 
0.00000000099999999997 0.00000000099999999997 0.00000000099999999997 0.99999999699999997382 
0.00000000100000000000 0.12885721120552326435 0.10155831621871148907 0.76958447157576526099 
0.07478929456033643619 0.22744800570866768874 0.69775712144340307219 0.00000557828759281389 
0.00000000099999999997 0.00000000099999999997 0.00000000099999999997 0.99999999700000008485 
0.00000000099999999997 0.00000000099999999997 0.00000000099999999997 0.99999999699999997382 
0.17002713136613697986 0.19762194650263492646 0.08107784144806383375 0.55127308068316438483 
0.00000000099999999997 0.00000000099999999997 0.00000000099999999997 0.99999999699999997382 
0.08026823666389899803 0.10564737436033747042 0.25092360519834622234 0.56316078377741740635 
0.16355933638272007746 0.10414008228571937364 0.04272663824259114590 0.68957394308896935442 
0.00000000099999999999 0.00000000099999999999 0.00000000099999999999 0.99999999699999997382 
0.13515719207519658052 0.09655113582034284547 0.18436191958687692116 0.58392975251758372224 
0.21356552642904774730 0.06152073604570665322 0.07341829164822738507 0.65149544587701813114 
0.12956860396073652253 0.34857256119335200406 0.00000000100000000000 0.52185883384591147394 
0.00000000099999999999 0.00000000099999999999 0.09832861123102275280 0.90167138676897728988 
0.00000000099999999997 0.00000000099999999997 0.00000000099999999997 0.99999999699999997382 
0.00000000100000000000 0.01062448027333157477 0.17949696610589999102 0.80987855262076835494 
0.01482225054298983054 0.00000000099999999999 0.13163336895518568115 0.85354437950182449057 
0.04248241845042373399 0.00000000100000000000 0.33572684459368057341 0.62179073595589562373 
0.21662129581893294072 0.00000002919108192326 0.34681383413997995957 0.43656484085000529793 
0.15896974118905143891 0.00606411871608731907 0.31063674315018163785 0.52432939694467972647 
0.00000000100000000000 0.06648011031425028750 0.33258104459563447852 0.60093884409011522063 
0.10959330927627181085 0.04309227323821724492 0.14373432011533796016 0.70358009737017279672 
0.00000000099999999993 0.00000000099999999993 0.00000000099999999993 0.99999999699999997382 
0.00000000099999999991 0.00000000099999999991 0.00000000099999999991 0.99999999699999997382 
0.00000000099999999992 0.00000000099999999992 0.00000000099999999992 0.99999999700000008485 
0.05082400282101799671 0.00000000099999999999 0.26089840932296853859 0.68827758685601359012 
0.00000000099999999991 0.00000000099999999991 0.00000000099999999991 0.99999999699999997382 
0.00000000099999999996 0.00000000099999999996 0.00000000099999999996 0.99999999700000008485 
0.00000000099999999992 0.00000000099999999992 0.00000000099999999992 0.99999999699999997382 
0.00000000099999999991 0.00000000099999999991 0.00000000099999999991 0.99999999699999997382 
0.00000000099999999991 0.00000000099999999991 0.00000000099999999991 0.99999999700000008485 
0.00000000099999999999 0.03268845654266396006 0.00000000099999999999 0.96731154145733611038 
0.18716772830216121815 0.06234551928380357988 0.21109349259459492254 0.53939325981944041821 
0.00000000099999999991 0.00000000099999999991 0.00000000099999999991 0.99999999699999997382 
0.03123165117623390510 0.02314486899042546980 0.31552017844690383175 0.63010330138643688702 
0.00000000099999999990 0.00000000099999999990 0.00000000099999999990 0.99999999699999997382 
0.00000000099999999992 0.00000000099999999992 0.00000000099999999992 0.99999999699999997382 
0.00000000099999999987 0.00000000099999999987 0.99999999699999986280 0.00000000099999999987 
0.00000000492497322569 0.10790981599463168872 0.21024111123752023400 0.68184906784287491188 
0.00000000100000000000 0.00000000100000000000 0.38707424726421840733 0.61292575073578159373 
0.08539937961336828420 0.10875932621290933244 0.21382443881387447338 0.59201685535984793773 
0.00000000099999999999 0.00000000099999999999 0.40284607487233176082 0.59715392312766824023 
0.00000000099999999998 0.00000000099999999998 0.31309458514402160878 0.68690541285597839227 
0.18238095635567375119 0.00000000100000000000 0.36934003037487861398 0.44827901226944755209 
0.80873109806764686969 0.00948595320315772858 0.18178283994754912412 0.00000010878164632600 
0.27411680446778163844 0.57363780585150370150 0.15224538868071452180 0.00000000099999999999 
0.37521456517204604397 0.46343866153631740890 0.16134677229163665868 0.00000000100000000000 
0.00000000100000000000 0.02053964525229177995 0.14593880099525222138 0.83352155275245609634 
0.00000000100000000000 0.10904278841579899406 0.13933899772524549476 0.75161821285895547007 
0.00000000099999999999 0.00000000099999999999 0.81097348270623392796 0.18902651529376593431 
0.00000000099999999995 0.00000000099999999995 0.87295099981561441460 0.12704899818438544767 
0.00000000099999999999 0.00000000099999999999 0.95149362084794764094 0.04850637715205224215 
0.00000000099999999997 0.00000000099999999997 0.91666796078012802163 0.08333203721987195167 
0.00000000099999999999 0.00000000099999999999 0.86719937412464986881 0.13280062387535018775 
0.06179649319204771202 0.02489923585162220551 0.57874789985335062248 0.33455637110297942183 
0.00000000099999999997 0.00000000099999999997 0.91646415076549914147 0.08353584723450087346 
0.00000000099999999978 0.00000000099999999978 0.99999999699999997382 0.00000000099999999978 
0.04285138949482404647 0.00000000099999999999 0.62780959088647481092 0.32933901861870124028 
0.04960636857994386167 0.00000000100000000000 0.81255155108966659050 0.13784207933038966631 
0.00000000099999999992 0.00000000099999999992 0.99999999699999986280 0.00000000099999999992 
0.02517717872798603748 0.00000004615012303068 0.43906638185623303450 0.53575639326565793752 
0.13512195668297186102 0.08200114102663504101 0.25875715232592255699 0.52411974996447063813 
0.00000000099999999988 0.00000000099999999988 0.99999999699999997382 0.00000000099999999988 
0.04631221161648339107 0.06428756223760925814 0.79706927335873645202 0.09233095278717089183 
0.00000000099999999996 0.00000000099999999996 0.89212075268470236722 0.10787924531529753669 
0.00000000099999999991 0.00000000099999999991 0.99999999699999986280 0.00000000099999999991 
0.11758746496449788699 0.44574969717370321876 0.36819717516502897814 0.06846566269676984673 
0.00000000099999999999 0.00000000099999999999 0.90652008595873545538 0.09347991204126446241 
0.02023861426673079916 0.02990501479642655724 0.94985636993684263718 0.00000000100000000000 
0.00000000099999999997 0.00000000099999999997 0.78961509024970555348 0.21038490775029447533 
0.00000000099999999990 0.00000000099999999990 0.99999999699999986280 0.00000000099999999990 
0.03805437319477254082 0.17343152540653389293 0.34266984134943295759 0.44584426004926053233 
0.01188396812654946011 0.08081458248807174560 0.84433991809862973810 0.06296153128674908395 
0.01373365218026169170 0.92997227176709640339 0.05629407505264193146 0.00000000100000000000 
0.00038986405187757013 0.90076613161735519242 0.09884400333076713563 0.00000000100000000000 
0.02070914038265870075 0.86805392099473333012 0.00000000100000000000 0.11123693762260813966 
0.23765962181235289474 0.69379082057275309747 0.02580856573489900135 0.04274099187999499949 
0.11885739267215142401 0.84352646220395466337 0.03761614412389383683 0.00000000099999999999 
0.14624772197253727013 0.84036340904018425046 0.01320407912314069954 0.00018478986413766161 
0.00067344940923005176 0.97236884736505624360 0.00000000100000000000 0.02695770222571371860 
0.00000006525306284821 0.97251779299996310435 0.00000000100000000000 0.02748214074697404030 
0.14578101986609010021 0.78009631830000303321 0.04590867245740889308 0.02821398937649786942 
0.19779027747347269206 0.68711836190812147773 0.02407777158415275870 0.09101358903425302294 
0.12494536404452802336 0.73445948655264803318 0.05412899411825453783 0.08646615528456941258 
0.00325729666359063103 0.93056959956460760797 0.06617310277180178668 0.00000000100000000000 
0.18769672055153255319 0.81230258101613783683 0.00000000100000000000 0.00000069743232968303 
0.17696125906698720320 0.82303872733283833796 0.00000001260017442575 0.00000000100000000000 
0.09202901024397369678 0.85594612715420859139 0.00000000099999999999 0.05202486160181783031 
0.01422083145575170002 0.98484616557742443721 0.00000000099999999999 0.00093300196682401921 
0.12831858930886055892 0.78384316501646378317 0.01973736555798502254 0.06810088011669065966 
0.19502961924523887216 0.72796743872347158266 0.06640149264096557868 0.01060144939032396476 
0.24443652744161759038 0.59413315952713663393 0.11093279726586566247 0.05049751576538021730 
0.35568352388878399228 0.53413811877158023922 0.05835019470070797881 0.05182816263892777581 
0.21087270516436501522 0.72662937239857550153 0.06249792143705940051 0.00000000099999999999 
0.18546941841711050980 0.81163116818444547285 0.00289941239844405778 0.00000000100000000000 
0.20119966181770265745 0.79880033618229739911 0.00000000100000000000 0.00000000100000000000 
0.00000000099999999997 0.99999999699999997382 0.00000000099999999997 0.00000000099999999997 
0.00000000099999999996 0.99999999699999997382 0.00000000099999999996 0.00000000099999999996 
0.05453705286527063545 0.84919348309699438371 0.00000000100000000000 0.09626946303773505076 
0.00000000099999999996 0.99999999700000008485 0.00000000099999999996 0.00000000099999999996 
0.07136262629966232118 0.87879771939982986861 0.02720611610173184411 0.02263353819877591405 
0.00000000099999999995 0.99999999699999997382 0.00000000099999999995 0.00000000099999999995 
0.25582586688233127648 0.00182470721910472098 0.23544651869589050541 0.50690290720267339175 
0.23263126667407035830 0.55597561530525574369 0.06243796754684246414 0.14895515047383151019 
0.19627242297464489451 0.78443081864754315990 0.00000000100000000000 0.01929675737781207795 
0.05470124526482141730 0.84710768771408684330 0.03633890240276872047 0.06185216461832300505 
0.13845208833824254602 0.82165582794353175800 0.00000000099999999999 0.03989208271822575202 
0.17318624287164260944 0.74838973291801624832 0.00000001636317964478 0.07842400784716144213 
0.18058582772362116731 0.76284856052441341046 0.00414140973187808199 0.05242420202008739316 
0.14191678342876598573 0.81535606910572777650 0.01971929759098833487 0.02300784987451782657 
0.11505152164042051210 0.76693872843392496552 0.00000000100000000000 0.11800974892565443963 
0.15273858944053353426 0.83059934495411080757 0.00000000099999999999 0.01666206460535575931 
0.30357737008077079199 0.03575902337365004235 0.20747097403075795419 0.45319263251482128085 
0.23428276696483607555 0.00000485499466800227 0.24105153076196597639 0.52466084727852990710 
0.12540353974766330070 0.85698743351452499883 0.00000000100000000000 0.01760902573781188835 
0.00000000099999999994 0.00000000099999999994 0.87834973969848206821 0.12165025830151797448 
0.35409490175260172062 0.64590509624739822492 0.00000000099999999999 0.00000000099999999999 
0.39653940641485901919 0.60346059158514098186 0.00000000099999999999 0.00000000099999999999 
0.36383117346625432065 0.63616882453374556938 0.00000000099999999999 0.00000000099999999999 
0.31041566558884647886 0.68958433241115357770 0.00000000099999999999 0.00000000099999999999 
0.00426433773210419149 0.99573566026789583905 0.00000000099999999999 0.00000000099999999999 
0.25707925419651433963 0.61957337725756933544 0.03988860546274836799 0.08345876308316797776 
0.13087653065862300816 0.86912346734137690962 0.00000000099999999999 0.00000000099999999999 
0.16543092489422073221 0.83456907310577932435 0.00000000099999999998 0.00000000099999999998 
0.00000000099999999996 0.99999999699999997382 0.00000000099999999996 0.00000000099999999996 
0.00000000099999999996 0.99999999699999997382 0.00000000099999999996 0.00000000099999999996 
0.00000000099999999997 0.99999999699999997382 0.00000000099999999997 0.00000000099999999997 
0.21667162761385788672 0.70443382069761739661 0.07889455068852480046 0.00000000100000000000 
0.14252349892238982965 0.76383292472858466127 0.09364357534902542635 0.00000000099999999998 
0.19111005277378159684 0.71507671400397943007 0.08049863544262618464 0.01331459777961275896 
0.29213884039961296457 0.69650419800261065273 0.01135696059777636414 0.00000000100000000000 
0.09874971958784641013 0.88852881970741370843 0.01272145970473978135 0.00000000100000000000 
0.03729122034850607115 0.96270877765149398542 0.00000000099999999999 0.00000000099999999999 
0.13991601615428941874 0.69186609171979029931 0.08367967733335106295 0.08453821479256917737 
0.16016867908381909880 0.83983131891618090226 0.00000000099999999999 0.00000000099999999999 
0.21814255616979930097 0.78185744183020078335 0.00000000099999999998 0.00000000099999999998 
0.23430022672639019832 0.73068962271401227682 0.03501014955959733804 0.00000000100000000000 
0.27287041826838559500 0.72712957973161429504 0.00000000100000000000 0.00000000100000000000 
0.25935171411135332642 0.58622860092754069949 0.11141013419436947285 0.04300955076673640409 
0.22384782412481274427 0.60157832301018654420 0.09892623725697784198 0.07564761560802288343 
0.25271132666883638906 0.58998785638227280170 0.10630786287583439409 0.05099295407305637351 
0.11688831794465158465 0.88311168005534845804 0.00000000099999999999 0.00000000099999999999 
0.15486865575458597100 0.83212199981769308099 0.01300934342772107170 0.00000000100000000000 
0.23676886429697108216 0.76323113370302897440 0.00000000099999999997 0.00000000099999999997 
0.16539448899222070066 0.76584343804257959398 0.00716989347202724465 0.06159217949317243035 
0.20220694637327035759 0.75762824573176534848 0.00000000100000000000 0.04016480689496430140 
0.22291315275151704633 0.63061411365371899951 0.00000000100000000000 0.14647273259476389917 
0.26946655653068207759 0.73053344146931809000 0.00000000099999999997 0.00000000099999999997 
0.18117053475418437580 0.81882946324581562525 0.00000000099999999999 0.00000000099999999999 
0.31043270827351732155 0.64396462857605918373 0.00000000099999999999 0.04560266215042347443 
0.16175187395905810117 0.78176264913367210507 0.05648491258722479480 0.00000056432004507307 
0.27814248148545372974 0.63799631226643571669 0.00000000099999999999 0.08386120524811070676 
0.25013960147203440076 0.60753685923122169310 0.00000000099999999999 0.14232353829674393442 
0.23725714649071824591 0.76274285150928178290 0.00000000099999999998 0.00000000099999999998 
0.20985663236914745000 0.67449350953651554530 0.00920444411069884852 0.10644541398363802087 
0.12667256138390386999 0.67992448006909422809 0.02503307449482358032 0.16836988405217823139 
0.08624717067181858488 0.83689215651651427397 0.01142125569245055865 0.06543941711921656690 
0.12621142450182737393 0.69577716237139175526 0.00000000100000000000 0.17801141212678103787 
0.22817588594821761050 0.77182411205178225178 0.00000000099999999999 0.00000000099999999999 
0.02915784363329198409 0.88117825881228151186 0.06108354661318887019 0.02858035094123759223 
0.16456657093481458221 0.79209261985866763478 0.04334080820651774885 0.00000000100000000000 
0.24162956017048028978 0.75837043782951962800 0.00000000099999999999 0.00000000099999999999 
0.08223436014889645707 0.81035751939208233718 0.10740811945902117852 0.00000000100000000000 
0.99999999700000008485 0.00000000099999999998 0.00000000099999999998 0.00000000099999999998 
0.79395403027669630980 0.20604596772330369125 0.00000000099999999999 0.00000000099999999999 
0.99999991698765600123 0.00000008101234406844 0.00000000099999999998 0.00000000099999999998 
0.89894994541988482162 0.10081585433592134271 0.00023419924419373672 0.00000000099999999999 
0.64863042570368889539 0.24444703407100634718 0.00000000100000000000 0.10692253922530484123 
0.63412002439810888355 0.35671924335071863998 0.00916072981753567918 0.00000000243363677363 
0.00267161279588947224 0.26356084476106439451 0.31467813024686597245 0.41908941219618017771 
0.85992738647669220153 0.00000000100000000000 0.00000000100000000000 0.14007261152330777176 
0.65719108017056782067 0.28812002049147822369 0.00000016973040359328 0.05468872960755013363 
0.76563905437839896440 0.20288671703597088714 0.00000000100000000000 0.03147422758563003103 
0.33327782176689740856 0.61424099496005002408 0.04621698516130378492 0.00626419811174883014 
0.97767735168578917548 0.00000000099999999999 0.02232264631421079087 0.00000000099999999999 
0.64802497765475408631 0.21654755130846353728 0.03802363173664614210 0.09740383930013632452 
0.94904326641414216148 0.02576266765348645196 0.02519406066944432365 0.00000000526292716786 
0.74263312739757647574 0.25736687060242363634 0.00000000099999999998 0.00000000099999999998 
0.92317871523812478074 0.07682128276187515092 0.00000000099999999999 0.00000000099999999999 
0.99999999700000008485 0.00000000099999999999 0.00000000099999999999 0.00000000099999999999 
0.63704426187737028808 0.36295240474777773487 0.00000000099999999998 0.00000333237485188641 
0.67196757722248168232 0.29769722681027271927 0.03033519496724544628 0.00000000100000000000 
0.92826378105469797841 0.04084777384295244090 0.03088376438559163606 0.00000468071675804358 
0.99999999700000008485 0.00000000099999999996 0.00000000099999999996 0.00000000099999999996 
0.99999999700000008485 0.00000000099999999995 0.00000000099999999995 0.00000000099999999995 
0.99999999700000008485 0.00000000099999999995 0.00000000099999999995 0.00000000099999999995 
0.99999999700000008485 0.00000000099999999995 0.00000000099999999995 0.00000000099999999995 
0.84854534840929729533 0.15145078725464888869 0.00000000099999999999 0.00000386333605390069 
0.99341369341275476135 0.00658630458724529001 0.00000000100000000000 0.00000000100000000000 
0.89862948257914831984 0.08004509119378959425 0.02132542522706206908 0.00000000100000000000 
0.85326944083025713095 0.11312826026465289120 0.03360229790508987430 0.00000000100000000000 
0.78149897695602776881 0.12756541752754416152 0.09093472029737298401 0.00000088521905503537 
0.72829604040568585166 0.22685487921217947771 0.04484907938213465728 0.00000000100000000000 
0.34521352435531049707 0.02301016205143384397 0.59002178679741079659 0.04175452679584487625 
0.00546451078562219719 0.13933342535177281607 0.83210940348843454029 0.02309266037417044906 
0.91432669728682669508 0.00000000099999999998 0.08567330071317337536 0.00000000099999999998 
0.79090150488850674559 0.15361992293715134861 0.00000000099999999999 0.05547857117434203122 
0.78562611544387173090 0.00000000387144780863 0.00000000100000000000 0.21437387968468060717 
0.99999999699999997382 0.00000000099999999996 0.00000000099999999996 0.00000000099999999996 
0.99098655481918740406 0.00000000099999999999 0.00901344318081252587 0.00000000099999999999 
0.99999999699999997382 0.00000000099999999997 0.00000000099999999997 0.00000000099999999997 
0.99999999699999997382 0.00000000099999999996 0.00000000099999999996 0.00000000099999999996 
0.89272481217823074218 0.00000000100000000000 0.07479940114077768265 0.03247578568099161733 
0.99999999699999997382 0.00000000099999999999 0.00000000099999999999 0.00000000099999999999 
0.93658508800750461809 0.00000000099999999999 0.06341490999249545235 0.00000000099999999999 
0.99999999089165780841 0.00000000099999999999 0.00000000099999999999 0.00000000710834225293 
0.29060166386478969436 0.19393982578334895139 0.08425345717107411703 0.43120505318078722334 
0.94477087286358929497 0.00000000099999999999 0.00964795005305874379 0.04558117608335206239 
0.84954690446536684778 0.00000000100000000000 0.02879262926248128684 0.12166046527215178263 
0.99999999699999997382 0.00000000099999999999 0.00000000099999999999 0.00000000099999999999 
0.29987578484340504659 0.34815438067742277006 0.06894851348368075117 0.28302132099549148769 
0.76191447997054451147 0.10031443887319835273 0.00000000100000000000 0.13777108015625733062 
0.03815318166802348504 0.20528845129188391661 0.16420637745768396076 0.59235198958240864453 
0.81253616581829413157 0.06690097737679573386 0.08370577517962853042 0.03685708162528151394 
0.99999999699999997382 0.00000000099999999993 0.00000000099999999993 0.00000000099999999993 
0.99999999700000008485 0.00000000099999999999 0.00000000099999999999 0.00000000099999999999 
0.99999999700000008485 0.00000000099999999997 0.00000000099999999997 0.00000000099999999997 
0.99999999700000008485 0.00000000099999999992 0.00000000099999999992 0.00000000099999999992 
0.97635557854215726525 0.02364441945784275315 0.00000000100000000000 0.00000000100000000000 
0.99999999700000008485 0.00000000099999999994 0.00000000099999999994 0.00000000099999999994 
0.99999999699999997382 0.00000000099999999999 0.00000000099999999999 0.00000000099999999999 
0.99999999700000008485 0.00000000099999999999 0.00000000099999999999 0.00000000099999999999 
0.89304262555471103369 0.10695737244528893961 0.00000000099999999998 0.00000000099999999998 
0.98046918690706086341 0.00000000099999999999 0.01953081109293904050 0.00000000099999999999 
0.88292001306124456850 0.11707998493875546031 0.00000000099999999998 0.00000000099999999998 
0.99999999700000008485 0.00000000099999999995 0.00000000099999999995 0.00000000099999999995 
0.98178054630800182245 0.00000000100000000000 0.01821945169199811962 0.00000000100000000000 
0.97250318843692717952 0.00000000100000000000 0.00000000100000000000 0.02749680956307276949 
0.99999999699999997382 0.00000000099999999998 0.00000000099999999998 0.00000000099999999998 
0.99999999699999997382 0.00000000099999999998 0.00000000099999999998 0.00000000099999999998 
0.99999999700000008485 0.00000000099999999997 0.00000000099999999997 0.00000000099999999997 
0.99999999700000008485 0.00000000099999999996 0.00000000099999999996 0.00000000099999999996 
0.84655866458938389130 0.13667281486841259541 0.01676846385045867999 0.00000005669174483261 
0.11741421314371666695 0.30056298437905609733 0.11634182637016496353 0.46568097610706216116 
0.00509564045980838865 0.57652929745051806343 0.00000000425966166945 0.41837505783001205373 
0.00000000099999999999 0.99999999699999997382 0.00000000099999999999 0.00000000099999999999 
0.99999999699999997382 0.00000000099999999998 0.00000000099999999998 0.00000000099999999998 
0.99615457669162366106 0.00000000099999999999 0.00384542130837633436 0.00000000099999999999 
0.66267845230117050637 0.28093807667565834363 0.00000000100000000000 0.05638347002317121298 
0.12175835368286529181 0.85701212922556779805 0.00000000100000000000 0.02122951609156693495 
0.33797933561971238436 0.66202066238028756118 0.00000000099999999999 0.00000000099999999999 
0.16947324959472409578 0.69962363050417120114 0.04248639269527345469 0.08841672720583108880 
0.99999999699999997382 0.00000000099999999997 0.00000000099999999997 0.00000000099999999997 
0.07259437619704887934 0.84465735629564164810 0.08274826650730947308 0.00000000100000000000 
0.00255591603698805160 0.82803324867836791690 0.03948850123173199694 0.12992233405291195303 
0.18013205845252155957 0.78210412948110896725 0.00000000100000000000 0.03776381106636936963 
0.25518127556658848354 0.74481872243341151751 0.00000000100000000000 0.00000000100000000000 
0.13728910550001149904 0.84630553068382019521 0.00000000100000000000 0.01640536281616830974 
0.00000000100000000000 0.99375713318791458750 0.00000000100000000000 0.00624286481208549855 
0.01891893366871697305 0.93603189254832486199 0.00000000099999999998 0.04504917278295824529 
0.04069454641741223483 0.88365965080169228685 0.00736781525818421337 0.06827798752271131699 
0.13482238265141979761 0.63196973294139802135 0.08704609676420299591 0.14616178764297910186 
0.09606844991704123482 0.64012879800153299481 0.02580239484887227042 0.23800035723255363873 
0.26318974026783575892 0.66105132577722347520 0.07575893295494078028 0.00000000100000000000 
0.04110907580727428401 0.95889092219272575868 0.00000000099999999999 0.00000000099999999999 
0.14677917215783564675 0.74559124243782259889 0.09056364443576449264 0.01706594096857720275 
0.10213349613850031261 0.89786650186149985498 0.00000000099999999998 0.00000000099999999998 
0.56676848252161093900 0.17463369130094474890 0.25859782517744422936 0.00000000100000000000 
0.25644252176848680858 0.54018883832639641440 0.00000000100000000000 0.20336863890511669428 
0.12574595861391904550 0.87425403938608092780 0.00000000099999999999 0.00000000099999999999 
0.05244140906894581566 0.94755858893105404661 0.00000000099999999999 0.00000000099999999999 
0.19349887261572870645 0.77174946323440707374 0.03475166314986431748 0.00000000100000000000 
0.22028112713123196298 0.68853084712015544255 0.00000000100000000000 0.09118802474861269214 
0.28332384991769243854 0.64038004009806870354 0.07248671868408350372 0.00380939130015540191 
0.08407239398039176304 0.91592760401960826577 0.00000000099999999999 0.00000000099999999999 
0.22516709826994951715 0.77481600715412790592 0.00000000100000000000 0.00001689357592245691 
0.11332471413072170430 0.52691863881230915911 0.03836565914321513754 0.32139098791375392272 
0.01731346963020789428 0.20770545071606752452 0.02863663818238636194 0.74634444147133816028 
0.35096923057644258126 0.15191679229487925484 0.00000000100000000000 0.49711397612867813667 
0.38553111450312282926 0.58757539116320767203 0.00000000100000000000 0.02689349333366958597 
0.06794370783604002095 0.93205629016395996622 0.00000000099999999999 0.00000000099999999999 
0.17718266707089649903 0.79230904058594520123 0.03050829134315829333 0.00000000099999999999 
0.19369103906557916250 0.80164956221588701268 0.00465938340103217753 0.00000001531750155746 
0.22977566143784583508 0.76797833431837558837 0.00224600324377848643 0.00000000100000000000 
0.08104442730203886835 0.91895557069796118821 0.00000000099999999999 0.00000000099999999999 
0.00291946656735882042 0.99708053143264108176 0.00000000099999999998 0.00000000099999999998 
0.10367627112612297358 0.36928277170542495034 0.16832283328519306864 0.35871812388325896581 
0.19583297684088388224 0.69555500411248327719 0.03405072922913002925 0.07456128981750281826 
0.18425545435259563232 0.72742642220032505129 0.05435678359321313713 0.03396133985386612375 
0.13751260223059724730 0.86247795828604234547 0.00000000100000000000 0.00000943848336045363 
0.28179084382316194057 0.66752158667615424381 0.04103944880973146858 0.00964812069095234530 
0.00000000099999999998 0.99999999700000008485 0.00000000099999999998 0.00000000099999999998 
0.06837904159783092517 0.80329468163554151872 0.05440846817494636445 0.07391780859168119167 
0.30752993120500965452 0.23684708126035244891 0.14251361909826942842 0.31310936843636844040 
0.12251379073019531829 0.47872908452520285261 0.15016453244744165652 0.24859259229716015871 
0.15490064702490008441 0.65723305773545737107 0.12723738371736051378 0.06062891152228197522 
0.02342232245574856278 0.83651058311650117183 0.05955280867038724446 0.08051428575736313542 
0.05054310226449843652 0.92888830832313717956 0.02056858841236433588 0.00000000099999999999 
0.07688824065574483002 0.88215839707434462458 0.01075638877522395141 0.03019697349468660613 
0.00000000099999999999 0.00000000099999999999 0.81906885176272781202 0.18093114623727221679 
0.00000000099999999994 0.99999999700000008485 0.00000000099999999994 0.00000000099999999994 
0.17618437321319321831 0.79065345122002728129 0.01051752405590437346 0.02264465151087512867 
0.00000000099999999999 0.00000000099999999999 0.94284590132396783879 0.05715409667603202348 
0.21210315460500894780 0.64739923618376338244 0.14049760821122758703 0.00000000100000000000 
0.00000000099999999997 0.00000000099999999997 0.91018813562002831574 0.08981186237997164368 
0.20018304043921397728 0.79305259543625716834 0.00676436312452889568 0.00000000100000000000 
0.14800704435590525399 0.81591713458585246599 0.03607582005824221810 0.00000000100000000000 
0.00000000099999999997 0.99999999699999997382 0.00000000099999999997 0.00000000099999999997 
0.00000023102766688263 0.96413630612888268079 0.00000000099999999999 0.03586346184345035049 
0.05314620750931053211 0.94685379049068951751 0.00000000099999999998 0.00000000099999999998 
0.00000000099999999998 0.92552310356849298856 0.07447689443150699862 0.00000000099999999998 
0.21598495310446955142 0.64956649390640663899 0.01687357311301037471 0.11757497987611340018 
0.12186174691519618962 0.87813825108480392245 0.00000000099999999999 0.00000000099999999999 
0.08372815002464531475 0.87395585251942142779 0.01084726329751238907 0.03146873415842083715 
0.22088418426700440200 0.71355893671819048407 0.02709145846255305023 0.03846542055225209839 
0.00000000099999999996 0.99999999700000008485 0.00000000099999999996 0.00000000099999999996 
0.01365020290317541483 0.92476302139731303420 0.00000000099999999999 0.06158677469951157751 
0.15298891922753304895 0.69897646962778314794 0.08757096261139921123 0.06046364853328452249 
0.08651604804120009706 0.80953647139233009256 0.06988289466882201262 0.03406458589764777695 
0.00000000099999999999 0.99994703371194348929 0.00005296428805659187 0.00000000099999999999 
0.20773603150753180979 0.74871284006373817199 0.00000000099999999999 0.04355112742873003956 
0.00000000099999999999 0.70704768118032323976 0.20612610595565569738 0.08682621186402113278 
0.19197794057862158090 0.72967297909534367673 0.07834907932603460412 0.00000000100000000000 
0.01287447985546311471 0.97587859069482629781 0.00000000100000000000 0.01124692844971050473 
0.16448343832055506430 0.75339967445942190860 0.00000000099999999999 0.08211688622002319415 
0.10243847883383885855 0.82535692396216253641 0.07220459620399863332 0.00000000100000000000 
0.19262153854664695873 0.74743046685571823406 0.00000000099999999999 0.05994799359763473834 
0.07060094015814251389 0.78526303466487412663 0.01538385359879945735 0.12875217157818380498 
0.31573720062007631926 0.60737626547075174166 0.02241930750037518516 0.05446722640879681637 
0.06019736188114999109 0.54214183752049494025 0.02165050313909614235 0.37601029745925895753 
0.00000000099999999995 0.99999999699999997382 0.00000000099999999995 0.00000000099999999995 
0.13228900744905944253 0.84371970749974367632 0.02399128405119681923 0.00000000100000000000 
0.00000000099999999996 0.99999999700000008485 0.00000000099999999996 0.00000000099999999996 
0.19255436936266287495 0.78569244572633500923 0.00000000100000000000 0.02175318391100213022 
0.00000000099999999994 0.99999999699999997382 0.00000000099999999994 0.00000000099999999994 
0.14220785864194893100 0.85779213422081246332 0.00000000100000000000 0.00000000613723868665 
0.12871402893552769120 0.80722467869162151111 0.02446165802173664097 0.03959963435111412550 
0.04814760541279424627 0.92408180591072608401 0.00000000099999999999 0.02777058767647981596 
0.14288134842546248993 0.82485238867543531072 0.00741008056097808114 0.02485618233812415812 
0.16175890348790444850 0.72995227565565123928 0.05650681740977117617 0.05178200344667317073 
0.16018492104804332721 0.74574887464260597447 0.03624737243905477857 0.05781883187029603771 
0.04081013404194715893 0.70206167725315371531 0.25712818770489909159 0.00000000099999999999 
0.33602050010380291045 0.61163001052761101217 0.05234945717244218755 0.00000003219614385725 
0.20611342737575794049 0.45806726258660657169 0.02683097539748872593 0.30898833464014685557 
0.20930468971059199013 0.79042935201417119373 0.00000000099999999999 0.00026595727523676024 
0.10776030364148049545 0.74269361863023508619 0.02906751933027222970 0.12047855839801217825 
0.00000000099999999998 0.99999999699999997382 0.00000000099999999998 0.00000000099999999998 
0.12963809716991445131 0.75073671483362724999 0.01741936571113901489 0.10220582228531924218 
0.24280017700247685797 0.73793794923578426292 0.01926187276173875820 0.00000000100000000000 
0.00000000099999999995 0.99999999700000008485 0.00000000099999999995 0.00000000099999999995 
0.09379777327202569459 0.90620222472797440361 0.00000000099999999998 0.00000000099999999998 
0.08836549527096572432 0.87146508255575338975 0.02785632901011361739 0.01231309316316739864 
0.27093991346774343176 0.61775706640740124520 0.02305206935432527193 0.08825095077053002335 
0.00000000099999999998 0.99999999700000008485 0.00000000099999999998 0.00000000099999999998 
0.00000000099999999999 0.97598821919461231644 0.00000000099999999999 0.02401177880538785808 
