0.00000000099999999997 0.00000000099999999997 0.00000000099999999997 0.84426178991431199972 0.00000007651049050930 0.00000000099999999997 0.15573812957519744815 
0.00000000099999999997 0.00000000099999999997 0.00000000099999999997 0.82396874450868984319 0.00000000099999999997 0.00000000099999999997 0.17603125049131024271 
0.00000000099999999998 0.00000000099999999998 0.11608048100090938293 0.85804617782352488042 0.02041758890657104780 0.00545574926899461583 0.00000000099999999998 
0.17037655331089932020 0.08462248974425252979 0.04287586597569580105 0.62091444149179830791 0.00000000100000000000 0.08112976351289348520 0.00008088496446063095 
0.00374668961877859487 0.00000000099999999999 0.00237524641728882949 0.68375412415802216959 0.01048025909195175569 0.19871846167872128652 0.10092521803523758772 
0.02997159180301714812 0.00000012360744671915 0.04607947438735187501 0.73282181603389195956 0.00000000100000000000 0.08519531894861735732 0.10593167421967503161 
0.00700516168423356237 0.00000000099999999997 0.00000000099999999997 0.70466956239935696349 0.00000000099999999997 0.05307324454468089620 0.23525202837172848325 
0.00000000099999999998 0.00542005872873517220 0.00000000099999999998 0.68130089378811609091 0.05396953834283469559 0.15800354180415665528 0.10130596533615730814 
0.00000000099999999999 0.00000000099999999999 0.00000000099999999999 0.75095123691786958009 0.06878469809030836324 0.07289808758841732905 0.10736597440340472920 
0.03752769033569965801 0.04749267102661340612 0.00000000100000000000 0.70523093398312364233 0.00851915099116245904 0.03365787919446613929 0.16757167346893467319 
0.09520490276953733066 0.00886448765649564333 0.00000000099999999999 0.78183055640081811077 0.00000000099999999999 0.04275388218159136000 0.07134616899155755976 
0.07574370017396740706 0.00000000099999999999 0.00000000099999999999 0.92425629482603255394 0.00000000099999999999 0.00000000099999999999 0.00000000099999999999 
0.07108748971843123488 0.00000000099999999999 0.00000000099999999999 0.69309107106612410920 0.02429493054398775692 0.01800779578967598091 0.19351871088178104752 
0.08316680452470866236 0.13527427087726329180 0.00000000099999999994 0.78155892059802811733 0.00000000099999999994 0.00000000099999999994 0.00000000099999999994 
0.00969089850455072919 0.10562545208174042854 0.00000000100000000000 0.60329868178659773470 0.25258204048193499958 0.02880135507400493483 0.00000157107117118613 
0.00159664913828480885 0.03409803628210134052 0.02170883827841291192 0.73629727985912829524 0.06690811206992028359 0.04184004900947452948 0.09755103536267802078 
0.04888251974120452759 0.12837234903934929831 0.00472258248515698264 0.67933752853259987692 0.01209371472830280542 0.06622331262307648569 0.06036799285031011625 
0.00000000099999999998 0.00000000099999999998 0.00000000099999999998 0.59881762514912117989 0.12062544071595984740 0.08432394064823671431 0.19623299048668219058 
0.08830508973828915531 0.00000000100000000000 0.01146946386619828416 0.71688406728681985935 0.11074293739151787330 0.02552788928535167090 0.04707055143182300311 
0.00000000099999999999 0.19636750298780289437 0.00000000099999999999 0.74288394005829927469 0.06073641061184568979 0.00001214334205215846 0.00000000099999999999 
0.12607876864261621797 0.17137691957777695384 0.00000000099999999999 0.63819822700084560818 0.00000000099999999999 0.02408567143949368397 0.04026041133926774179 
0.03036662988034197208 0.17172688636656990857 0.00000000099999999999 0.63428103283617931485 0.00000000099999999999 0.02618930446892933292 0.13743614444797946916 
0.05902147129555738309 0.05491705689551825559 0.02482887651958647773 0.74631792731761958937 0.00000000100000000000 0.07153869215377195445 0.04337597481794636112 
0.03860766930947878012 0.01083642027186973271 0.00000000100000000000 0.50710502903060361568 0.14064236708214666871 0.11624272987486587716 0.18656578343103522033 
0.00000009072463488125 0.00000000099999999999 0.00000000099999999999 0.88669791241283313354 0.00000000099999999999 0.06719323553513244229 0.04610875832739976671 
0.00622290330190324210 0.04483193029225045895 0.00000000099999999999 0.66636035606343546611 0.03177038498871913308 0.09570740756952815509 0.15510701678416347060 
0.01162747648774365740 0.05288276166834054298 0.00000000099999999999 0.60609139610011475430 0.15004791709365811192 0.11909819474578910159 0.06025225290435379938 
0.00177701100568814722 0.00000000099999999999 0.03480067875474145145 0.81977034734746412337 0.05019904518780841929 0.09345291570429785366 0.00000000099999999999 
0.07331247568301769990 0.00000000100000000000 0.02379446010815980742 0.72581165246103873656 0.00000000100000000000 0.00000000802268258081 0.17708140172510120069 
0.06211331752760751446 0.17782112883470754805 0.01618851061329313820 0.63222865235243086435 0.00003139178317116111 0.08868293966899326586 0.02293405921979655565 
0.03572814449377059026 0.07565494650110014818 0.00000000100000000000 0.72452285572538199787 0.00010572529355711721 0.16398832598618995338 0.00000000100000000000 
0.06471135148545532900 0.10424105749602360915 0.00000000099999999999 0.83104758701852110558 0.00000000099999999999 0.00000000099999999999 0.00000000099999999999 
0.00034960934599931044 0.18099926719944633979 0.06100976309365928330 0.62216304764593022281 0.00000000099999999999 0.09621995836484395492 0.03925835335012095584 
0.00000000099999999999 0.06072453952569568242 0.00000000099999999999 0.81466878671368936349 0.00000000099999999999 0.12460666976061496314 0.00000000099999999999 
0.08417905855840164542 0.07120217881491819334 0.00050935265985019523 0.50681642393566339599 0.02494973161137216400 0.23982936108425223498 0.07251389333554222882 
0.09356914512340326617 0.00000000099999999999 0.00000000099999999999 0.67612909918995711678 0.02118830941142487920 0.00000000099999999999 0.20911344327521466657 
0.00000000099999999999 0.05389044595258764975 0.02769259473065060692 0.68964416615569335001 0.07004588085436258549 0.15872691030670565970 0.00000000099999999999 
0.00000000099999999996 0.00000000099999999996 0.00000000099999999996 0.83519902370232046440 0.03844843053393220966 0.00000000099999999996 0.12635254176374741131 
0.00000000099999999997 0.00000000099999999997 0.05851956991570500533 0.82223905799528740346 0.11924136808900762108 0.00000000099999999997 0.00000000099999999997 
0.00000000099999999998 0.00000000099999999998 0.04833299640213607751 0.86858324179462431669 0.08308375780323958015 0.00000000099999999998 0.00000000099999999998 
0.15186828474121522037 0.00000000099999999998 0.00000000099999999998 0.73548200060083424034 0.07278009086461072197 0.03986962079333970788 0.00000000099999999998 
0.03668405287449305607 0.00000000099999999998 0.04233012748654528534 0.73584338491898648726 0.01688256316756823680 0.00000000099999999998 0.16825986955240707088 
0.00276281948657761643 0.00013651312849343215 0.00000000100000000000 0.76842865078481858987 0.16110605423993479279 0.04850415360959146188 0.01906180775058400473 
0.03790015846965099494 0.00000000100000000000 0.00000000100000000000 0.65191122773620835407 0.03256908344707123287 0.08808063365817478396 0.18953889468889476011 
0.00000000099999999999 0.01466068893980924416 0.00000000099999999999 0.80908992566996429385 0.00000000099999999999 0.10647862682758538200 0.06977075556264100697 
0.00000000099999999997 0.00000000099999999997 0.03160793506197831504 0.76670296136556626010 0.13383773272301538459 0.00000000099999999997 0.06785136784944018062 
0.01506664824443012043 0.03806874020028979538 0.00873586027957162260 0.64707403482510172932 0.00000000099999999999 0.29105471445060671076 0.00000000099999999999 
0.03238221586966583826 0.00000000099999999999 0.00000000099999999999 0.71086289220176279713 0.04632777501474612952 0.13897335571075616900 0.07145375920306908102 
0.00000000099999999991 0.00000000099999999991 0.00000000099999999991 0.99999999399999994765 0.00000000099999999991 0.00000000099999999991 0.00000000099999999991 
0.01822664230574822658 0.00000000099999999998 0.00862303829462430366 0.92231608026818678869 0.00000000099999999998 0.05083423613144064795 0.00000000099999999998 
0.00000000099999999999 0.00000000099999999999 0.00000000099999999999 0.76759030040729514521 0.08735381291401922432 0.14505588267868546604 0.00000000099999999999 
0.00000000099999999990 0.00000000099999999990 0.00000000099999999990 0.99999999400000005867 0.00000000099999999990 0.00000000099999999990 0.00000000099999999990 
0.02325692708725240337 0.00000000099999999991 0.00000000099999999991 0.97674306791274767559 0.00000000099999999991 0.00000000099999999991 0.00000000099999999991 
0.11183384971197622704 0.06206508331351572733 0.03945472569807763341 0.62746373612542039044 0.12546461403345676722 0.03371799011755324121 0.00000000100000000000 
0.00000000099999999990 0.00000000099999999990 0.00000000099999999990 0.99999999400000005867 0.00000000099999999990 0.00000000099999999990 0.00000000099999999990 
0.15572279896259327847 0.05262718377447234835 0.01271551624866648113 0.63521866558826156623 0.01837769738683845203 0.12533813703916782401 0.00000000100000000000 
0.38753665984815782730 0.03951669965710063320 0.00000000099999999999 0.36249061544747057662 0.12902790373992661932 0.00000036622314915817 0.08142775408419522520 
0.59104276451388770841 0.00000000099999999998 0.00000000099999999998 0.40895723048611226647 0.00000000099999999998 0.00000000099999999998 0.00000000099999999998 
0.11339269654405802201 0.09809448655264980943 0.00000000099999999999 0.75257612608620616523 0.00907318966469403132 0.02686349915239185163 0.00000000099999999999 
0.24967708698811769130 0.05499483272297928105 0.00373667943760160612 0.52921116023914782645 0.14738299863711323834 0.01499724097504038720 0.00000000100000000000 
0.01752230464337264232 0.42142290279877975268 0.00000000099999999997 0.56105478855784773895 0.00000000099999999997 0.00000000099999999997 0.00000000099999999997 
0.01605048955642817896 0.00000000099999999994 0.00000000099999999994 0.96395269234275116066 0.00000000099999999994 0.01999681410082076310 0.00000000099999999994 
0.59464633865446869798 0.00000000099999999995 0.00000000099999999995 0.40535365634553138792 0.00000000099999999995 0.00000000099999999995 0.00000000099999999995 
0.59042212587557862946 0.00000000100000000000 0.00468223590309775010 0.27913306602617893315 0.00000000100000000000 0.12576256919514461341 0.00000000100000000000 
0.55722650099691228842 0.00000000099999999996 0.00000000099999999996 0.39051176000725917881 0.00000000099999999996 0.05226173499582851406 0.00000000099999999996 
0.11672003110022631522 0.00000000099999999997 0.00000000099999999997 0.69375105335854736488 0.00000000099999999997 0.18952891154122633588 0.00000000099999999997 
0.10435633483942934052 0.00508603894052067455 0.00000000099999999999 0.49500425458586783112 0.15223239647653233342 0.24332097315764988910 0.00000000099999999999 
0.03728013259723909206 0.00000000099999999999 0.00223748950503982122 0.75575060267471427800 0.05398202463859639449 0.15074974858441037018 0.00000000099999999999 
0.14638619492426008240 0.00000000099999999997 0.02025395265040825024 0.62606846192557119579 0.00000000099999999997 0.20729138749976042111 0.00000000099999999997 
0.15994927820419024833 0.00000000099999999999 0.03141994423770671369 0.80142643370640209710 0.00000000099999999999 0.00720434085170086440 0.00000000099999999999 
0.99999999400000005867 0.00000000099999999975 0.00000000099999999975 0.00000000099999999975 0.00000000099999999975 0.00000000099999999975 0.00000000099999999975 
0.99999999400000016969 0.00000000099999999968 0.00000000099999999968 0.00000000099999999968 0.00000000099999999968 0.00000000099999999968 0.00000000099999999968 
0.99999999400000016969 0.00000000099999999975 0.00000000099999999975 0.00000000099999999975 0.00000000099999999975 0.00000000099999999975 0.00000000099999999975 
0.44247441569463252797 0.00000000099999999998 0.00000000099999999998 0.44176756375875186889 0.00000000099999999998 0.11575801654661556361 0.00000000099999999998 
0.99999999400000005867 0.00000000099999999969 0.00000000099999999969 0.00000000099999999969 0.00000000099999999969 0.00000000099999999969 0.00000000099999999969 
0.99999999400000005867 0.00000000099999999986 0.00000000099999999986 0.00000000099999999986 0.00000000099999999986 0.00000000099999999986 0.00000000099999999986 
0.99999999400000005867 0.00000000099999999973 0.00000000099999999973 0.00000000099999999973 0.00000000099999999973 0.00000000099999999973 0.00000000099999999973 
0.99999999400000016969 0.00000000099999999978 0.00000000099999999978 0.00000000099999999978 0.00000000099999999978 0.00000000099999999978 0.00000000099999999978 
0.99999999400000016969 0.00000000099999999970 0.00000000099999999970 0.00000000099999999970 0.00000000099999999970 0.00000000099999999970 0.00000000099999999970 
0.95543009625292596443 0.00000000099999999997 0.00000000099999999997 0.00000000099999999997 0.00000000099999999997 0.00000000099999999997 0.04456989874707428106 
0.20011790963670866850 0.00000000100000000000 0.02756989477501384581 0.55767602752114397990 0.12663609373643794354 0.08800007233069562229 0.00000000100000000000 
0.99999999400000016969 0.00000000099999999983 0.00000000099999999983 0.00000000099999999983 0.00000000099999999983 0.00000000099999999983 0.00000000099999999983 
0.11587974193193380235 0.00000000099999999997 0.00000000099999999997 0.71169321215916392376 0.00000000099999999997 0.17242704190890228988 0.00000000099999999997 
0.99999999400000016969 0.00000000099999999977 0.00000000099999999977 0.00000000099999999977 0.00000000099999999977 0.00000000099999999977 0.00000000099999999977 
0.99999999400000016969 0.00000000099999999975 0.00000000099999999975 0.00000000099999999975 0.00000000099999999975 0.00000000099999999975 0.00000000099999999975 
0.00000000099999999973 0.00000000099999999973 0.00000000099999999973 0.00000000099999999973 0.00000000099999999973 0.99999999399999994765 0.00000000099999999973 
0.05239708752150236404 0.00000000099999999997 0.00000000099999999997 0.94760290747849773574 0.00000000099999999997 0.00000000099999999997 0.00000000099999999997 
0.06971164616713580731 0.00000000099999999994 0.00000000099999999994 0.71850282248432673082 0.00000000099999999994 0.21178552734853756112 0.00000000099999999994 
0.08460146554802870644 0.00000000099999999998 0.00000000099999999998 0.71618969907896712357 0.00000000099999999998 0.07936212708874050559 0.11984670528426352720 
0.05653040577640936620 0.00000000099999999993 0.00000000099999999993 0.72404619714119689000 0.00000000099999999993 0.21942339308239361406 0.00000000099999999993 
0.11314941791832829054 0.00000000099999999993 0.00000000099999999993 0.69127297838012757847 0.00000000099999999993 0.19557759970154406370 0.00000000099999999993 
0.08840063865834718593 0.00000000099999999999 0.00000000099999999999 0.60903935396083241915 0.09353820002219388752 0.20902180435862655061 0.00000000099999999999 
0.03631105568147992985 0.00000017950821076784 0.00000000100000000000 0.00000000100000000000 0.64605545673855002686 0.12929294017841014286 0.18834036589334918199 
0.00000000099999999996 0.80654139437859795336 0.00000000099999999996 0.00000000099999999996 0.09283487833213263651 0.10062372328926932896 0.00000000099999999996 
0.00000000099999999999 0.60610505755689247920 0.00000000099999999999 0.00000000099999999999 0.27235777191332694036 0.12153562559984368296 0.00000154192993695721 
0.27454272511491306652 0.00000000099999999999 0.00000000099999999999 0.66813930978098345914 0.00000000099999999999 0.05731796110410342787 0.00000000099999999999 
0.22211819079055122872 0.00000000099999999998 0.00000000099999999998 0.72150712199212774234 0.00000000099999999998 0.05637468321732100329 0.00000000099999999998 
0.12700821959788469173 0.00000000099999999999 0.00000000099999999999 0.00000000099999999999 0.00000000099999999999 0.87299177540211525539 0.00000000099999999999 
0.02565704419573008876 0.00000000099999999991 0.00000000099999999991 0.11875418183954897233 0.00000000099999999991 0.85558876996472099652 0.00000000099999999991 
0.00000000099999999997 0.00000000099999999997 0.00000000099999999997 0.18360601036446988488 0.00000000099999999997 0.81639398463553003449 0.00000000099999999997 
0.00000000099999999995 0.00000000099999999995 0.00000000099999999995 0.06942457202958129958 0.00000000099999999995 0.93057542297041861978 0.00000000099999999995 
0.00000000099999999996 0.00000000099999999996 0.00000000099999999996 0.19015991322746891856 0.00000000099999999996 0.80984008177253097305 0.00000000099999999996 
0.06731916081620642478 0.00000000099999999999 0.01354939571664044544 0.51117873767507726601 0.00000000099999999999 0.40795270279207579422 0.00000000099999999999 
0.00000000099999999994 0.00000000099999999994 0.00000000099999999994 0.15800674151833130066 0.00000000099999999994 0.84199325348166875749 0.00000000099999999994 
0.00000000099999999955 0.00000000099999999955 0.00000000099999999955 0.00000000099999999955 0.00000000099999999955 0.99999999400000005867 0.00000000099999999955 
0.30821834725168767433 0.00000000099999999998 0.00000000099999999998 0.00000000099999999998 0.05654531075583259930 0.63523633799247969378 0.00000000099999999998 
0.06892628994702131029 0.00000000099999999998 0.00000000099999999998 0.06989847346256862493 0.02417371258101119746 0.76624523189593907180 0.07075629011345986596 
0.00000000099999999982 0.00000000099999999982 0.00000000099999999982 0.00000000099999999982 0.00000000099999999982 0.99999999399999994765 0.00000000099999999982 
0.13040253557116648908 0.00000000099999999997 0.00000000099999999997 0.58521128120431953334 0.00000000099999999997 0.28438617922451392417 0.00000000099999999997 
0.27215309892783545731 0.03370912880021242897 0.03269686741006814362 0.35742787605296283404 0.10037495011894422003 0.20363806235708267756 0.00000001633289421162 
0.00000000099999999977 0.00000000099999999977 0.00000000099999999977 0.00000000099999999977 0.00000000099999999977 0.99999999399999994765 0.00000000099999999977 
0.00000000100000000000 0.01159942821152387324 0.04033882171001718087 0.21300336622832657940 0.01797534871888352426 0.71708303313124877043 0.00000000100000000000 
0.00000000099999999991 0.00000000099999999991 0.00000000099999999991 0.16095655543353884487 0.00000000099999999991 0.83904343956646121327 0.00000000099999999991 
0.00000000099999999980 0.00000000099999999980 0.00000000099999999980 0.00000000099999999980 0.00000000099999999980 0.99999999400000005867 0.00000000099999999980 
0.03560014732259416531 0.22759756523012600327 0.15710787382739488383 0.11349035910020431606 0.04797799742495129777 0.31215847188711726146 0.10606758520761211395 
0.00000000099999999996 0.00000000099999999996 0.00000000099999999996 0.17545930916904015073 0.00000000099999999996 0.82454068583095985190 0.00000000099999999996 
0.00000000099999999998 0.00000000099999999998 0.00000000099999999998 0.00000000099999999998 0.00392827180958408434 0.88910564324209495624 0.10696608094832110725 
0.08355567128441598879 0.00000000099999999994 0.00000000099999999994 0.16804425946790546575 0.00000000099999999994 0.74840006524767843654 0.00000000099999999994 
0.00000000099999999982 0.00000000099999999982 0.00000000099999999982 0.00000000099999999982 0.00000000099999999982 0.99999999399999994765 0.00000000099999999982 
0.05553933648226566655 0.00000000100000000000 0.01889929665611744455 0.73568340146298605298 0.00000000107428063752 0.18987796232435028010 0.00000000100000000000 
0.00000000099999999998 0.00000000099999999998 0.00000000099999999998 0.14079557355072594427 0.00000000099999999998 0.74685874494440696036 0.11234567750486719462 
0.00000000099999999999 0.52262557504579665313 0.00612797402935168212 0.00000000099999999999 0.00000000099999999999 0.00000000099999999999 0.47124644692485190278 
0.00000000099999999999 0.65384974390881356321 0.07284603143966554561 0.00000000099999999999 0.00000000099999999999 0.00000000099999999999 0.27330422065152110145 
0.00000000099999999997 0.31369010788321516348 0.16914375116043495195 0.15746954447601479998 0.00000000099999999997 0.00000000099999999997 0.35969659348033516943 
0.02474279441513468555 0.33415078224333816248 0.00000000099999999999 0.01280823362256035790 0.08860514202608833767 0.00032755972204962159 0.53936548697082886683 
0.00000000099999999997 0.80144536341535155266 0.00000000099999999997 0.00000000099999999997 0.00000000099999999997 0.00000000099999999997 0.19855463158464853324 
0.00000000100000000000 0.37879075333204992315 0.08617743833681149046 0.01408028613646488021 0.02732964181052952718 0.00000000100000000000 0.49362187838414417485 
0.00230883618432278434 0.37733634036342500462 0.04292052186637179689 0.00000000099999999998 0.00000000099999999998 0.00000000099999999998 0.57743429858588024572 
0.00000000099999999998 0.40064205084210469110 0.04142328298916134188 0.00798244633413587937 0.00000000099999999998 0.00000000099999999998 0.54995221683459794004 
0.00000000100000000000 0.43227378008109484941 0.00556997818941546308 0.10734920627521778169 0.03596091716706427410 0.00000000100000000000 0.41884611628720758159 
0.01325479152427911506 0.35201375223478498233 0.00000000099999999999 0.14325685296643594913 0.05190261794663857120 0.00000000099999999999 0.43957198332786145967 
0.00000177539914269782 0.39696596367386266513 0.00000000099999999999 0.16618776177767535795 0.00012337930643830156 0.00000000099999999999 0.43672111784288103475 
0.00000000099999999997 0.68969198344478810370 0.01846875535783870301 0.00000000099999999997 0.00000000099999999997 0.00000000099999999997 0.29183925719737324744 
0.00000000099999999999 0.76572817132427462017 0.00000000099999999999 0.00000000099999999999 0.03543992306840018647 0.00000000099999999999 0.19883190160732530649 
0.00000000099999999997 0.81344108639794765470 0.00000000099999999997 0.00000000099999999997 0.03267910209893145485 0.00000000099999999997 0.15387980750312096889 
0.00000000099999999999 0.37178639537857444131 0.00014030261603218487 0.06811785584584013897 0.02443644063860587676 0.00000000099999999999 0.53551900352094738977 
0.00000000099999999996 0.32969665806671394348 0.02160185978793540545 0.00000000099999999996 0.00000000099999999996 0.00000000099999999996 0.64870147814535061848 
0.01273244441304930731 0.40022016691154854717 0.00981537194297322016 0.10264175002912639956 0.02048739952011822268 0.00000000099999999999 0.45410286618318440599 
0.00000000099999999998 0.46048041958100904836 0.00000000099999999998 0.07757898553664599461 0.02947260512019453382 0.00000000099999999998 0.43246798676215025825 
0.00188554119894238656 0.56454616177522698450 0.00000000099999999999 0.14479945664580770592 0.10422349549028234184 0.01253066416801679704 0.17201467972172382326 
0.00000000099999999998 0.44568152775365788010 0.00000000099999999998 0.16674426638803013789 0.16689963632452767262 0.00000000099999999998 0.22067456653378425546 
0.00000000099999999997 0.34311538013884684828 0.00000000099999999997 0.04528792041201039342 0.10276022144892521526 0.01384149244917719408 0.49499498355104043501 
0.00000000099999999999 0.59883761655751754915 0.05069506003386838738 0.00000000099999999999 0.05601536727444027947 0.00000000099999999999 0.29445195313417393823 
0.00000000099999999999 0.52794992309913957307 0.07351881613126942661 0.00000091232565766037 0.07692728818615517106 0.00000000099999999999 0.32160305825777801836 
0.00000000099999999993 0.00000000099999999993 0.00000006616335616483 0.00000000099999999993 0.00000000099999999993 0.00000000099999999993 0.99999992883664379217 
0.00000000099999999991 0.00000000099999999991 0.00000000099999999991 0.00000000099999999991 0.00000000099999999991 0.00000000099999999991 0.99999999399999994765 
0.00000000099999999999 0.35206133985354592930 0.05080228815698762529 0.12601208171511013578 0.00000000099999999999 0.00000000099999999999 0.47112428727435617937 
0.00000000099999999992 0.00000000099999999992 0.00000000099999999992 0.00000000099999999992 0.00000000099999999992 0.00000000099999999992 0.99999999399999994765 
0.00000000099999999999 0.46110205014647714927 0.02380347772710194459 0.07279980058454650627 0.00000000099999999999 0.00000260864350005465 0.44229206089837419524 
0.00000000099999999989 0.00000000099999999989 0.00000000099999999989 0.00000000099999999989 0.00000000099999999989 0.00000000099999999989 0.99999999400000005867 
0.16476246539649297418 0.00000000100000000000 0.00000000100000000000 0.55766426558664661250 0.16559160400346045749 0.07557589412240095506 0.03640576889099898794 
0.04822219310870314024 0.31812470610390641834 0.00000000100000000000 0.18167619827852773962 0.12225866228914715472 0.00665290627675550663 0.32306533294295997072 
0.00000000099999999999 0.49819113291547700850 0.00000000099999999999 0.03196205419020326649 0.07962359466439866695 0.00000000099999999999 0.39022321522992103882 
0.04804911325648888315 0.38144947765182962707 0.09152230729920055041 0.00977669621609223750 0.00000000100000000000 0.02225788814696443019 0.44694451642942439884 
0.00708802933372806344 0.32223236201399191314 0.10622678682192029931 0.03065495102193582441 0.03919087363922504202 0.00000000099999999999 0.49460699616919889809 
0.00000000099999999997 0.28727617337348254622 0.00000000099999999997 0.12149816951257565167 0.02850252662924424030 0.00000000099999999997 0.56272312748469743848 
0.04453187359335732814 0.49986360047496058989 0.00000000099999999999 0.00000000099999999999 0.04933892591286838381 0.00000000099999999999 0.40626559701881381770 
0.02228944317357240204 0.55864307534707136060 0.00000000099999999999 0.00000000099999999999 0.00826848396102834726 0.00000000099999999999 0.41079899451832796453 
0.10873316658071320584 0.25136654247852269206 0.07061351866516489550 0.00000000099999999999 0.03455891472981787588 0.00000000099999999999 0.53472785554578117218 
0.00047669506726120416 0.28935998167941862080 0.07003319602087922091 0.02492882061838862240 0.06496182763095539880 0.00000000099999999999 0.55023947798309702506 
0.09057231934763695924 0.15753481541239483521 0.00000001921107452658 0.54745404574612865911 0.11062726706980260949 0.09381153221296231748 0.00000000100000000000 
0.19389854910378570563 0.15890889322962628571 0.00000000100000000000 0.48194079808745649007 0.05119253686583117441 0.11405922071330025502 0.00000000100000000000 
0.00000000099999999998 0.32659955179339666964 0.10292633362712429179 0.06340801547225512202 0.01994651310910832906 0.00000000099999999998 0.48711958399811544629 
0.04694623903870637216 0.00000000099999999991 0.00000000099999999991 0.10003747171112552239 0.00000000099999999991 0.85301628525016814919 0.00000000099999999991 
0.00000000099999999994 0.99999999400000016969 0.00000000099999999994 0.00000000099999999994 0.00000000099999999994 0.00000000099999999994 0.00000000099999999994 
0.00000000099999999998 0.44864404655163242497 0.01273689048308775454 0.00000000099999999998 0.20900307122937844539 0.00000000099999999998 0.32961598873590136627 
0.00000000099999999992 0.99999999400000005867 0.00000000099999999992 0.00000000099999999992 0.00000000099999999992 0.00000000099999999992 0.00000000099999999992 
0.00000000099999999997 0.07198760589104345742 0.02254219234376350980 0.00000000099999999997 0.22180054749468888775 0.00000000099999999997 0.68366965127050416395 
0.00000000099999999995 0.96620164016298537568 0.02267118102606710192 0.00000000099999999995 0.00000000099999999995 0.00000000099999999995 0.01112717481094756614 
0.00099107349044960267 0.46437516020893371271 0.02993662030995868778 0.14484247596250637846 0.12420137227254118839 0.00000000100000000000 0.23565329675561053069 
0.00000000099999999998 0.65277443926485900771 0.06447392603887533435 0.00000000099999999998 0.02698490198469571943 0.00000000099999999998 0.25576672971156994008 
0.00000000099999999996 0.62303882642323471508 0.04435405788608372951 0.00000000099999999996 0.06700456813082673879 0.00000000099999999996 0.26560254455985504718 
0.00000000099999999989 0.93973757327157181329 0.06026242172842823791 0.00000000099999999989 0.00000000099999999989 0.00000000099999999989 0.00000000099999999989 
0.00000000099999999989 0.95398957497030745234 0.04601042002969252948 0.00000000099999999989 0.00000000099999999989 0.00000000099999999989 0.00000000099999999989 
0.00000000099999999992 0.82802086138203412347 0.06466986997415692662 0.00000000099999999992 0.00000000099999999992 0.00000000099999999992 0.10730926464380913243 
0.00000000099999999997 0.99999999400000005867 0.00000000099999999997 0.00000000099999999997 0.00000000099999999997 0.00000000099999999997 0.00000000099999999997 
0.00000000099999999989 0.99999999400000016969 0.00000000099999999989 0.00000000099999999989 0.00000000099999999989 0.00000000099999999989 0.00000000099999999989 
0.00000000099999999996 0.96551514578359776131 0.01471153285139581782 0.01977331736500631196 0.00000000099999999996 0.00000000099999999996 0.00000000099999999996 
0.00000000099999999987 0.99999999400000005867 0.00000000099999999987 0.00000000099999999987 0.00000000099999999987 0.00000000099999999987 0.00000000099999999987 
0.00000000099999999996 0.99999999400000005867 0.00000000099999999996 0.00000000099999999996 0.00000000099999999996 0.00000000099999999996 0.00000000099999999996 
0.00000000099999999998 0.79489407175082893442 0.12768382486655976971 0.00000000099999999998 0.00000000099999999998 0.00000000099999999998 0.07742209938261138125 
0.02611339674377447656 0.52834653944775000767 0.07086786643420309173 0.09928758865568673708 0.01887656283135571988 0.04161394501909220639 0.21489410086813778844 
0.00000000099999999998 0.72334859479141522254 0.05774245042847226533 0.00000000099999999998 0.00000221025254819612 0.00000000099999999998 0.21890674152756445237 
0.00000000099999999997 0.53321428339797072304 0.00000000099999999997 0.00000000099999999997 0.10151553502774710025 0.00000000099999999997 0.36527017757428220657 
0.00000000099999999999 0.48342444098374220962 0.09267512541712191743 0.05747489646953397868 0.11164782806283357619 0.00000000099999999999 0.25477770706676838852 
0.00000000099999999998 0.73960509734502033474 0.10836811524271881824 0.00000000226997858980 0.15202678214228226850 0.00000000099999999998 0.00000000099999999998 
0.00000000099999999998 0.78564724276123298896 0.00000000099999999998 0.13110694825792856832 0.08324580498083837543 0.00000000099999999998 0.00000000099999999998 
0.00000000099999999997 0.81648967978180897465 0.00000000099999999997 0.16825526312578589772 0.01525505309240511240 0.00000000099999999997 0.00000000099999999997 
0.00000000099999999999 0.76192355111527643174 0.00000000099999999999 0.13946115916099999232 0.09169794467728605014 0.00000000099999999999 0.00691734204643761324 
0.00000000099999999998 0.35686841226953747164 0.08019645841245258422 0.00000000099999999998 0.03505611230936598460 0.00000000099999999998 0.52787901400864389867 
0.00000000099999999999 0.52710818714117491091 0.02179276862401796286 0.00000000099999999999 0.03386447014636999320 0.00000000099999999999 0.41723457108843725605 
0.00000000099999999993 0.99999992074291332855 0.00000000099999999993 0.00000000099999999993 0.00000007425708680268 0.00000000099999999993 0.00000000099999999993 
0.02924348138641345157 0.50907329249833310758 0.07919027815110873947 0.03076375363511804628 0.08672554555460812442 0.00000000099999999999 0.26500364777441831610 
0.00000000099999999999 0.50899906493269964081 0.14214520997718949058 0.05823891828362488116 0.11513230214989217393 0.00000000099999999999 0.17548450265659371050 
0.08504664507312446886 0.40895975618766727822 0.02621486087027395315 0.04627528986496269592 0.12269929009576578671 0.00000000099999999999 0.31080415690820589747 
0.00000000099999999996 0.36229709920592756411 0.09224059767425062117 0.00000000099999999996 0.17272236016813982684 0.00000000099999999996 0.37273993995168180904 
0.00000000099999999997 0.24116453527459028039 0.00000000099999999997 0.00000000099999999997 0.09714415811806106915 0.00000000099999999997 0.66169130260734865256 
0.00000000099999999999 0.24987244154199164670 0.04663972842245360517 0.02293427770933953447 0.22305189928608504246 0.00000000099999999999 0.45750165104013018613 
0.00000000099999999999 0.30944215775934086343 0.07228378961067151443 0.09078552593258043535 0.06623568091583247053 0.00000000482288526211 0.46125283995868948672 
0.01822955307190679206 0.45476572524791875063 0.01288303240789392262 0.08853308778064479523 0.15688812429493556588 0.00000000099999999999 0.26870047619670034411 
0.02997482081343378138 0.38513452341658893641 0.04728460996738137467 0.11905104571217356435 0.16159701304014625900 0.00000000099999999999 0.25695798605027619921 
0.00000000099999999996 0.40076845865090732213 0.08213862090558160522 0.00000000099999999996 0.12917096988801687885 0.00000000099999999996 0.38792194755549402885 
0.12188365261058634048 0.50796828563939677714 0.08469800226879636851 0.00000000099999999999 0.09235454380964032428 0.00000000099999999999 0.19309551367158028778 
0.15773599454129594299 0.43535887512078286221 0.06430776854165186351 0.00000000100000000000 0.04692390541996720177 0.00886329571565803651 0.28681015966064404843 
0.06473957422414740315 0.43270046461692218687 0.07025870035404549463 0.00000000100000000000 0.00000000100000000000 0.00126880219873449899 0.43103245660615052692 
0.16391637153125226956 0.32931232545451721849 0.03873487014798347033 0.00000000099999999999 0.03832327036086061872 0.00000000099999999999 0.42971316050538654885 
0.00000000099999999999 0.36250112452016081122 0.11530042280021680912 0.00000000099999999999 0.13846474429925123562 0.00000000099999999999 0.38373370538037115951 
0.00000000099999999998 0.51831563030294036665 0.05212285184089804346 0.07260678355289215680 0.00000000099999999998 0.00000000099999999998 0.35695473130326949018 
0.00000000099999999999 0.38715944317475520231 0.05588097011984732160 0.04910794496978534290 0.04670360363902917311 0.00000000099999999999 0.46114803609658300276 
0.00000000099999999998 0.40952341024110511247 0.12412124797605518511 0.00000000099999999998 0.13668185495019077869 0.00000000099999999998 0.32967348383264888367 
0.00000000099999999999 0.90635117680049581690 0.00369443473751801489 0.07848485358849871529 0.00000000099999999999 0.00000000099999999999 0.01146953187348753733 
0.00000000099999999995 0.16578686401184261623 0.00000000099999999995 0.00000000099999999995 0.83421313098815752518 0.00000000099999999995 0.00000000099999999995 
0.00000000099999999998 0.27245420565078792841 0.05274442032221587917 0.00000000099999999998 0.67480137002699625004 0.00000000099999999998 0.00000000099999999998 
0.00000000099999999996 0.09890357272254050869 0.00970686377158220225 0.00000000099999999996 0.89138955950587717147 0.00000000099999999996 0.00000000099999999996 
0.00000000099999999997 0.20824109823542116815 0.02564777272537522787 0.00000000099999999997 0.76611112503920375527 0.00000000099999999997 0.00000000099999999997 
0.03282967614819239793 0.00014987405242009732 0.07270665920270666382 0.10317186324287364041 0.67583337031567070063 0.00000000100000000000 0.11530855603813634780 
0.00000000100000000000 0.40178998595866000088 0.05470475714329200295 0.00000000100000000000 0.53043835050528398423 0.01306685067229191102 0.00000005372047193114 
0.06949063273647429484 0.15075645618836458484 0.04386266467538948999 0.59931319259545612343 0.00000000100000000000 0.13657705180431545244 0.00000000100000000000 
0.06068844347291852542 0.00000000100000000000 0.02805110396350685500 0.09981024032769546250 0.81145020923587929396 0.00000000100000000000 0.00000000100000000000 
0.00000000100000000000 0.42970071431845247023 0.00797359914711675936 0.15066308071963807613 0.41166260281479249983 0.00000000100000000000 0.00000000100000000000 
0.00000000099999999999 0.25310876712468088900 0.01294916317150381253 0.06403312092320198601 0.66990894578061321862 0.00000000099999999999 0.00000000099999999999 
0.00000000100000000000 0.42337376474647364644 0.02553439699642280625 0.11397393612633122117 0.18187080772444252919 0.01019752023133029158 0.24504957317499953540 
0.02705248765997575813 0.00000000099999999997 0.00000000099999999997 0.00000000099999999997 0.95690421874899300736 0.01604328959103139274 0.00000000099999999997 
0.06470445447591074983 0.28147917588164095282 0.02608552420081551929 0.05031348757364981911 0.55906111977987904549 0.01835623708810385502 0.00000000100000000000 
0.00000000099999999999 0.13674383713193732914 0.00000000099999999999 0.04581515745929944788 0.81739985906692957940 0.00004114334183358054 0.00000000099999999999 
0.00000000099999999996 0.25785614174995580283 0.00526000297493920896 0.00000000099999999996 0.66998915552823035124 0.00000000099999999996 0.06689469674687453793 
0.00000000099999999997 0.19553963602156090862 0.00000000099999999997 0.00000000099999999997 0.80446035897843903850 0.00000000099999999997 0.00000000099999999997 
0.00000000099999999998 0.07007274765293687591 0.00000000099999999998 0.00000000099999999998 0.92992724734706300183 0.00000000099999999998 0.00000000099999999998 
0.00000000099999999995 0.37652141016605983337 0.11156707583847234877 0.03867351126255176574 0.47323799973291602594 0.00000000099999999995 0.00000000099999999995 
0.00000000099999999999 0.33324957633516993916 0.03804404539492263482 0.07207256049095647765 0.55663381477895101934 0.00000000099999999999 0.00000000099999999999 
0.01073296297713750846 0.29205684990570712767 0.00000000099999999998 0.00000000099999999998 0.69721018311715543536 0.00000000099999999998 0.00000000099999999998 
0.00000000099999999993 0.00000000099999999993 0.00000000099999999993 0.00000000099999999993 0.99999999400000005867 0.00000000099999999993 0.00000000099999999993 
0.00000000099999999992 0.00000000099999999992 0.00000000099999999992 0.00000000099999999992 0.99999999400000005867 0.00000000099999999992 0.00000000099999999992 
0.00000000099999999992 0.00000000099999999992 0.00000000099999999992 0.00000000099999999992 0.99999999399999994765 0.00000000099999999992 0.00000000099999999992 
0.00000000099999999993 0.03691734668684585469 0.00000000099999999993 0.00000000099999999993 0.96308264831315404386 0.00000000099999999993 0.00000000099999999993 
0.00000000099999999997 0.29111201145265153123 0.00000000099999999997 0.00000000099999999997 0.70888798354734849916 0.00000000099999999997 0.00000000099999999997 
0.00000000100000000000 0.19928756554565971171 0.00000000100000000000 0.00000000100000000000 0.80071174978608017359 0.00000000100000000000 0.00000068066826010303 
0.00000000099999999998 0.17454764286514548588 0.00000000099999999998 0.00000000099999999998 0.81295252622323888048 0.01249982691161563748 0.00000000099999999998 
0.00000000099999999998 0.19856755654136876155 0.04335262691947099761 0.03006076424011708270 0.72801904929904315278 0.00000000099999999998 0.00000000099999999998 
0.03314724071781767478 0.28443565423801497882 0.00000000099999999999 0.00325020459680843126 0.63996906647608953200 0.03919783197126926882 0.00000000099999999999 
0.00000000099999999999 0.19324090187036446764 0.01982574983938103705 0.02816055930690784456 0.65249305915666200306 0.02751029807967101184 0.07876943074701370229 
0.00000000100000000000 0.00000000100000000000 0.02436146078937485165 0.11975704162799515051 0.32501014190630173051 0.53087135206068125637 0.00000000161564694849 
0.02373061503897299154 0.00000000100000000000 0.00000000100000000000 0.00000000100000000000 0.00000008146375444378 0.79685049790489237420 0.17941880259238016104 
0.00000000099999999997 0.03056211521950703836 0.00000000099999999997 0.00000000099999999997 0.88438320201332309978 0.08505467876716985010 0.00000000099999999997 
0.03984842129280759954 0.26995838493886620268 0.00000000099999999997 0.00000000099999999997 0.69019318976832622070 0.00000000099999999997 0.00000000099999999997 
0.12885029995575247863 0.02644150234088586335 0.00000000099999999999 0.09085636267500489527 0.72860503066742199341 0.00000000099999999999 0.02524680236093483285 
