0.00000000099999999992 0.00000000099999999992 0.99999999299999997593 0.00000000099999999992 0.00000000099999999992 0.00000000099999999992 0.00000000099999999992 0.00000000099999999992 
0.00000000099999999991 0.00000000099999999991 0.99999999300000008695 0.00000000099999999991 0.00000000099999999991 0.00000000099999999991 0.00000000099999999991 0.00000000099999999991 
0.00000011656289841360 0.08063118421435137850 0.83704397088289794748 0.08232468068951839801 0.00000003180659957927 0.00000000099999999998 0.00000001384373433083 0.00000000099999999998 
0.00000171877635278234 0.02863570618259318398 0.71136754369420540645 0.00000000099999999999 0.00000000099999999999 0.06936720616689627528 0.00000000099999999999 0.19062782217995252743 
0.00000000099999999998 0.00000000099999999998 0.75827059927355922042 0.03865757587607100004 0.00000000099999999998 0.18456581360121881996 0.00000000099999999998 0.01850600724915105535 
0.00000000099999999999 0.04618912022922275901 0.79969971870495004662 0.05317718459036308021 0.00000000099999999999 0.05237899122151509074 0.00000000100868063905 0.04855498224526834383 
0.00000000099999999997 0.00000000099999999997 0.70511315133270469069 0.07499991742986743259 0.00000000099999999997 0.03872395249372094506 0.15249259416166122127 0.02867038158204565299 
0.00000000099999999998 0.00000000099999999998 0.75282305922626402417 0.03502224152768892290 0.01149448651034344453 0.15274122576807311336 0.04791898396763038387 0.00000000099999999998 
0.00000000099999999998 0.00000000099999999998 0.93860994581031131911 0.00000000099999999998 0.01903273373627226844 0.04235731545341642201 0.00000000099999999998 0.00000000099999999998 
0.00203871927266171963 0.00000000099999999999 0.85848643169747196335 0.02216183538533517822 0.00000000099999999999 0.00902366704949761518 0.06355257775352546323 0.04473676684150815208 
0.00000000099999999999 0.00000000099999999999 0.80924882888203619746 0.07525082286770914952 0.00000000099999999999 0.02045036709552358264 0.00000000099999999999 0.09504997715473116615 
0.00000000099999999997 0.00000000099999999997 0.86892491113139158632 0.05541258100122724295 0.00000000099999999997 0.00000000099999999997 0.00000000099999999997 0.07566250286738114561 
0.00000000099999999998 0.00000000099999999998 0.90673524913055569829 0.00000000099999999998 0.00000000099999999998 0.00000000099999999998 0.01221737940653871979 0.08104736646290572333 
0.08498894051777655667 0.00000000099999999993 0.80940166182611539281 0.00004251415206844476 0.00000000099999999993 0.00000000099999999993 0.00000000099999999993 0.10556687950403956244 
0.04219562679994729587 0.00000000100000000000 0.69690182576568560080 0.04256322276939775162 0.21794020278838480142 0.00019491568877582548 0.00000000100000000000 0.00020420418780859505 
0.00206924114785748741 0.02949256069150856321 0.83690107488391785040 0.06465467966377101694 0.06290140184346984520 0.00000000100000000000 0.00398103976947506832 0.00000000100000000000 
0.11225515755754016112 0.00000000100000000000 0.62729841773134409344 0.14903821688356530539 0.00000000100000000000 0.05184375586075416764 0.00000000100000000000 0.05956444896679644746 
0.00000000099999999996 0.00000000099999999996 0.80338616269797713532 0.00000000099999999996 0.07492280786064804687 0.04283039227004833971 0.07886063317132642470 0.00000000099999999996 
0.00000000099999999999 0.00000000099999999999 0.68651197635461269630 0.13668844771612717603 0.06985527808907067426 0.01428963501534088326 0.00000000099999999999 0.09265465982484852314 
0.15998097972129871058 0.00000000099999999997 0.83999906296895887614 0.00000000099999999997 0.00001995230974258336 0.00000000099999999997 0.00000000099999999997 0.00000000099999999997 
0.15103489963945346264 0.00000000099999999998 0.57439756447630363478 0.12840073342396929323 0.00000000099999999998 0.00957829913954960990 0.00000000123070779898 0.13658850009001613501 
0.15357917267810608508 0.00000000099999999999 0.70102230753384364714 0.04178090221413791050 0.00000000099999999999 0.01467462729360496064 0.04508624206023858355 0.04385674622006882628 
0.00000000405218700603 0.01694693800037868486 0.86962849200014735729 0.00000000099999999998 0.00000000099999999998 0.03218097562311314497 0.00000000099999999998 0.08124358732417406859 
0.00000052595588024619 0.00000000099999999998 0.75586216832723029935 0.00000000099999999998 0.15495548730989966435 0.06635636427360108724 0.00000000118271927267 0.02282545095066940838 
0.00000000099999999996 0.00000000099999999996 0.94174518909384619114 0.01424266997892728419 0.00000000099999999996 0.04401213592722657414 0.00000000099999999996 0.00000000099999999996 
0.00581460263831519789 0.00000000099999999998 0.84352196232719711677 0.00000000099999999998 0.00000000099999999998 0.06367693401020031729 0.08094996287976381766 0.00603653514452359621 
0.05165985289991643914 0.00000000099999999999 0.58502267721996559224 0.14102687809118358286 0.11074777401281529765 0.09864579695046575558 0.00083308567670266646 0.01206393414895071299 
0.00000000099999999997 0.00000000099999999997 0.84078783154412284340 0.04305604385408122459 0.00000000099999999997 0.06907306782739648654 0.00000000099999999997 0.04708305277439950309 
0.00000000099999999999 0.00581219577441060165 0.66909074555112668659 0.14604344787453854559 0.00000000099999999999 0.00000000099999999999 0.11975734138389144967 0.05929626641603286813 
0.14984278828259117722 0.00432986396753116433 0.62782403627764937770 0.08111595469777012346 0.00000045785727743292 0.06769798299980987755 0.00000000100000000000 0.06918891491737097499 
0.02610086461696168800 0.00000000099999999999 0.74970505772802187305 0.05947336467596156528 0.00000000099999999999 0.13956618799797385067 0.00000000099999999999 0.02515452198108105580 
0.05111669871836606316 0.00000000099999999997 0.78003844668852917454 0.09444045651719887302 0.00000000099999999997 0.00000000099999999997 0.00000000099999999997 0.07440439407590587750 
0.15664330146982710645 0.06066992470778145852 0.55919866932421724570 0.13608921729263265266 0.00000000099999999999 0.08364873474330757064 0.00000079889141692342 0.00374935257081701005 
0.02438821465324781182 0.00000000099999999998 0.46763624270091447288 0.38979513399030624177 0.00000000099999999998 0.11818040465553150686 0.00000000099999999998 0.00000000099999999998 
0.04833787980980618765 0.00754503193150298998 0.46764544432598614820 0.09246988082843098089 0.02241714042147164090 0.21877618585903749193 0.04443292472949176425 0.09837551209427287946 
0.00409168275239473779 0.00000000099999999998 0.74967190633450342396 0.04557809772509134605 0.00000000099999999998 0.00000000099999999998 0.10822576160682662039 0.09243254858118410411 
0.02635276263492085033 0.01951780058384855812 0.70553896890356460059 0.08280069947600951497 0.03090641908708968363 0.13488334731456688709 0.00000000099999999999 0.00000000099999999999 
0.00000000099999999994 0.00000000099999999994 0.95392429536654455013 0.04607569863345541139 0.00000000099999999994 0.00000000099999999994 0.00000000099999999994 0.00000000099999999994 
0.00000000099999999990 0.00000000099999999990 0.99999999300000008695 0.00000000099999999990 0.00000000099999999990 0.00000000099999999990 0.00000000099999999990 0.00000000099999999990 
0.00000000099999999991 0.00000000099999999991 0.99999999300000008695 0.00000000099999999991 0.00000000099999999991 0.00000000099999999991 0.00000000099999999991 0.00000000099999999991 
0.00000000099999999997 0.00000000099999999997 0.63472950166224051394 0.12868335747108056166 0.04091070242793890671 0.03691733149006616588 0.00000000099999999997 0.15875910394867379094 
0.00000000099999999998 0.03201208599140292765 0.67413407306994954649 0.16948063640065738622 0.00000000099999999998 0.00000000099999999998 0.08151128600821275216 0.04286191552977731967 
0.00000000099999999999 0.00000000099999999999 0.72430577520655892165 0.11373648214235466958 0.11711770464021656335 0.03937067275682527845 0.00000000099999999999 0.00546936225404437513 
0.00000000099999999999 0.00000000099999999999 0.85041810644507587202 0.03258810407990153646 0.00000000099999999999 0.01746187575228327557 0.03971071643604656698 0.05982119428669261524 
0.00000000099999999996 0.00000000099999999996 0.89629221043893370080 0.03204219814357212037 0.00000000099999999996 0.07166558641749427860 0.00000000099999999996 0.00000000099999999996 
0.00000000099999999993 0.00000000099999999993 0.99999999299999997593 0.00000000099999999993 0.00000000099999999993 0.00000000099999999993 0.00000000099999999993 0.00000000099999999993 
0.01189851752046400431 0.00000000459203413100 0.48241276189715487366 0.21591672673224815426 0.00000000099999999999 0.27854548072137669257 0.00000000099999999999 0.01122650653672206504 
0.00000000099999999999 0.00000000099999999999 0.63006811676793739174 0.18853248936057642737 0.00000130942808197428 0.12480546204292558565 0.02018347861003868746 0.03640914179043982374 
0.00000000099999999954 0.00000000099999999954 0.00000000099999999954 0.99999999299999997593 0.00000000099999999954 0.00000000099999999954 0.00000000099999999954 0.00000000099999999954 
0.00000000099999999994 0.00000000099999999994 0.15397370848770131069 0.82545710988812392994 0.00000000099999999994 0.02056917662417482098 0.00000000099999999994 0.00000000099999999994 
0.00000000099999999999 0.00000000099999999999 0.85268032578101182750 0.00000000099999999999 0.00000000099999999999 0.14731966821898823117 0.00000000099999999999 0.00000000099999999999 
0.00000000099999999953 0.00000000099999999953 0.00000000099999999953 0.99999999300000008695 0.00000000099999999953 0.00000000099999999953 0.00000000099999999953 0.00000000099999999953 
0.00000000099999999960 0.00000000099999999960 0.00000000099999999960 0.99999999300000008695 0.00000000099999999960 0.00000000099999999960 0.00000000099999999960 0.00000000099999999960 
0.06692401538301745445 0.03317226688633435894 0.21390957671783333849 0.45028263800757789559 0.11498478314728916017 0.03351630626193889684 0.00000000100000000000 0.08721041259600899320 
0.00000000099999999954 0.00000000099999999954 0.00000000099999999954 0.99999999300000008695 0.00000000099999999954 0.00000000099999999954 0.00000000099999999954 0.00000000099999999954 
0.05698828404330807257 0.00001404625495962610 0.40084122697999502449 0.26904261208153190665 0.00359914909884177228 0.12236644597340766427 0.00000000100000000000 0.14714823456795586565 
0.04218964413289263971 0.00000000099999999999 0.19294322802292909746 0.17473272997399766360 0.12534548712658216685 0.00419139662919592714 0.06944666703481258696 0.39115084607958988672 
0.00000000099999999998 0.00000000099999999998 0.13713578518542060558 0.23842276364962686208 0.00000000099999999998 0.00000000099999999998 0.00000000099999999998 0.62444144616495245170 
0.07645976011778725379 0.00000000099999999999 0.43204055902974047854 0.35084658877488250628 0.00000000303362283414 0.03464193053851633702 0.00000000099999999999 0.10601115650545063496 
0.06078072890977127135 0.00000033579068187141 0.14998440286979256020 0.38574199972277783965 0.13673615184753090679 0.03437043833406179527 0.00000000100000000000 0.23238594152538366577 
0.36727270560825636680 0.00000000099999999990 0.00000000099999999990 0.63272728839174363635 0.00000000099999999990 0.00000000099999999990 0.00000000099999999990 0.00000000099999999990 
0.00000000099999999991 0.00000000099999999991 0.00000000099999999991 0.99999999081007928670 0.00000000099999999991 0.00000000318992063986 0.00000000099999999991 0.00000000099999999991 
0.00000000099999999996 0.00000000099999999996 0.07710689459354100328 0.30909998965576246377 0.00000000099999999996 0.01233172888420489520 0.00000000099999999996 0.60146138286649164506 
0.00000046466693138153 0.00851028858370765987 0.17545033779025231979 0.09964783177596822639 0.00000122436478053001 0.12918194317872722099 0.00000064263641716067 0.58720726700321557168 
0.00000000099999999996 0.00000000099999999996 0.27777397892544097857 0.12860901223157256146 0.00000000099999999996 0.04289886154239434118 0.00000000099999999996 0.55071814330059210008 
0.00000000099999999996 0.00000000099999999996 0.47157437238986832373 0.20206505802349711276 0.00000000099999999996 0.20265086104246343712 0.00000000099999999996 0.12370970454417121176 
0.00000000099999999999 0.00000000099999999999 0.22009189080024771368 0.30394927970267199280 0.14143819025494999697 0.24561589226301655531 0.00000000099999999999 0.08890474397911395099 
0.00000000099999999999 0.00000000099999999999 0.40046723792711308443 0.36169743067006199233 0.04006637843881934863 0.15446968697403928861 0.00000000099999999999 0.04329926298996625289 
0.00000000099999999997 0.01743873628223896466 0.38511087374190933197 0.25980263248383694830 0.00000000099999999997 0.19800430382171360644 0.00000000099999999997 0.13964345067030117797 
0.00000000099999999999 0.01637795807636976270 0.37123626150863264783 0.43948917978323714939 0.00000000099999999999 0.01922703364782457972 0.00000000099999999999 0.15366956398393596950 
0.00000000099999999972 0.00000000099999999972 0.00000000099999999972 0.00000000099999999972 0.00000000099999999972 0.00000000099999999972 0.00000000099999999972 0.99999999300000008695 
0.00000000099999999964 0.00000000099999999964 0.00000000099999999964 0.00000000099999999964 0.00000000099999999964 0.00000000099999999964 0.00000000099999999964 0.99999999299999997593 
0.00000000099999999971 0.00000000099999999971 0.00000000099999999971 0.00000000099999999971 0.00000000099999999971 0.00000000099999999971 0.00000000099999999971 0.99999999299999997593 
0.00000000099999999995 0.00000000099999999995 0.46330298420029769613 0.00000000099999999995 0.00000000099999999995 0.09034515021464487039 0.00000000099999999995 0.44635186058505743611 
0.00000000099999999965 0.00000000099999999965 0.00000000099999999965 0.00000000099999999965 0.00000000099999999965 0.00000000099999999965 0.00000000099999999965 0.99999999299999997593 
0.00000000099999999983 0.00000000099999999983 0.00000000099999999983 0.00000000099999999983 0.00000000099999999983 0.00000000099999999983 0.00000000099999999983 0.99999999299999997593 
0.00000000099999999969 0.00000000099999999969 0.00000000099999999969 0.00000000099999999969 0.00000000099999999969 0.00000000099999999969 0.00000000099999999969 0.99999999300000008695 
0.00000000099999999977 0.00000000099999999977 0.00000000099999999977 0.00000000099999999977 0.00000000099999999977 0.00000000099999999977 0.00000000099999999977 0.99999999299999997593 
0.00000000099999999966 0.00000000099999999966 0.00000000099999999966 0.00000000099999999966 0.00000000099999999966 0.00000000099999999966 0.00000000099999999966 0.99999999300000008695 
0.00000000099999999996 0.00000000099999999996 0.00000000099999999996 0.00000000099999999996 0.00000000099999999996 0.00000000099999999996 0.05222990545263146017 0.94777008854736854992 
0.00000000100000000000 0.02221118408249849255 0.39891955325562200585 0.18550029111471630361 0.10387725313481975531 0.09326908213732242048 0.00000000100000000000 0.19622263427502101285 
0.00000000099999999982 0.00000000099999999982 0.00000000099999999982 0.00000000099999999982 0.00000000099999999982 0.00000000099999999982 0.00000000099999999982 0.99999999299999997593 
0.00000000099999999997 0.00000000099999999997 0.44970088882500863781 0.24947699179007137849 0.00000000099999999997 0.18216211296908751960 0.00000000099999999997 0.11866000241583254948 
0.00000000099999999975 0.00000000099999999975 0.00000000099999999975 0.00000000099999999975 0.00000000099999999975 0.00000000099999999975 0.00000000099999999975 0.99999999300000008695 
0.00000000099999999972 0.00000000099999999972 0.00000000099999999972 0.00000000099999999972 0.00000000099999999972 0.00000000099999999972 0.00000000099999999972 0.99999999299999997593 
0.00000000099999999969 0.00000000099999999969 0.00000000099999999969 0.00000000099999999969 0.00000000099999999969 0.99999999299999997593 0.00000000099999999969 0.00000000099999999969 
0.00000000099999999996 0.00000000099999999996 0.62605862096168762854 0.31498105595648845378 0.00000000099999999996 0.00000000099999999996 0.00000000099999999996 0.05896031808182392725 
0.00000000099999999994 0.00000000099999999994 0.26670966502869003500 0.42966175615396168253 0.00000000099999999994 0.23997690092615536761 0.00000000099999999994 0.06365167389119305574 
0.00000000099999999998 0.00000000099999999998 0.37966011337664912206 0.35044517767585853241 0.00000000099999999998 0.08447527059796450244 0.10222937660089186085 0.08319005874863594219 
0.00000000099999999994 0.00000000099999999994 0.29380089215747240416 0.40553085899506219336 0.00000000099999999994 0.24700133874031018899 0.00000000099999999994 0.05366690610715520171 
0.00000000099999999993 0.00000000099999999993 0.15492133544238750886 0.50722351001283383365 0.00000000099999999993 0.21918484714034822125 0.00000000099999999993 0.11867030340443054937 
0.00000000099999999998 0.00000000099999999998 0.41592094682471186795 0.20379971916009156918 0.07546470234068491933 0.20376942132394396112 0.00000000099999999998 0.10104520735056775338 
0.00000000110714886860 0.00000000100000000000 0.00000000100000000000 0.00000000100000000000 0.66071595839837937714 0.15546536713414008113 0.18237471544241551369 0.00144395491791626091 
0.79632382307746751859 0.00000000099999999995 0.00000000099999999995 0.00000000099999999995 0.09940848187839113059 0.10426769004414145059 0.00000000099999999995 0.00000000099999999995 
0.67240030316361842910 0.00000000099999999999 0.00000000099999999999 0.00000000099999999999 0.21995655985625883755 0.10764313198012273598 0.00000000099999999999 0.00000000099999999999 
0.00000000099999999998 0.00000000099999999998 0.16136117245623365912 0.55111634005955456583 0.00000000099999999998 0.03612296590563575382 0.00000000099999999998 0.25139951757857614822 
0.00000000099999999997 0.00000000099999999997 0.34987396832913714162 0.38991292485759820874 0.00000000099999999997 0.04731706455892834007 0.00000000099999999997 0.21289603825433620066 
0.00000000099999999994 0.00000000099999999994 0.00000000099999999994 0.20858360496044353605 0.00000000099999999994 0.76276092157167996177 0.00000000099999999994 0.02865546846787656379 
0.00000000099999999989 0.00000000099999999989 0.00000000099999999989 0.19160431295065499802 0.00000000099999999989 0.80839568104934500514 0.00000000099999999989 0.00000000099999999989 
0.00000000099999999998 0.00000000099999999998 0.13224523608094790328 0.06191989618968740672 0.00000000099999999998 0.80583486272936477590 0.00000000099999999998 0.00000000099999999998 
0.00000000099999999994 0.00000000099999999994 0.00000000099999999994 0.10899377381350569549 0.00000000099999999994 0.89100622018649444644 0.00000000099999999994 0.00000000099999999994 
0.00000000099999999996 0.00000000099999999996 0.04920962619225344864 0.17343155250924868760 0.00000000099999999996 0.77735881629849790109 0.00000000099999999996 0.00000000099999999996 
0.00000000099999999998 0.00000002072227330903 0.46444450748639670712 0.06050215817996770079 0.00000000099999999998 0.39238126211389368070 0.00000000099999999998 0.08267204849746863371 
0.00000000099999999995 0.00000000099999999995 0.07328294635680483726 0.08859060611705944777 0.00000000099999999995 0.83812644252613577311 0.00000000099999999995 0.00000000099999999995 
0.00000000099999999947 0.00000000099999999947 0.00000000099999999947 0.00000000099999999947 0.00000000099999999947 0.99999999299999997593 0.00000000099999999947 0.00000000099999999947 
0.00000000099999999999 0.00271625999638245045 0.00000000099999999999 0.00000000099999999999 0.05965943831557966176 0.62305290060045070977 0.00000000099999999999 0.31457139708758719010 
0.00000000099999999998 0.00000000099999999998 0.06502137652846408378 0.04011224890637991175 0.02528227652963500535 0.74776539617122306236 0.05846011646539983619 0.06335858339889820223 
0.00000000099999999980 0.00000000099999999980 0.00000000099999999980 0.00000000099999999980 0.00000000099999999980 0.99999999300000008695 0.00000000099999999980 0.00000000099999999980 
0.00000000099999999996 0.00000000099999999996 0.36569627515369407256 0.22427662481196869448 0.00000000099999999996 0.28752397096804138688 0.00000000099999999996 0.12250312506629588982 
0.01794643824446875285 0.02965395017534455668 0.23755108968379209933 0.15154637790946204334 0.09848697785836933727 0.19364297333085331299 0.00000000100000000000 0.27117219179770996051 
0.00000000099999999973 0.00000000099999999973 0.00000000099999999973 0.00000000099999999973 0.00000000099999999973 0.99999999300000008695 0.00000000099999999973 0.00000000099999999973 
0.00000039707760745105 0.03611700017097198290 0.25563433186900108574 0.01181663235155247169 0.00000000100000000000 0.69643163553086706585 0.00000000100000000000 0.00000000100000000000 
0.00000000099999999987 0.00000000099999999987 0.00000000099999999987 0.17875853307791636504 0.00000000099999999987 0.82124146092208361036 0.00000000099999999987 0.00000000099999999987 
0.00000000099999999979 0.00000000099999999979 0.00000000099999999979 0.00000000099999999979 0.00000000099999999979 0.99999999299999997593 0.00000000099999999979 0.00000000099999999979 
0.20260361381013972104 0.15890026667969192609 0.20365130811330833804 0.00000000099999999999 0.04258050737475790881 0.29089933454356026177 0.08003094898418132430 0.02133401949436040945 
0.00000000099999999994 0.00000000099999999994 0.00000000099999999994 0.18051947500695961213 0.00000000099999999994 0.81948051899304041878 0.00000000099999999994 0.00000000099999999994 
0.00000000099999999998 0.00000000099999999998 0.00000000099999999998 0.00611528520570503095 0.02645115095288490259 0.86496484378709748153 0.10246871605431266683 0.00000000099999999998 
0.00000000099999999994 0.00000000099999999994 0.04449096617898209288 0.15949389673332151074 0.00000000099999999994 0.72449596521003245542 0.00000000099999999994 0.07151916787766400552 
0.00000000099999999980 0.00000000099999999980 0.00000000099999999980 0.00000000099999999980 0.00000000099999999980 0.99999999300000008695 0.00000000099999999980 0.00000000099999999980 
0.00000000099999999999 0.00000000099999999999 0.52952612565714474169 0.22520982021819757612 0.00000000099999999999 0.19257660111110896928 0.00000000099999999999 0.05268744901354872889 
0.00000000099999999998 0.00000000099999999998 0.03711020131795719074 0.11515186862594925521 0.00002323399173274205 0.73565105389382334788 0.11206363917053741019 0.00000000099999999998 
0.52080196446407167610 0.00000001850626441218 0.00000000490093434601 0.00000000099999999999 0.00000000099999999999 0.00000000099999999999 0.47919800812872959117 0.00000000099999999999 
0.65104036124831110577 0.07369170910053103596 0.00000787772244986788 0.00000000895383221584 0.00000000099999999999 0.00000000099999999999 0.27526003997487563657 0.00000000099999999999 
0.29779305861646926390 0.16531243064874584503 0.14541942176567262957 0.02523333704463422839 0.00000000099999999998 0.00000000099999999998 0.36624174892447813878 0.00000000099999999998 
0.30846023118029652910 0.00000000099999999999 0.01612257810815051137 0.02060476411201086697 0.08645938247307621838 0.00000000099999999999 0.54412923526027245913 0.02422380686619332243 
0.79636010562192327544 0.00000000099999999997 0.00000000099999999997 0.00000000099999999997 0.00000000099999999997 0.00000000099999999997 0.20363988837807694976 0.00000000099999999997 
0.36256575513053995730 0.08074643025629291149 0.05025789536991261131 0.00000000099999999999 0.02804771211199676498 0.00000000099999999999 0.47838220413125764896 0.00000000099999999999 
0.34707212003675214085 0.04246536159219161527 0.05914102494971108098 0.00000000099999999997 0.00000000099999999997 0.00000000099999999997 0.55132148942134495684 0.00000000099999999997 
0.36000989913478459448 0.03913035150626612002 0.08324648409663297499 0.00000000099999999996 0.00000000099999999996 0.00000000099999999996 0.51761326126231621547 0.00000000099999999996 
0.40580686855821729297 0.00502407343348870283 0.08482134519665639194 0.04144390702326088138 0.03884207733629249648 0.00000000408879802473 0.42406172336328601391 0.00000000100000000000 
0.31594836472081905265 0.00000000099999999999 0.17512775821383369523 0.00000000099999999999 0.05710396179663910360 0.00000000099999999999 0.42462388473388446020 0.02719602753482364479 
0.35368818843568300414 0.00000000099999999999 0.19302144661108244783 0.01043244172903983087 0.00000000099999999999 0.00000000099999999999 0.42732226729095490469 0.01553565293323986782 
0.68885992145355934291 0.01974466252575363470 0.00312069092660855699 0.00000000099999999996 0.00000000099999999996 0.00000000099999999996 0.28827472109407858980 0.00000000099999999996 
0.77708872806283035839 0.00000000099999999999 0.00000000099999999999 0.00000000099999999999 0.03859443403873680928 0.00000000099999999999 0.18431683289843275864 0.00000000099999999999 
0.79397803419700363481 0.00000000099999999997 0.00000000099999999997 0.02079501657373816412 0.02749065972766651794 0.00000000099999999997 0.15773628550159177197 0.00000000099999999997 
0.37966060213698432646 0.00000086747260534071 0.11277430514860080357 0.00969499530910800968 0.00927170649326326986 0.00000000099999999999 0.48859752143943824265 0.00000000099999999999 
0.32015544910420529190 0.02942245574389791216 0.00000000101259434648 0.00000000099999999996 0.00000000099999999996 0.00000000099999999996 0.65042209013930218919 0.00000000099999999996 
0.37300982165247370537 0.00708841964771922666 0.15674264496485215692 0.00000000099999999998 0.02804591640087648885 0.00000000099999999998 0.42945962487591726742 0.00565357045816119227 
0.43955242258817212031 0.00000000099999999998 0.10486977390807150634 0.00000000099999999998 0.01864629185542882733 0.00000000099999999998 0.43693150764832744404 0.00000000099999999998 
0.53661875470536357646 0.00000000099999999999 0.07309617286591373053 0.08696263759148040173 0.10235606413514310165 0.01165045960102772428 0.17949733865363343144 0.00981857144743793209 
0.41889775704228104924 0.00000000099999999998 0.09649564360072904190 0.08696487080343935638 0.16666056369175960561 0.00000000099999999998 0.23098116186179076803 0.00000000099999999998 
0.31524284495355814339 0.00000000099999999997 0.10435650826855319417 0.00000000099999999997 0.08927280292699223130 0.00001030736783922236 0.49111753348305720035 0.00000000099999999997 
0.54831566351841543039 0.05603888472763027956 0.00000000099999999999 0.01042224605969983668 0.06163349667380070562 0.00000000099999999999 0.32358970602045372678 0.00000000099999999999 
0.47814392803909361307 0.07535519414047180120 0.00000000099999999999 0.00560714809648102559 0.08783499231834669685 0.00000000099999999999 0.35305873440560686660 0.00000000099999999999 
0.00000000099999999992 0.00000000099999999992 0.00000000099999999992 0.00000000099999999992 0.00000000099999999992 0.00000000099999999992 0.99999999299999986491 0.00000000099999999992 
0.00000000099999999990 0.00000000099999999990 0.00000000099999999990 0.00000000099999999990 0.00000000099999999990 0.00000000099999999990 0.99999999299999986491 0.00000000099999999990 
0.33109513915564364739 0.04777286623081196393 0.05722509416181577324 0.09622291131875249093 0.00000000099999999998 0.00000000099999999998 0.46768398613297601507 0.00000000099999999998 
0.00000000099999999991 0.00000000099999999991 0.00000000099999999991 0.00000000099999999991 0.00000000099999999991 0.00000000099999999991 0.99999999299999986491 0.00000000099999999991 
0.43557421223563125290 0.02472212697888521299 0.02080481667785123723 0.06715923380828149603 0.00000000099999999999 0.00000000099999999999 0.45173960729935080938 0.00000000099999999999 
0.00000000099999999987 0.00000000099999999987 0.00000000099999999987 0.00000000099999999987 0.00000000099999999987 0.00000000099999999987 0.99999999299999986491 0.00000000099999999987 
0.00000232703056508692 0.00000000100000000000 0.45544597079621390590 0.12467705609051342452 0.16542809869075392193 0.08387492385795550232 0.00113326883389406751 0.16943835370010398855 
0.28310394743047390120 0.00000000100000000000 0.16573043282335700455 0.04908879489620057712 0.12162470685173527862 0.00406025090117624003 0.32714597104818737838 0.04924589504886938557 
0.45480073004059273778 0.00000000099999999999 0.00000000099999999999 0.05820410415484553873 0.08225311087364206575 0.00000000099999999999 0.40474205093091952801 0.00000000099999999999 
0.37777609192202138422 0.08330944357688645219 0.00000000100000000000 0.01462139757997847449 0.00000000100000000000 0.02029941369395623502 0.45157633384628903528 0.05241731738086839731 
0.30661963360447652693 0.10160464595694812528 0.02348809956359907553 0.04213061988246141754 0.04508169027003086637 0.00000000099999999999 0.48107530872248405185 0.00000000099999999999 
0.27460559528881661739 0.00000000099999999997 0.08698810956497712854 0.05394050410119009820 0.03329858075179543270 0.00000000099999999997 0.55116720729322066230 0.00000000099999999997 
0.47077811225192023326 0.00000000099999999999 0.00000000099999999999 0.01118584658527227785 0.06366632447165457287 0.00000000099999999999 0.41417842298817536539 0.04019129070297749323 
0.52346310267138640437 0.00000000099999999999 0.00000000099999999999 0.00415620977116900291 0.02078430777729110140 0.00000000260169504500 0.42955555678678442044 0.02204081839167400247 
0.21036777370019987821 0.06650578162277659411 0.05512923189625384968 0.00000000099999999998 0.03086290938461243652 0.00000000099999999998 0.54149666044105071450 0.09563764095510658703 
0.23613311217472399139 0.05983937931968944662 0.10279140702290036347 0.00000000099999999997 0.05133393846204797883 0.00000000099999999997 0.54990216002063807554 0.00000000099999999997 
0.12878518868008087539 0.00000009545131422207 0.37104760032072059417 0.18708451939122938690 0.10580188946015421647 0.09416481171597000654 0.00000000100000000000 0.11311589398053063793 
0.00253115017932229814 0.00000000100000000000 0.38040061873801434000 0.14427851861512266951 0.13414148974716147422 0.12417046217794157348 0.00000000100000000000 0.21447775854243772420 
0.30029389894777952508 0.09809888928669312225 0.04971960465465942447 0.03499037744299721836 0.02025520200261090795 0.00000000099999999998 0.49664202566525977867 0.00000000099999999998 
0.00000000099999999989 0.00000000099999999989 0.00000000099999999989 0.15604570607483997380 0.00000000099999999989 0.82425324401047894707 0.00000000099999999989 0.01970104491468127952 
0.99999998371826537280 0.00000000099999999993 0.00000000099999999993 0.00000000099999999993 0.00000001028173476582 0.00000000099999999993 0.00000000099999999993 0.00000000099999999993 
0.45524367735176318739 0.00926811025675182247 0.00529099107535424464 0.00000000099999999997 0.19497410160212627628 0.00000000099999999997 0.33522311671400450983 0.00000000099999999997 
0.99999999300000008695 0.00000000099999999991 0.00000000099999999991 0.00000000099999999991 0.00000000099999999991 0.00000000099999999991 0.00000000099999999991 0.00000000099999999991 
0.00070682445673171516 0.03422831151747400547 0.00000000099999999997 0.01427995950454527714 0.23130626953534430545 0.00000000099999999997 0.71947863198590467082 0.00000000099999999997 
0.86818070270679237321 0.02605908927723858334 0.00000000099999999994 0.04671874236186918800 0.00000000099999999994 0.00000000099999999994 0.05904146165409990266 0.00000000099999999994 
0.44959302637833553629 0.02290966176544236704 0.10744851465514497491 0.05923467947404133238 0.11935226783874036682 0.00000000100000000000 0.23694235814770014947 0.00451949074059542280 
0.64229219855093699909 0.06148704163070154577 0.00000000099999999997 0.00000000099999999997 0.03930850818486694015 0.00000000099999999997 0.25691224763349457261 0.00000000099999999997 
0.61937850557667006868 0.04063193770498634699 0.00000000099999999995 0.00000000099999999995 0.06872835183343646570 0.00000000099999999995 0.27126120088490718318 0.00000000099999999995 
0.94830235936881812631 0.05169763463118198094 0.00000000099999999986 0.00000000099999999986 0.00000000099999999986 0.00000000099999999986 0.00000000099999999986 0.00000000099999999986 
0.96561079143753236753 0.03438920256246782298 0.00000000099999999987 0.00000000099999999987 0.00000000099999999987 0.00000000099999999987 0.00000000099999999987 0.00000000099999999987 
0.85197842875777374250 0.05697834235943755044 0.00000000099999999991 0.00000000099999999991 0.00000000099999999991 0.00000000099999999991 0.09104322388278879297 0.00000000099999999991 
0.99999999300000008695 0.00000000099999999997 0.00000000099999999997 0.00000000099999999997 0.00000000099999999997 0.00000000099999999997 0.00000000099999999997 0.00000000099999999997 
0.99999999300000019797 0.00000000099999999987 0.00000000099999999987 0.00000000099999999987 0.00000000099999999987 0.00000000099999999987 0.00000000099999999987 0.00000000099999999987 
0.92697930191142463574 0.01683996946240143983 0.05618072362617401033 0.00000000099999999995 0.00000000099999999995 0.00000000099999999995 0.00000000099999999995 0.00000000099999999995 
0.99999999300000008695 0.00000000099999999985 0.00000000099999999985 0.00000000099999999985 0.00000000099999999985 0.00000000099999999985 0.00000000099999999985 0.00000000099999999985 
0.99999999300000019797 0.00000000099999999996 0.00000000099999999996 0.00000000099999999996 0.00000000099999999996 0.00000000099999999996 0.00000000099999999996 0.00000000099999999996 
0.75363491875495369765 0.13357451077618354152 0.00000000099999999998 0.00767298291850848635 0.00000000099999999998 0.00000000099999999998 0.10511758355035429047 0.00000000099999999998 
0.49973718129200833671 0.06795361756505838291 0.08041172850005283423 0.04936006357071132805 0.01707169534810064337 0.03675560502679625641 0.22852617358340310272 0.02018393511386920927 
0.66970628133886533906 0.05255549547910922520 0.00000000099999999998 0.03975543202715736690 0.00050695093717120689 0.00000000099999999998 0.23747583721769691123 0.00000000099999999998 
0.49338105766498868698 0.00000038373915985710 0.00000000099999999996 0.00000000099999999996 0.10445709539486688899 0.00000000099999999996 0.40216145920098439470 0.00000000099999999996 
0.45067073470700547144 0.08888720159901955520 0.09093419249482412314 0.00000000099999999999 0.10737943009548876760 0.00000000099999999999 0.26212843810366220909 0.00000000099999999999 
0.71117842472453407510 0.10998907856982506615 0.00000000680511524624 0.01002128487639543201 0.16881120202413021913 0.00000000099999999999 0.00000000099999999999 0.00000000099999999999 
0.77200019939154396198 0.00000000099999999996 0.00000000099999999996 0.16725401787640786777 0.06074577773204815206 0.00000000099999999996 0.00000000099999999996 0.00000000099999999996 
0.79940692301515836604 0.00000000099999999997 0.00000000099999999997 0.19870012047647944708 0.00189295150836222203 0.00000000099999999997 0.00000000099999999997 0.00000000099999999997 
0.74707399940388841131 0.00000000099999999998 0.00000000099999999998 0.16573567153600277102 0.08624918899597701361 0.00000000099999999998 0.00094113606413182742 0.00000000099999999998 
0.33190100345661416315 0.07595167857681865697 0.00000000099999999998 0.03918868162276007566 0.02123262945547717967 0.00000000099999999998 0.53172600388832969021 0.00000000099999999998 
0.47541772086975758738 0.01997437148668160939 0.00000000099999999998 0.04511034774007988829 0.02475817580563621084 0.00000000099999999998 0.43473938109784465711 0.00000000099999999998 
0.99572175436202126075 0.00000000250387771581 0.00000000099999999992 0.00000000099999999992 0.00427823813410110540 0.00000000099999999992 0.00000000099999999992 0.00000000099999999992 
0.46385972043087142502 0.07685367542391279005 0.00000000099999999999 0.07574034048467076508 0.08801306937083494542 0.00000000099999999999 0.27969789533267730430 0.01583529695703287873 
0.46171726696991738370 0.13481298567369648378 0.00000000099999999998 0.10305707318468992906 0.11200441512551484458 0.00000000099999999998 0.18840825604618133271 0.00000000099999999998 
0.38903277229907068380 0.01866634829301986459 0.00000078436992984968 0.06728004846809586270 0.12312905783675780202 0.00000000099999999999 0.32969028148947904233 0.07220070624364707812 
0.33415593402788673627 0.09363397113871956001 0.00000000099999999996 0.00000000099999999996 0.17549631118378478112 0.00000000099999999996 0.39671377964960885532 0.00000000099999999996 
0.22258621969328307166 0.00000000099999999996 0.00000000099999999996 0.00000000099999999996 0.09811232714570214397 0.00000000099999999996 0.67930144816101467597 0.00000000099999999996 
0.21309888365242452002 0.03220812046693936198 0.00000000099999999998 0.08220794249241288043 0.19878064624858959863 0.00000000099999999998 0.47370440413963371684 0.00000000099999999998 
0.26386917209186938615 0.06151531462568297914 0.12059006617764844727 0.00000000099999999999 0.06214029291863264887 0.00000000099999999999 0.49188515118616643607 0.00000000099999999999 
0.41209637781759905772 0.01629084755546651719 0.01808667460628066506 0.08205165175184576942 0.15730625885914747975 0.00000000099999999999 0.29894748710366608746 0.01522070130599460606 
0.33297472455419285797 0.03524762757703082255 0.00000000099999999998 0.19081242658049452077 0.15417265285905529248 0.00000000099999999998 0.28679214416236809004 0.00000042226685839334 
0.38321253094268997730 0.08022718917698511143 0.00000000099999999995 0.00000000099999999995 0.13298113438185485413 0.00000000099999999995 0.40357914149846996210 0.00000000099999999995 
0.47136014981594825946 0.08432941192000854846 0.00000000099999999998 0.00000000099999999998 0.10069668083601973629 0.00000000099999999998 0.21944644206184224511 0.12416731236618139267 
0.40957275685484806349 0.06154894903305699327 0.00000000100000000000 0.01617374809016918977 0.04609997079940734294 0.01011659049097593521 0.30277226103776977428 0.15371572269377264952 
0.43021861917670117803 0.07131897313187292309 0.00000000099999999999 0.00000000099999999999 0.00308094622629668429 0.00341485601580927963 0.42480985550000366358 0.06715674794931650315 
0.31798902938751183456 0.03852865703326359414 0.00000000099999999999 0.00000000099999999999 0.05636134882947580610 0.00000000099999999999 0.42038138591158269453 0.16673957583816598205 
0.32952716426547401518 0.10656676508984042062 0.00000000099999999999 0.00000000099999999999 0.13967145365834388038 0.00000000099999999999 0.42423461298634168593 0.00000000099999999999 
0.48304132301277735717 0.05685971945438988984 0.07114495128887554642 0.01658158320972414126 0.00000000099999999998 0.00000000099999999998 0.37237242003423298708 0.00000000099999999998 
0.35237673046208728422 0.04623353002666222983 0.07744627740782483727 0.00000000099999999999 0.04666475756998940405 0.00000000099999999999 0.47727870153343626702 0.00000000099999999999 
0.37437049775355424330 0.11465735763127078706 0.00000000099999999998 0.00000756201478990877 0.13966267529920750601 0.00000000099999999998 0.37130190430117748779 0.00000000099999999998 
0.86193235580880445124 0.01116957703768842701 0.08619554607969660831 0.02517216942519457518 0.00000000099999999999 0.00000000099999999999 0.01553034864861578719 0.00000000099999999999 
0.15165935808509650728 0.00000000099999999994 0.00000000099999999994 0.00000000099999999994 0.84834063591490360690 0.00000000099999999994 0.00000000099999999994 0.00000000099999999994 
0.24320813465799723252 0.04991857095565555708 0.00000000099999999998 0.03717861197796032413 0.66969467840838692307 0.00000000099999999998 0.00000000099999999998 0.00000000099999999998 
0.08529805548405917925 0.01479017008041108756 0.00000000099999999996 0.00000000099999999996 0.89991176943552975143 0.00000000099999999996 0.00000000099999999996 0.00000000099999999996 
0.19226669235538812464 0.02383402937658447504 0.00000000099999999997 0.00000000099999999997 0.78389927326802744112 0.00000000099999999997 0.00000000099999999997 0.00000000099999999997 
0.00000000100000000000 0.11159682130145177903 0.00005203980725166961 0.19045539113866438719 0.59244647874976663626 0.00000000100000000000 0.10544926600286556873 0.00000000100000000000 
