0.00000000099999999992 0.00000000099999999992 0.00000000099999999992 0.00000000099999999992 0.74297977452603403137 0.00000000099999999992 0.00000000099999999992 0.25702021847396600007 0.00000000099999999992 
0.00000000099999999992 0.00000000099999999992 0.00000000099999999992 0.00000000099999999992 0.68777493644427512010 0.00000000099999999992 0.00000000099999999992 0.31222505655572480032 0.00000000099999999992 
0.00000000099999999972 0.00000000099999999972 0.00000000099999999972 0.00000000099999999972 0.00000000099999999972 0.00000000099999999972 0.00000000099999999972 0.99999999199999989319 0.00000000099999999972 
0.05377409992507403008 0.16560426083910817496 0.00000000099999999998 0.00000000099999999998 0.63930208433902668830 0.00000000099999999998 0.02745260487453467235 0.11386694602225636008 0.00000000099999999998 
0.16957986647746756126 0.00000000099999999997 0.00000000099999999997 0.00000000099999999997 0.76481675379395575032 0.00000000099999999997 0.00000000099999999997 0.06403096691569866439 0.00157240781287823202 
0.03890619559714189601 0.03214512684501695527 0.02365211646455537761 0.00000000099999999999 0.61949399963145790338 0.00000000099999999999 0.02062968327936607130 0.23687284039426365068 0.02830003578819795251 
0.02408415916380637206 0.00931314482338840323 0.15306446542307811098 0.00000000099999999997 0.67458675897663522569 0.00000000099999999997 0.00000000099999999997 0.08026749592002402345 0.05868397269306795117 
0.12990904655095913967 0.00000000099999999998 0.04429706358222134516 0.00000000099999999998 0.61403985901590296681 0.00547521227506131240 0.00000000099999999998 0.18308914513692231552 0.02318967043893298274 
0.03298464153826246442 0.00000000099999999998 0.00000000099999999998 0.00000000099999999998 0.69714186957111068388 0.00039012998975153861 0.00000000099999999998 0.26948335390087535535 0.00000000099999999998 
0.00000000099999999999 0.00000000124292195287 0.07195932587052349116 0.00000000099999999999 0.89387260420725278554 0.00000000099999999999 0.00000000099999999999 0.02945351036635585756 0.00471455431294602254 
0.00000000873559446338 0.05325763466657688211 0.00000000099999999999 0.00000000099999999999 0.83753559557723822326 0.00000000099999999999 0.00000000099999999999 0.06571700940114318101 0.04348974761944737755 
0.00000000099999999997 0.00903530883968745903 0.00000000099999999997 0.00000000099999999997 0.94229303138532671813 0.00000000099999999997 0.00000000099999999997 0.02583734510426305420 0.02283430967072296383 
0.00000000099999999994 0.00000000099999999994 0.00000000099999999994 0.00000000099999999994 0.99999999200000011523 0.00000000099999999994 0.00000000099999999994 0.00000000099999999994 0.00000000099999999994 
0.00000000099999999992 0.04321093107280893353 0.00000000099999999992 0.05296031414688438105 0.84017380524764340155 0.00000000099999999992 0.00000000099999999992 0.06365494453266333508 0.00000000099999999992 
0.00000000099999999999 0.00000000099999999999 0.00000000099999999999 0.05584202297680509325 0.61465880381794502085 0.20305512722011040405 0.00000000099999999999 0.07922279178027291646 0.04722125020486649116 
0.00000000099999999999 0.00000000099999999999 0.00000000099999999999 0.00000000099999999999 0.75358606180616116710 0.04270325817829872389 0.02654849929081243981 0.13923917456548121074 0.03792300215924665485 
0.03603306793030487676 0.02073574878216916106 0.00000000100000000000 0.10262623071739551683 0.65873517123813885021 0.00000000100000000000 0.00007526714980754486 0.04349895745112428852 0.13829555473105969998 
0.01698124341226644671 0.00000000099999999995 0.05523452049998136409 0.00000000099999999995 0.83433198003132702514 0.09345225105642505914 0.00000000099999999995 0.00000000099999999995 0.00000000099999999995 
0.00000000855146501278 0.05846076582709051200 0.00000000099999999999 0.00000000099999999999 0.69694737735463863082 0.08561443472281175804 0.00000000099999999999 0.04653892924093245426 0.11243848130306158262 
0.00000000099999999997 0.00000000099999999997 0.00000000099999999997 0.12692576036492086988 0.63858736933618831522 0.00000000099999999997 0.00000000099999999997 0.23448686429889084581 0.00000000099999999997 
0.00000000099999999997 0.09764019309680609104 0.00000000099999999997 0.11182696970240253720 0.68312406633024946867 0.00000000099999999997 0.00000000099999999997 0.00000000099999999997 0.10740876587054208613 
0.00000000099999999998 0.00000000099999999998 0.03738403440090625612 0.12759430586133715946 0.78619893901767767819 0.00000000099999999998 0.00000000099999999998 0.02213330228213162762 0.02668941443794723908 
0.02571420676397307911 0.04106201028756813198 0.00000000099999999997 0.00000000099999999997 0.82395778004174735631 0.00000000099999999997 0.01614987190705144751 0.09311612699965989004 0.00000000099999999997 
0.04752231070195417351 0.00070591852653715918 0.00000023356315886074 0.00000000099999999997 0.68746526382831929514 0.15572946495845135795 0.00000000099999999997 0.10857680542157915893 0.00000000099999999997 
0.00000000099999999992 0.00000000099999999992 0.00000000099999999992 0.00000000099999999992 0.99999999200000000421 0.00000000099999999992 0.00000000099999999992 0.00000000099999999992 0.00000000099999999992 
0.00014238305573098737 0.00000000099999999997 0.05084330651626958048 0.00000000099999999997 0.90512271020790890930 0.00000000099999999997 0.00000000099999999997 0.04389159522009052766 0.00000000099999999997 
0.07991208071228676768 0.00000000099999999999 0.00000000099999999999 0.04538369803355649101 0.56306459805616337899 0.10713718953941094025 0.00000000099999999999 0.07693197351582639620 0.12757045714275619397 
0.03407129644893178155 0.00071811534289293471 0.00000000099999999996 0.00000000099999999996 0.85841025081090516213 0.00000000099999999996 0.00000000099999999996 0.07435377436691276154 0.03244655903035747330 
0.00000000099999999999 0.04660695729652841041 0.11021428870609756290 0.00000000099999999999 0.51660139368115698399 0.00000000099999999999 0.00000000274716582048 0.20919619230228134188 0.11738116226676972853 
0.04272640914405149981 0.02582739074118342582 0.00000000099999999999 0.11607167745682835103 0.75500622413438511771 0.00000939132329709545 0.01881802367062781339 0.00000000099999999999 0.04154088152962677472 
0.10818621081085906532 0.00000000099999999999 0.00000000099999999999 0.00000000099999999999 0.83998097217906853018 0.00000000099999999999 0.00000000099999999999 0.00000000440013283118 0.05183280760993957959 
0.00000000099999999997 0.03924546698880086726 0.00000000099999999997 0.01900143360504970638 0.77959997748442655396 0.00000000099999999997 0.00000000099999999997 0.08940446415874514496 0.07274865376297784403 
0.06358506700576507797 0.00000000099999999999 0.03173750580233257457 0.11758232504124323248 0.60869133872491754111 0.00000000099999999999 0.06375429080832233086 0.00041421406103385694 0.11423525655638534781 
0.10941563521631850198 0.00000000099999999998 0.00000000099999999998 0.01022268283005746056 0.44258867854775746364 0.00000000099999999998 0.00000000099999999998 0.07750977368084865926 0.36026322572501778829 
0.18196247352124356178 0.06198913170647699089 0.02827550752142457546 0.02779013641475241644 0.62109729203649099993 0.02138195152984395317 0.00721337963143275137 0.00000000099999999998 0.05029012663833463959 
0.00000000099999999998 0.03338553620927706134 0.11328844552898018061 0.00000000099999999998 0.82238142148140502830 0.00001221557846911117 0.00000000099999999998 0.00000000099999999998 0.03093237720186860218 
0.11071580326667425365 0.00000000099999999999 0.00000000099999999999 0.01133401913345498564 0.74641992325956685317 0.02480585522982100416 0.01862255745595106302 0.02386065480333049785 0.06424118485120133837 
0.00000000099999999994 0.00000000099999999994 0.00000000099999999994 0.00000000099999999994 0.88638398268212748032 0.00000000099999999994 0.00000000099999999994 0.08607397419924489590 0.02754203711862773796 
0.00000000099999999943 0.00000000099999999943 0.00000000099999999943 0.00000000099999999943 0.00000000099999999943 0.00000000099999999943 0.00000000099999999943 0.99999999199999989319 0.00000000099999999943 
0.00000000099999999945 0.00000000099999999945 0.00000000099999999945 0.00000000099999999945 0.00000000099999999945 0.00000000099999999945 0.00000000099999999945 0.99999999200000000421 0.00000000099999999945 
0.00005582904571495256 0.13314114797253165379 0.00000000099999999997 0.00000000099999999997 0.72988869643236642393 0.02758745006493551477 0.00000000099999999997 0.00484008490863135563 0.10448678857582005541 
0.00000000099999999998 0.01271687936268056131 0.08101753421786835052 0.00000000099999999998 0.66077211787072598348 0.00000000099999999998 0.03137323670813810944 0.07501046207400165200 0.13910976676658537432 
0.01729095976806439491 0.00000000099999999999 0.00000000099999999999 0.00000000099999999999 0.70724836155655523839 0.10055764745145727435 0.00000000099999999999 0.08645683830607230058 0.08844618891785074877 
0.00000000099999999999 0.04838206553579943447 0.04235456158432745338 0.00000000099999999999 0.67992682003123938728 0.00000000099999999999 0.00000000099999999999 0.21314931364122952084 0.01618723520740424429 
0.04763837590203007927 0.00000000099999999996 0.00000000099999999996 0.00000000099999999996 0.83123236241741316199 0.00000000099999999996 0.00000000099999999996 0.09558753338502359864 0.02554172329553309334 
0.00000000099999999954 0.00000000099999999954 0.00000000099999999954 0.00000000099999999954 0.00000000099999999954 0.00000000099999999954 0.00000000099999999954 0.99999999200000000421 0.00000000099999999954 
0.26200685530930334366 0.00001042314200800301 0.00000000099999999999 0.02196202566341918377 0.48362058371120181244 0.00000000099999999999 0.00008567438194118473 0.04898146378488263397 0.18333297200724379961 
0.11330823628058186991 0.03746931918063269029 0.01296210335450135968 0.00000000099999999999 0.45016793546572214657 0.01204633536715536170 0.00000000099999999999 0.20622172149905881877 0.16782434685234776106 
0.00000000099999999946 0.00000000099999999946 0.00000000099999999946 0.00000000099999999946 0.00000000099999999946 0.00000000099999999946 0.00000000099999999946 0.00000000099999999946 0.99999999199999989319 
0.02203722466867689619 0.00000000099999999994 0.00000000099999999994 0.00000000099999999994 0.06424889498780211872 0.00000000099999999994 0.00000000099999999994 0.09398813366237897260 0.81972574168114198390 
0.08255718746234143313 0.00000000099999999999 0.00000000099999999999 0.00000000143059259657 0.91744257245962079761 0.00000023180736312613 0.00000000099999999999 0.00000000284008213489 0.00000000099999999999 
0.00000000099999999944 0.00000000099999999944 0.00000000099999999944 0.00000000099999999944 0.00000000099999999944 0.00000000099999999944 0.00000000099999999944 0.00000000099999999944 0.99999999199999989319 
0.00000000099999999952 0.00000000099999999952 0.00000000099999999952 0.00000000099999999952 0.00000000099999999952 0.00000000099999999952 0.00000000099999999952 0.00000000099999999952 0.99999999200000000421 
0.02236049229894613785 0.07780301659375432610 0.00000000099999999999 0.05169656862778133216 0.30426705204148574158 0.10432601736375150814 0.02551896532503429918 0.00000000099999999999 0.41402788574924676013 
0.00000000099999999946 0.00000000099999999946 0.00000000099999999946 0.00000000099999999946 0.00000000099999999946 0.00000000099999999946 0.00000000099999999946 0.00000000099999999946 0.99999999199999989319 
0.11055814631826782479 0.13573897112670155196 0.00000000100000000000 0.03253501148213733957 0.45526025722397567286 0.01282091378839167115 0.01105100261891669641 0.00022581890410079585 0.24180987753750832203 
0.00000000099999999999 0.36695874596568817116 0.06643105491323646195 0.02998088459752874455 0.27164000359397511009 0.11799749855689277422 0.00000000099999999999 0.00000000099999999999 0.14699180937267877778 
0.00000000099999999997 0.58395137448867462382 0.00000000099999999997 0.00000000099999999997 0.24083134406321993204 0.00000000099999999997 0.00000000099999999997 0.00000000099999999997 0.17521727544810553057 
0.00000000099999999997 0.07618896997950549976 0.00000000099999999997 0.04944124487451267980 0.55666726817552758533 0.00000000099999999997 0.00000000099999999997 0.00000000099999999997 0.31770251197045434877 
0.01682015108027767186 0.20820287950491847551 0.00000000100000000000 0.03485386628887698901 0.24911645584590860758 0.13716912294472929923 0.00000000100000000000 0.00000000100000000000 0.35383752133528889594 
0.00000000099999999988 0.00000000099999999988 0.00000000099999999988 0.37131380135323299729 0.00000000099999999988 0.00000000099999999988 0.00000000099999999988 0.00000000099999999988 0.62868619164676686761 
0.04998666772957918031 0.00000000099999999992 0.00000000099999999992 0.00000000099999999992 0.00000000099999999992 0.00000000099999999992 0.00000000099999999992 0.03142768439176789330 0.91858564187865299200 
0.00000000099999999992 0.55982936029323360216 0.00000000099999999992 0.00000000099999999992 0.19450452863873141096 0.00000000099999999992 0.00000000099999999992 0.00000000099999999992 0.24566610506803507330 
0.13405730966147719196 0.58404373334420622843 0.00000000099999999999 0.00000000099999999999 0.13293569483903749928 0.00000000099999999999 0.00000000099999999999 0.05889485581544232767 0.09006840233983670618 
0.02591418269368662292 0.53821978646623824805 0.00000000099999999995 0.00000000099999999995 0.30814046780749182464 0.00000000099999999995 0.00000000099999999995 0.00000000099999999995 0.12772555803258328622 
0.21086260524841554664 0.11966177652001540321 0.00000000099999999996 0.00000000099999999996 0.31439808693920873184 0.00000000099999999996 0.00000000099999999996 0.17570056579825113485 0.17937696149410914392 
0.22271526790636597681 0.07299467480524023111 0.00000000099999999998 0.00000000099999999998 0.28332916861219159532 0.14588187022201351550 0.00000000099999999998 0.00000000099999999998 0.27507901445418864173 
0.13907417757799164781 0.02425456546363253391 0.00000000099999999998 0.00000000099999999998 0.47469104557199076622 0.02821930865642701194 0.00000000099999999998 0.00000000099999999998 0.33376089872995812202 
0.18839554095390662058 0.12579444972554690296 0.00000000099999999996 0.00000000099999999996 0.33659665449976694518 0.00000000099999999996 0.00000000099999999996 0.11820850029511469070 0.23100485052566480104 
0.00000000099999999997 0.11831218517588867889 0.00000000099999999997 0.00000000099999999997 0.49143918036004186067 0.00000000099999999997 0.00541290641412264448 0.00000000099999999997 0.38483572304994689839 
0.00000000099999999968 0.99999999200000011523 0.00000000099999999968 0.00000000099999999968 0.00000000099999999968 0.00000000099999999968 0.00000000099999999968 0.00000000099999999968 0.00000000099999999968 
0.00000000099999999959 0.99999999200000022626 0.00000000099999999959 0.00000000099999999959 0.00000000099999999959 0.00000000099999999959 0.00000000099999999959 0.00000000099999999959 0.00000000099999999959 
0.00000000099999999967 0.99999999200000022626 0.00000000099999999967 0.00000000099999999967 0.00000000099999999967 0.00000000099999999967 0.00000000099999999967 0.00000000099999999967 0.00000000099999999967 
0.06729606870686617726 0.42751452683573593072 0.00000000099999999995 0.00000000099999999995 0.45743406321768959044 0.00000000099999999995 0.00000000099999999995 0.04775533623970824870 0.00000000099999999995 
0.00000000099999999959 0.99999999200000011523 0.00000000099999999959 0.00000000099999999959 0.00000000099999999959 0.00000000099999999959 0.00000000099999999959 0.00000000099999999959 0.00000000099999999959 
0.00000000099999999981 0.99999999200000022626 0.00000000099999999981 0.00000000099999999981 0.00000000099999999981 0.00000000099999999981 0.00000000099999999981 0.00000000099999999981 0.00000000099999999981 
0.00000000099999999964 0.99999999200000011523 0.00000000099999999964 0.00000000099999999964 0.00000000099999999964 0.00000000099999999964 0.00000000099999999964 0.00000000099999999964 0.00000000099999999964 
0.00000000099999999974 0.99999999200000022626 0.00000000099999999974 0.00000000099999999974 0.00000000099999999974 0.00000000099999999974 0.00000000099999999974 0.00000000099999999974 0.00000000099999999974 
0.00000000099999999961 0.99999999200000022626 0.00000000099999999961 0.00000000099999999961 0.00000000099999999961 0.00000000099999999961 0.00000000099999999961 0.00000000099999999961 0.00000000099999999961 
0.00000000099999999995 0.94647009663887438080 0.05352989636112578942 0.00000000099999999995 0.00000000099999999995 0.00000000099999999995 0.00000000099999999995 0.00000000099999999995 0.00000000099999999995 
0.06298216968577426134 0.17184348770348817359 0.00000000099999999999 0.00000000099999999999 0.48487376410525884207 0.09419104809345764384 0.02566404470757703213 0.00000000099999999999 0.16044548270444400351 
0.00000000099999999979 0.99999999200000011523 0.00000000099999999979 0.00000000099999999979 0.00000000099999999979 0.00000000099999999979 0.00000000099999999979 0.00000000099999999979 0.00000000099999999979 
0.18081547517325843866 0.10769420069098155357 0.00000000099999999996 0.00000000099999999996 0.35882325908672590975 0.00000000099999999996 0.00000000099999999996 0.13405626388970051655 0.21861079715933362522 
0.00000000099999999972 0.99999999200000022626 0.00000000099999999972 0.00000000099999999972 0.00000000099999999972 0.00000000099999999972 0.00000000099999999972 0.00000000099999999972 0.00000000099999999972 
0.00000000099999999968 0.99999999200000011523 0.00000000099999999968 0.00000000099999999968 0.00000000099999999968 0.00000000099999999968 0.00000000099999999968 0.00000000099999999968 0.00000000099999999968 
0.99999999200000011523 0.00000000099999999965 0.00000000099999999965 0.00000000099999999965 0.00000000099999999965 0.00000000099999999965 0.00000000099999999965 0.00000000099999999965 0.00000000099999999965 
0.00000000099999999993 0.00000000099999999993 0.00000000099999999993 0.00000000099999999993 0.73951504102213816427 0.00000000099999999993 0.00000000099999999993 0.00000000099999999993 0.26048495197786203370 
0.20733845645845913608 0.05474523085883441914 0.00000000099999999992 0.00000000099999999992 0.38226549082395766543 0.00000000099999999992 0.00000000099999999992 0.00000000099999999992 0.35565081685874894157 
0.07132474455477501307 0.07611863756779441159 0.09762329227142030330 0.00000000099999999998 0.40898709217709400265 0.00000000099999999998 0.00000000099999999998 0.04025633073359416447 0.30568989969532217588 
0.21277216682894034561 0.04512902403813039837 0.00000000099999999992 0.00000000099999999992 0.40498606786372021160 0.00000000099999999992 0.00000000099999999992 0.00000000099999999992 0.33711273626920912339 
0.17353438401217347042 0.09278908860134738035 0.00000000099999999990 0.00000000099999999990 0.28966896512926848528 0.00000000099999999990 0.00000000099999999990 0.00000000099999999990 0.44400755725721063882 
0.16466343047258716337 0.06537505345202916651 0.00000000099999999998 0.00000000099999999998 0.53235555469252360261 0.06812926182197687197 0.00000000099999999998 0.00000000099999999998 0.16947669556088323928 
0.14965896449007382030 0.00001360494069173261 0.16673164760074188351 0.00000000100000000000 0.00002963289550918246 0.68356614607298327169 0.00000000100000000000 0.00000000100000000000 0.00000000100000000000 
0.11061340809318626066 0.00000000099999999994 0.00000000099999999994 0.79099407186418047022 0.00000000099999999994 0.09839251404263343881 0.00000000099999999994 0.00000000099999999994 0.00000000099999999994 
0.12166525461721500179 0.00000000099999999999 0.00000000626390316477 0.65010899573370162230 0.00000000099999999999 0.22822573640286103469 0.00000000099999999999 0.00000000298231922382 0.00000000099999999999 
0.00750664864192246428 0.22661206317220941586 0.00000000099999999997 0.00000000099999999997 0.27676757718737138303 0.00000000099999999997 0.00000000099999999997 0.00000000099999999997 0.48911370599849685048 
0.02231678473727773462 0.18577322886474498254 0.00000000099999999995 0.00000000099999999995 0.44620504178880959767 0.00000000099999999995 0.00000000099999999995 0.00000000099999999995 0.34570493960916781617 
0.76662965258719595329 0.02731825691323538918 0.00000000099999999992 0.00000000099999999992 0.00000000099999999992 0.00000000099999999992 0.00000000099999999992 0.00000000099999999992 0.20605208449956879946 
0.81913402001384683082 0.00000000099999999988 0.00000000099999999988 0.00000000099999999988 0.00000000099999999988 0.00000000099999999988 0.00000000099999999988 0.00000000099999999988 0.18086597298615333940 
0.76105269774104833402 0.00000000099999999996 0.00000000099999999996 0.00000000099999999996 0.20160304037691353929 0.00000000099999999996 0.00000000099999999996 0.00000000099999999996 0.03734425588203825475 
0.89414151623689175352 0.00000000099999999994 0.00000000099999999994 0.00000000099999999994 0.00000000099999999994 0.00000000099999999994 0.00000000099999999994 0.00000000099999999994 0.10585847676310852772 
0.79335108449914992779 0.00000000099999999996 0.00000000099999999996 0.00000000099999999996 0.00000000099999999996 0.00000000099999999996 0.00000000099999999996 0.04469765351595220843 0.16195125598489792940 
0.34397000158084406474 0.03690736105944732864 0.00000000099999999994 0.00000000099999999994 0.57894091547655257557 0.00000000099999999994 0.00000000099999999994 0.00000000099999999994 0.04018171688315606838 
0.82580825285036207895 0.00000000099999999995 0.00000000099999999995 0.00000000099999999995 0.09009708966333303259 0.00000000099999999995 0.00000000099999999995 0.02623915220089462902 0.05785550028541031065 
0.99999999200000011523 0.00000000099999999939 0.00000000099999999939 0.00000000099999999939 0.00000000099999999939 0.00000000099999999939 0.00000000099999999939 0.00000000099999999939 0.00000000099999999939 
0.59923025012532715738 0.29565877631266723746 0.00000000099999999993 0.00000000099999999993 0.00000000099999999993 0.00000000099999999993 0.00000000099999999993 0.10511096756200560831 0.00000000099999999993 
0.74254362035151300070 0.06355677669949584552 0.04739195578164930034 0.00000000099999999998 0.08455943781201090415 0.03117222440080241741 0.00000000099999999998 0.00000000099999999998 0.03077598195452873470 
0.99999999200000011523 0.00000000099999999977 0.00000000099999999977 0.00000000099999999977 0.00000000099999999977 0.00000000099999999977 0.00000000099999999977 0.00000000099999999977 0.00000000099999999977 
0.25537259252530952747 0.10488694380648269644 0.00000000099999999995 0.00000000099999999995 0.45603283261137300686 0.00000000099999999995 0.00000000099999999995 0.00000000099999999995 0.18370762605683471635 
0.18229896057444577862 0.25942316002030457733 0.00000000100000000000 0.00263853056840636369 0.23416233056089769127 0.09941959665995242501 0.03230064286957157194 0.05020983378917597689 0.13954694395724545619 
0.99999999200000011523 0.00000000099999999969 0.00000000099999999969 0.00000000099999999969 0.00000000099999999969 0.00000000099999999969 0.00000000099999999969 0.00000000099999999969 0.00000000099999999969 
0.68627153365955506636 0.00000000099999999999 0.00000000099999999999 0.00000000099999999999 0.18999724437329904014 0.00000000099999999999 0.02992635900107970884 0.09380485796606628790 0.00000000099999999999 
0.83403722384689238378 0.00000000099999999987 0.00000000099999999987 0.00000000099999999987 0.00000000099999999987 0.00000000099999999987 0.00000000099999999987 0.00000000099999999987 0.16596276915310792521 
0.99999999200000011523 0.00000000099999999976 0.00000000099999999976 0.00000000099999999976 0.00000000099999999976 0.00000000099999999976 0.00000000099999999976 0.00000000099999999976 0.00000000099999999976 
0.28414383870447895708 0.01636186294466735261 0.08060011905931847853 0.18018918969305572353 0.16531471496568592161 0.03953891476944208089 0.15242783412443255964 0.08142352473891896480 0.00000000099999999999 
0.82661563120660197512 0.00000000099999999995 0.00000000099999999995 0.00000000099999999995 0.00000000099999999995 0.00000000099999999995 0.00000000099999999995 0.00000000099999999995 0.17338436179339819510 
0.84888115207997127953 0.00000000099999999998 0.09122465458455723819 0.00000000099999999998 0.03325032561617913274 0.02664385194835150461 0.00000000099999999998 0.00000000099999999998 0.00000001177094092287 
0.72729796901102572448 0.07931516892945235375 0.00000000099999999995 0.00000000099999999995 0.00000000099999999995 0.00000000099999999995 0.00000000099999999995 0.05138999849300421308 0.14199685856651789173 
0.99999999200000011523 0.00000000099999999977 0.00000000099999999977 0.00000000099999999977 0.00000000099999999977 0.00000000099999999977 0.00000000099999999977 0.00000000099999999977 0.00000000099999999977 
0.17062630630213090899 0.03680397119455300348 0.00000000099999999999 0.00000000099999999999 0.54143734643801555428 0.00000000099999999999 0.00723915550059316300 0.06926043656066022125 0.17463278100404727722 
0.70700852128569469102 0.00000000099999999997 0.09323985291422545729 0.00000000099999999997 0.10273286539454913602 0.00000000099999999997 0.00000000099999999997 0.00000000099999999997 0.09701875540553082933 
0.00000000099999999998 0.00000000099999999998 0.50467491933372365942 0.39202726208611821113 0.10002114299959530275 0.00000000099999999998 0.00327667058056271788 0.00000000099999999998 0.00000000099999999998 
0.00000000099999999996 0.00000000099999999996 0.29930900005089422500 0.52313943169320664683 0.10813521442464839317 0.00000000099999999996 0.06941634883125075151 0.00000000099999999996 0.00000000099999999996 
0.00000000099999999997 0.00000000099999999997 0.37810346877196637783 0.26475756490726448655 0.17327451400458787623 0.00000000099999999997 0.16774988088374775952 0.00000000099999999997 0.01611456743243348463 
0.00000000099999999999 0.01959920989264153993 0.53722792048474465876 0.27524784305643901217 0.04834928896734036474 0.08873766233905591716 0.00000000099999999999 0.00000000099999999999 0.03083807225977868924 
0.00000000099999999995 0.00000000099999999995 0.16184802598227879256 0.74517062807275513681 0.00000000099999999995 0.00000000099999999995 0.00000000099999999995 0.09298133994496628196 0.00000000099999999995 
0.00000000099999999999 0.00000000099999999999 0.49273590028452235456 0.32196268961666640873 0.00000020676695276188 0.01914274171550491357 0.07531956559920707783 0.09083889301714630216 0.00000000099999999999 
0.00000000099999999996 0.00000000099999999996 0.54456779419911593987 0.29527240245828439980 0.00000000099999999996 0.00000000099999999996 0.02320468193158333609 0.13695511641101634770 0.00000000099999999996 
0.00000000099999999996 0.00000000099999999996 0.53500390421951959929 0.30852423969262554593 0.00494604674799073527 0.00000000099999999996 0.02651968259115327839 0.12500612274871064633 0.00000000099999999996 
0.00000000099999999999 0.00000000099999999999 0.43121890959049546943 0.36717738989411297101 0.14192445687870777760 0.03149774542576498637 0.00313784056920571233 0.00000000099999999999 0.02504365464171312908 
0.00000000099999999998 0.01640603441789194317 0.43910920455312130173 0.27377037660685349385 0.21049186388765961375 0.06022251653447371206 0.00000000099999999998 0.00000000099999999998 0.00000000099999999998 
0.00000000099999999999 0.00314304012337555993 0.42529680194537228255 0.31719235261554756811 0.21193606703182010786 0.00000007555089703698 0.00000000099999999999 0.04094045190452018368 0.00149120882846736085 
0.00000000099999999993 0.00000000099999999993 0.31440753922442299384 0.55766972737106335067 0.11154595036419973075 0.00000000099999999993 0.01637677804031400716 0.00000000099999999993 0.00000000099999999993 
0.00000000099999999998 0.00000000099999999998 0.19177272328204392204 0.76646783825452702299 0.00000000099999999998 0.04175943246342909976 0.00000000099999999998 0.00000000099999999998 0.00000000099999999998 
0.00000000099999999997 0.00000000099999999997 0.16934149718373459059 0.77015380023899404627 0.00000000099999999997 0.03047220179246871996 0.00000000099999999997 0.00000000099999999997 0.03003249578480268397 
0.00000000099999999999 0.00000000099999999999 0.47958973441098640134 0.33985110406217255985 0.02768362189754003042 0.00011411804077078035 0.01240699219093805393 0.12981626689949110620 0.01053816049810097320 
0.00000000099999999994 0.00000000099999999994 0.62124850208788473527 0.27650697599074158806 0.00000000099999999994 0.00000000099999999994 0.00659468967345599750 0.09564982724791754043 0.00000000099999999994 
0.00000000099999999999 0.01187298812594637584 0.42756393438746603808 0.33714088469210423682 0.02724117581829405346 0.02078537211826656655 0.00000000099999999999 0.17539564185792261286 0.00000000099999999999 
0.00000000099999999996 0.00000000099999999996 0.44165875957230343873 0.38346707555304954118 0.17160311985442358584 0.00327104002022343470 0.00000000099999999996 0.00000000099999999996 0.00000000099999999996 
0.00000000099999999997 0.00000000099999999997 0.18691892132213216993 0.47024266070567882769 0.19685358417523424190 0.07755809786549716645 0.00000000099999999997 0.00000000099999999997 0.06842673193145767940 
0.00000000099999999995 0.00000000099999999995 0.23652106292827723699 0.35222235966205028834 0.19494159942335087532 0.15062146831387399071 0.00000000099999999995 0.00000000099999999995 0.06569350567244766625 
0.00645188819462808906 0.00000000099999999997 0.47815465323580619295 0.29027159071524610834 0.03847524409484536639 0.08725618063582722683 0.00000000099999999997 0.09939044012364701974 0.00000000099999999997 
0.00000000099999999999 0.00000000099999999999 0.32830701192935385357 0.53886096251046555761 0.00000000099999999999 0.06629196458883548915 0.04985212024870812331 0.00000000099999999999 0.01668793672263720745 
0.00000000100000000000 0.00000000100000000000 0.35694364063825961830 0.46534861028787577464 0.00000003045600787078 0.09074203253095723676 0.07185227152543886830 0.00000000100000000000 0.01511341156146086412 
0.00000000099999999990 0.00000000099999999990 0.99999999200000011523 0.00000000099999999990 0.00000000099999999990 0.00000000099999999990 0.00000000099999999990 0.00000000099999999990 0.00000000099999999990 
0.00000000099999999988 0.00000000099999999988 0.99999999200000000421 0.00000000099999999988 0.00000000099999999988 0.00000000099999999988 0.00000000099999999988 0.00000000099999999988 0.00000000099999999988 
0.00000000099999999998 0.00000000099999999998 0.46783417058188325743 0.30943500555439423794 0.04678093690042767205 0.00000000099999999998 0.04537177480075314795 0.03539061315842094435 0.09518749600412093614 
0.00000000099999999989 0.00000000099999999989 0.99999999200000011523 0.00000000099999999989 0.00000000099999999989 0.00000000099999999989 0.00000000099999999989 0.00000000099999999989 0.00000000099999999989 
0.00000000099999999999 0.00000000099999999999 0.46528765505594149587 0.39107360401939050831 0.00000000099999999999 0.00000000099999999999 0.01865748626377376068 0.06601693036767196376 0.05896432029322216245 
0.00000000099999999985 0.00000000099999999985 0.99999999200000011523 0.00000000099999999985 0.00000000099999999985 0.00000000099999999985 0.00000000099999999985 0.00000000099999999985 0.00000000099999999985 
0.01879313601902928357 0.15103201540988403506 0.01406278814066819725 0.00000000100000000000 0.56902139348869440472 0.12839226196044173367 0.00000000100000000000 0.00000000100000000000 0.11869840198128238373 
0.00000972158465333856 0.04003334945155587188 0.33044736851275091638 0.26484874095002891581 0.18732577548126977396 0.11968987206001871493 0.00000000099999999999 0.01564217617551725073 0.04200299478420534832 
0.00000000099999999999 0.00000000099999999999 0.41573959912344965462 0.42592167856959473049 0.00000000099999999999 0.08396106062398074610 0.00000000099999999999 0.01847005868038335136 0.05590759900259147097 
0.02944975920286862711 0.05676194428469208408 0.44830273947855764360 0.36509420178909385291 0.00000000100000000000 0.00000000100000000000 0.08748294354843391685 0.00000000100000000000 0.01290840869635388743 
0.00000000099999999999 0.00000032369380587528 0.48487382883467272654 0.27585441128402565791 0.00529156832293366242 0.03883420981150507295 0.10327897075880601574 0.05427401463006093635 0.03759267166418994027 
0.00000000099999999996 0.00000000099999999996 0.55291196267676900877 0.23719533020763700071 0.13646888725458891645 0.03456704909293050604 0.00000000099999999996 0.00000000099999999996 0.03885676676807459096 
0.00000000099999999998 0.04189726610357310393 0.42027368469873582768 0.45597158273601129386 0.00000000099999999998 0.06288057825155704550 0.00000000099999999998 0.00000000099999999998 0.01897688421012283869 
0.00155974043664769174 0.02476379604238635249 0.43425531897712715823 0.50421430203492556554 0.00000000099999999998 0.02439871430977891970 0.00000000099999999998 0.00000000099999999998 0.01080812519913439997 
0.00000000099999999998 0.09956054132705463577 0.53940731518104478859 0.18749528837438372841 0.05472280153729622981 0.03546140722671704132 0.07060494798399064020 0.01274769636951279643 0.00000000099999999998 
0.00000000099999999997 0.00000000099999999997 0.54731034252742782886 0.20901693298455223391 0.12317882466473437097 0.05449582500241723082 0.06599807082086821264 0.00000000099999999997 0.00000000099999999997 
0.06288433620594260920 0.09386749756375029063 0.00000000100000000000 0.15218777239082029173 0.42998138762555571102 0.09363104598426544301 0.00000000100000000000 0.00366536363458669920 0.16378259459507907292 
0.09121279881363908437 0.21169066835035701968 0.00000000100000000000 0.18849223974839923734 0.34890290951886504534 0.01945585567425662035 0.00000000100000000000 0.06614169520066169594 0.07410383069382130150 
0.00000000099999999998 0.00000000099999999998 0.49812565806805669810 0.27543877689029250266 0.00000000099999999998 0.02458651015259448805 0.09634522135956564981 0.07331675869987754057 0.03218707182961312585 
0.83179484836242756352 0.02663543188060473951 0.00000000099999999988 0.00000000099999999988 0.00000000110574192089 0.00000000099999999988 0.00000000099999999988 0.00000000099999999988 0.14156971365122600348 
0.00000000099999999992 0.00000000099999999992 0.00000000099999999992 0.99999999200000000421 0.00000000099999999992 0.00000000099999999992 0.00000000099999999992 0.00000000099999999992 0.00000000099999999992 
0.00000000099999999996 0.00000000099999999996 0.31614345838351187723 0.44471945996224432340 0.04018043015679225588 0.19030236463424066162 0.00865428286321067580 0.00000000099999999996 0.00000000099999999996 
0.00000000099999999990 0.00000000099999999990 0.00000000099999999990 0.99999999200000011523 0.00000000099999999990 0.00000000099999999990 0.00000000099999999990 0.00000000099999999990 0.00000000099999999990 
0.00000000099999999997 0.00000000099999999997 0.66316653664545766045 0.06941517525443356706 0.00000000099999999997 0.22268214350331616558 0.02295530233715352419 0.00000000099999999997 0.02178083825963893563 
0.00000000099999999994 0.00000000099999999994 0.07128621780794786034 0.82795781583033734030 0.00000000099999999994 0.00000000099999999994 0.01771224256013115977 0.02303505674963516464 0.06000866305194852562 
0.00000000100000000000 0.00000016003768106140 0.23397712954302896105 0.42216387649761177858 0.13947017729622460114 0.11569076099103819955 0.02216749625213890185 0.00983904763910775117 0.05669135074316863920 
0.00000000099999999995 0.00000000099999999995 0.25159644002171138721 0.61653819738312620746 0.04334302165887064101 0.02767376334362240189 0.06084857359266929860 0.00000000099999999995 0.00000000099999999995 
0.00000000099999999995 0.00000000099999999995 0.26736519426583088554 0.59083615776550968413 0.00000000099999999995 0.04908921888322377580 0.03677123997520882065 0.05593818511022688456 0.00000000099999999995 
0.00000000099999999984 0.00000000099999999984 0.00000000099999999984 0.96188046175107155822 0.00000000099999999984 0.00000000099999999984 0.03811953124892845240 0.00000000099999999984 0.00000000099999999984 
0.00000000099999999985 0.00000000099999999985 0.00000000099999999985 0.97844299872175266586 0.00000000099999999985 0.00000000099999999985 0.02155699427824736905 0.00000000099999999985 0.00000000099999999985 
0.00000000099999999989 0.00000000099999999989 0.07109567629626188656 0.87864499497288495178 0.00000000099999999989 0.00000000099999999989 0.05025932273085321339 0.00000000099999999989 0.00000000099999999989 
0.00000000099999999996 0.00000000099999999996 0.00000000099999999996 0.99999999200000000421 0.00000000099999999996 0.00000000099999999996 0.00000000099999999996 0.00000000099999999996 0.00000000099999999996 
0.00000000099999999987 0.00000000099999999987 0.00000000099999999987 0.99999999200000011523 0.00000000099999999987 0.00000000099999999987 0.00000000099999999987 0.00000000099999999987 0.00000000099999999987 
0.00000000099999999994 0.00000000099999999994 0.00000000099999999994 0.89287461762131581366 0.09600900564229376821 0.00000000099999999994 0.01111637073639050628 0.00000000099999999994 0.00000000099999999994 
0.00000000099999999983 0.00000000099999999983 0.00000000099999999983 0.99999999200000000421 0.00000000099999999983 0.00000000099999999983 0.00000000099999999983 0.00000000099999999983 0.00000000099999999983 
0.00000000099999999995 0.00000000099999999995 0.00000000099999999995 0.99999999200000000421 0.00000000099999999995 0.00000000099999999995 0.00000000099999999995 0.00000000099999999995 0.00000000099999999995 
0.00000000099999999997 0.00000000099999999997 0.12834486568691930164 0.71852013285484783722 0.00000000099999999997 0.00000000099999999997 0.12353786769671259993 0.02050896310387091692 0.00908816665764930649 
0.03599323659013478616 0.01499851806094224319 0.21466520583535425581 0.48306454999241299486 0.11212705731612238047 0.01768396965275319949 0.06561993518357919775 0.01519974496017490080 0.04064778240852610219 
0.00000000099999999996 0.00000000099999999996 0.23800145013293969032 0.66613302176485034156 0.00000000099999999996 0.00000000099999999996 0.05231114223588696072 0.00000000099999999996 0.04355438086632306555 
0.00000000099999999996 0.00000000099999999996 0.39478689330479888042 0.48526956347820843218 0.00000000099999999996 0.10132375700920748240 0.00000000099999999996 0.01861978120778515558 0.00000000099999999996 
0.00000000099999999998 0.00000000099999999998 0.24909885053683036849 0.43415126276234106140 0.08578082186282409705 0.10331100716219225599 0.08382370160886358501 0.04383435306694870998 0.00000000099999999998 
0.00000000099999999997 0.00000000099999999997 0.00000000099999999997 0.69152909299435072477 0.00000000099999999997 0.14369217711789988856 0.10219498384175804140 0.05489043518089781887 0.00769330686509344004 
0.00000000099999999995 0.00000000099999999995 0.00000000099999999995 0.71078915719259627704 0.10062959212729628844 0.05957073148168145343 0.00000000099999999995 0.00000000099999999995 0.12901051419842593515 
0.00000000099999999996 0.00000000099999999996 0.00000000099999999996 0.75345967702051530601 0.09265154252608949481 0.00000039370429372860 0.00000000099999999996 0.00000000099999999996 0.15388838174910152157 
0.00000000099999999998 0.00000000099999999998 0.00135444515844053794 0.70449751124406956304 0.08897209996938711118 0.08402574388074775247 0.00000000099999999998 0.00000007986969676987 0.12115011687765830928 
0.00000000099999999998 0.00000000099999999998 0.52754102389672941076 0.31363369246979211358 0.00000000099999999998 0.02659328512784425724 0.07936040193842802681 0.01890002231761073181 0.03397157124959548219 
0.00000000099999999998 0.00000000099999999998 0.43572913234027427221 0.46945397338906597051 0.00000000099999999998 0.02483923841599574786 0.02136355164261439371 0.00000000099999999998 0.04861410021204972537 
0.00000000099999999990 0.00000000099999999990 0.00000000099999999990 0.99999999200000011523 0.00000000099999999990 0.00000000099999999990 0.00000000099999999990 0.00000000099999999990 0.00000000099999999990 
