0.05178596096190473536 0.17723165789368780509 0.19447788489074691043 0.57650449625366051443 
0.09032116473609541618 0.03974516077433853933 0.06189163944723358873 0.80804203504233251820 
0.00000000100000000000 0.00000000100000000000 0.33102848675049922900 0.66897151124950071654 
0.00614769629821548640 0.26231886471068316391 0.00000000099999999999 0.73153343799110126522 
0.00000000099999999999 0.09644827129616583006 0.14803150702429923591 0.75552022067953494844 
0.00000000099999999989 0.00000000099999999989 0.00000000099999999989 0.99999999699999997382 
0.16279404389214302551 0.13520436502470456475 0.00181753925809280664 0.70018405182505949469 
0.00000000099999999998 0.00000000099999999998 0.00062108773970347803 0.99937891026029657127 
0.00000000099999999980 0.00000000099999999980 0.00000000099999999980 0.99999999699999997382 
0.00000000099999999994 0.00000000099999999994 0.00000000099999999994 0.99999999700000008485 
0.00000000099999999992 0.00000000099999999992 0.00000000099999999992 0.99999999699999997382 
0.00000000099999999983 0.00000000099999999983 0.00000000099999999983 0.99999999699999997382 
0.00000000099999999998 0.00000002724889095378 0.00000000099999999998 0.99999997075110902411 
0.00000123162791749977 0.30172801510646596324 0.00000000099999999999 0.69827075226561652332 
0.66202222651277897736 0.00000003973341459772 0.00000000100000000000 0.33797773275380654789 
0.62617939292300239806 0.00000000099999999995 0.00000000099999999995 0.37382060507699771401 
0.69837374768007631776 0.00000051783427066007 0.00000000099999999999 0.30162573348565313580 
0.73632379575714002051 0.00000000099999999998 0.00000000099999999998 0.26367620224285998054 
0.69121704639285819205 0.00000000099999999997 0.00000000099999999997 0.30878295160714175349 
0.35010157053455914777 0.00000000100000000000 0.09404904454876961140 0.55584938391667126911 
0.74241918666025941143 0.00000000099999999996 0.00000000099999999996 0.25758081133974053412 
0.99999999700000008485 0.00000000099999999974 0.00000000099999999974 0.00000000099999999974 
0.58855595851233122318 0.00000000099999999998 0.00000000099999999998 0.41144403948766872237 
0.74423525945408519622 0.00663013219315602888 0.00000000099999999999 0.24913460735275885782 
0.99999999700000008485 0.00000000099999999988 0.00000000099999999988 0.00000000099999999988 
0.12674104937329169762 0.00000000099999999999 0.00000000099999999999 0.87325894862670827568 
0.15970326742002746712 0.09991238530136198337 0.01296844367497725255 0.72741590360363317380 
0.99999999700000008485 0.00000000099999999986 0.00000000099999999986 0.00000000099999999986 
0.71225158953154765751 0.00000000100000000000 0.07151177818214438098 0.21623663128630785102 
0.78678491417552076648 0.00000000099999999996 0.00000000099999999996 0.21321508382447937335 
0.99999999700000008485 0.00000000099999999987 0.00000000099999999987 0.00000000099999999987 
0.35440524372740495052 0.09750891062083727467 0.39437542309402018326 0.15371042255773759155 
0.78670494937736878960 0.00000000099999999997 0.00000000099999999997 0.21329504862263123921 
0.85440670996144674199 0.05116165756480726967 0.00000000099999999999 0.09443163147374596111 
0.62489500861550362210 0.00000000099999999995 0.00000000099999999995 0.37510498938449637896 
0.99999999700000008485 0.00000000099999999987 0.00000000099999999987 0.00000000099999999987 
0.12110421884278943505 0.15085762744486250209 0.06785476556398699344 0.66018338814836108330 
0.74244060874318285048 0.13324392106519813983 0.00000000100000000000 0.12431546919161909348 
0.00000000099999999998 0.96011778604485242816 0.03988221195514751044 0.00000000099999999998 
0.00000000099999999996 0.93765149195045016661 0.06234850604954989689 0.00000000099999999996 
0.00000000099999999997 0.99999999699999997382 0.00000000099999999997 0.00000000099999999997 
0.00000000099999999993 0.99999999699999997382 0.00000000099999999993 0.00000000099999999993 
0.00000000099999999996 0.99999999699999997382 0.00000000099999999996 0.00000000099999999996 
0.00000000099999999998 0.92007893170246601855 0.07992106629753405189 0.00000000099999999998 
0.00000000099999999992 0.99999999699999997382 0.00000000099999999992 0.00000000099999999992 
0.00000000099999999995 0.99999999700000008485 0.00000000099999999995 0.00000000099999999995 
0.00000000099999999997 0.99999999700000008485 0.00000000099999999997 0.00000000099999999997 
0.00000000099999999997 0.92486232079555708019 0.07513767720444297638 0.00000000099999999997 
0.00000000099999999997 0.99999983685495485997 0.00000000099999999997 0.00000016114504520288 
0.00000000099999999993 0.99999999699999997382 0.00000000099999999993 0.00000000099999999993 
0.00000000099999999998 0.98497065618467982695 0.00000000099999999998 0.01502934181532034584 
0.00000000099999999994 0.99999999700000008485 0.00000000099999999994 0.00000000099999999994 
0.00000000099999999998 0.00000000099999999998 0.99999939113948399516 0.00000060686051586954 
0.00000000099999999994 0.41204158931517015363 0.58795840868482973640 0.00000000099999999994 
0.00000000099999999998 0.30704619652617248793 0.69295380147382734659 0.00000000099999999998 
0.00000000099999999997 0.32137937144540235090 0.63798065841426088163 0.04063996914033659452 
0.00000000099999999997 0.28329045959349097306 0.71670953840650886146 0.00000000099999999997 
0.00000000099999999997 0.43703865417390186376 0.56296134382609808178 0.00000000099999999997 
0.00000000099999999995 0.28842008973062421839 0.71157990826937578266 0.00000000099999999995 
0.00000000099999999997 0.22734177225307136694 0.77265822574692866187 0.00000000099999999997 
0.00000000099999999993 0.00000000099999999993 0.99999999699999986280 0.00000000099999999993 
0.00000000099999999999 0.46175625611516790681 0.43656747162578796173 0.10167627125904403484 
0.05693848433229486972 0.27576830940840962869 0.34425156531658629433 0.32304164094270926277 
0.02997584767267694877 0.19924776966900673014 0.59020606289799182331 0.18057031976032453247 
0.00000000099999999999 0.44753028975640279929 0.34899294798698299314 0.20347676125661415258 
0.00000000099999999996 0.00000000099999999996 0.99999999699999997382 0.00000000099999999996 
0.00000000099999999984 0.00000000099999999984 0.99999999699999986280 0.00000000099999999984 
0.00000000099999999998 0.89471465997958776750 0.10528533802041226131 0.00000000099999999998 
0.02367223289265254008 0.38057499879374950824 0.41201005996489808991 0.18374270834869979585 
0.00000000099999999998 0.36754316251702395801 0.63245683548297593202 0.00000000099999999998 
0.00000000099999999995 0.00000000099999999995 0.99999999699999986280 0.00000000099999999995 
0.00000000099999999995 0.16135295578270855699 0.83864704221729136080 0.00000000099999999995 
0.00000000099999999991 0.00000000099999999991 0.99999999699999986280 0.00000000099999999991 
0.00000000099999999987 0.00000000099999999987 0.99999999699999997382 0.00000000099999999987 
0.00000000099999999999 0.30496195140378357102 0.47011442682631765511 0.22492362076989869113 
0.00000000099999999999 0.01953371598638296153 0.91805757663985088080 0.06240870637376619984 
0.00000000099999999996 0.00000000099999999996 0.99999999699999986280 0.00000000099999999996 
0.00000000099999999998 0.61161517520194519371 0.29647051851191907890 0.09191430528613570017 
0.19557676149224939577 0.00000000099999999998 0.77090387279202687854 0.03351936471572363602 
0.04703732595169791281 0.84247775216018516709 0.11048492088811683043 0.00000000100000000000 
0.00000000099999999993 0.00000000099999999993 0.99999999699999986280 0.00000000099999999993 
0.00000000099999999999 0.58607088677264873589 0.30421897482661558465 0.10971013740073565224 
0.00000000099999999999 0.32462055923949562075 0.53332602672108286868 0.14205341303942145559 
0.00000000099999999999 0.99573984580704677505 0.00410763228001000645 0.00015252091294320219 
0.00000000099999999999 0.68064876441765198578 0.00000000099999999999 0.31935123358234812629 
0.00000000099999999998 0.90010972153826007691 0.09989027646173984087 0.00000000099999999998 
0.00000000099999999993 0.99999999700000008485 0.00000000099999999993 0.00000000099999999993 
0.00000000099999999997 0.97859815313086184752 0.02140184486913807374 0.00000000099999999997 
0.00000000099999999992 0.99999999700000008485 0.00000000099999999992 0.00000000099999999992 
0.00000000099999999999 0.76509960712803415372 0.21327240040750874983 0.02162799146445719412 
0.21375065727810091398 0.57623680639473784382 0.21001253532716121497 0.00000000100000000000 
0.00000000099999999998 0.80972525113695237309 0.19027474686304748919 0.00000000099999999998 
0.00000000099999999995 0.99999999699999997382 0.00000000099999999995 0.00000000099999999995 
0.00000000099999999993 0.99999999700000008485 0.00000000099999999993 0.00000000099999999993 
0.00000000099999999992 0.99999999699999997382 0.00000000099999999992 0.00000000099999999992 
0.00000000099999999994 0.91920475719083383215 0.08079524080916621054 0.00000000099999999994 
0.00000000099999999999 0.80306530316146829129 0.14832876554645402223 0.04860593029207752047 
0.00000000099999999988 0.99999999700000008485 0.00000000099999999988 0.00000000099999999988 
0.00000000099999999998 0.99999998002000767272 0.00000001797999237708 0.00000000099999999998 
