0.17019346011775732253 0.05489608056319110474 0.13288329231207485215 0.54957180264098459688 0.09245536436599213759 
0.11879757940192287036 0.08998081696831741749 0.04120407558845402829 0.75001752704130564275 0.00000000099999999999 
0.00000000100000000000 0.00000000100000000000 0.14967687840662247112 0.65714637286540877881 0.19317674672796886215 
0.31209936777830937782 0.00762914335232916119 0.00000000099999999999 0.68027148686936134148 0.00000000099999999999 
0.00000000099999999999 0.00000000099999999999 0.00000000099999999999 0.78702767733424638941 0.21297231966575350115 
0.00000000099999999985 0.00000000099999999985 0.00000000099999999985 0.99999999600000000211 0.00000000099999999985 
0.16040072618043371699 0.15489716638990108644 0.00000000100000000000 0.68470210542966525313 0.00000000100000000000 
0.00000000099999999996 0.00000000099999999996 0.00000000099999999996 0.99999999600000000211 0.00000000099999999996 
0.00000000099999999973 0.00000000099999999973 0.00000000099999999973 0.99999999600000000211 0.00000000099999999973 
0.00000000099999999992 0.00000000099999999992 0.00000000099999999992 0.99999999600000000211 0.00000000099999999992 
0.00000000099999999990 0.00000000099999999990 0.00000000099999999990 0.99999999600000000211 0.00000000099999999990 
0.00000000099999999978 0.00000000099999999978 0.00000000099999999978 0.99999999600000000211 0.00000000099999999978 
0.00000680820192265840 0.00000000099999999998 0.00000000099999999998 0.99999318879807719274 0.00000000099999999998 
0.29148073655470008170 0.00000000099999999998 0.00000000099999999998 0.70851926044529989213 0.00000000099999999998 
0.02225341167063264389 0.65711601793394014415 0.00022127555271192516 0.32040929384271510383 0.00000000099999999999 
0.00000000099999999992 0.62854996599521795186 0.00000000099999999992 0.37145003100478218849 0.00000000099999999992 
0.04021527163733026183 0.70047598118368192832 0.00000000099999999998 0.25930874517898783171 0.00000000099999999998 
0.00000000099999999997 0.74061398636167141696 0.00000000099999999997 0.25938601063832861238 0.00000000099999999997 
0.00000000099999999996 0.69617779738403862133 0.00000000099999999996 0.30382219961596146351 0.00000000099999999996 
0.09039586972259165687 0.34845086852590523296 0.06013612019437285239 0.50101714055713009177 0.00000000099999999999 
0.00000000099999999995 0.74825550124095252524 0.00000000099999999995 0.25174449575904750409 0.00000000099999999995 
0.00000000099999999965 0.99999999600000011313 0.00000000099999999965 0.00000000099999999965 0.00000000099999999965 
0.01726024070643821656 0.58513718398795511177 0.00000000099999999997 0.39760257330560677680 0.00000000099999999997 
0.01014256214184990068 0.74512497834948143716 0.00000000099999999998 0.24473245750866862158 0.00000000099999999998 
0.00000000099999999983 0.99999999600000011313 0.00000000099999999983 0.00000000099999999983 0.00000000099999999983 
0.00000000099999999998 0.12797630140288204781 0.00000000099999999998 0.87202369559711789826 0.00000000099999999998 
0.11724260128503082024 0.15798299788924244358 0.02236009650199714469 0.70241430332372956080 0.00000000100000000000 
0.00000000099999999981 0.99999999600000000211 0.00000000099999999981 0.00000000099999999981 0.00000000099999999981 
0.02768440306895993130 0.70867278213265749720 0.05797110031898432270 0.20567171347939827708 0.00000000100000000000 
0.00000000099999999993 0.78462763184719397369 0.00000000099999999993 0.21537236515280602789 0.00000000099999999993 
0.00000000099999999983 0.99999999600000011313 0.00000000099999999983 0.00000000099999999983 0.00000000099999999983 
0.09223095140547007964 0.35321375977299807047 0.27183204567550778297 0.14584119398332906492 0.13688204916269508526 
0.00000000099999999996 0.78908821196664369335 0.00000000099999999996 0.21091178503335639149 0.00000000099999999996 
0.13354711199401261834 0.86645288500598738324 0.00000000099999999997 0.00000000099999999997 0.00000000099999999997 
0.00000000099999999993 0.62518055671062511269 0.00000000099999999993 0.37481944028937491664 0.00000000099999999993 
0.00000000099999999983 0.99999999600000011313 0.00000000099999999983 0.00000000099999999983 0.00000000099999999983 
0.11594836101553884777 0.11986747409677259157 0.02087260238397214626 0.66826051401674047003 0.07505104848697601028 
0.17879983563480075781 0.75150281236396399009 0.00000000099999999999 0.06969735000123523927 0.00000000099999999999 
0.86284766759695774585 0.00000000099999999997 0.02444257802024649498 0.00000000099999999997 0.11270975238279566655 
0.70343340899353734574 0.00000000099999999996 0.02774046229363302113 0.00000000099999999996 0.26882612671282957173 
0.67710323396919536165 0.00000000099999999995 0.00000000099999999995 0.00000000099999999995 0.32289676303080466768 
0.99999999600000000211 0.00000000099999999989 0.00000000099999999989 0.00000000099999999989 0.00000000099999999989 
0.99999999600000000211 0.00000000099999999992 0.00000000099999999992 0.00000000099999999992 0.00000000099999999992 
0.99999999588499377534 0.00000000099999999996 0.00000000111500634715 0.00000000099999999996 0.00000000099999999996 
0.99999999600000011313 0.00000000099999999985 0.00000000099999999985 0.00000000099999999985 0.00000000099999999985 
0.99999999600000000211 0.00000000099999999990 0.00000000099999999990 0.00000000099999999990 0.00000000099999999990 
0.99999999600000000211 0.00000000099999999994 0.00000000099999999994 0.00000000099999999994 0.00000000099999999994 
0.99999999600000000211 0.00000000099999999993 0.00000000099999999993 0.00000000099999999993 0.00000000099999999993 
0.99999999600000000211 0.00000000099999999991 0.00000000099999999991 0.00000000099999999991 0.00000000099999999991 
0.99999999600000011313 0.00000000099999999988 0.00000000099999999988 0.00000000099999999988 0.00000000099999999988 
0.99999999600000000211 0.00000000099999999994 0.00000000099999999994 0.00000000099999999994 0.00000000099999999994 
0.99999999600000011313 0.00000000099999999992 0.00000000099999999992 0.00000000099999999992 0.00000000099999999992 
0.00000000099999999996 0.00000000099999999996 0.13857101773593907823 0.00000000099999999996 0.86142897926406092335 
0.00000000099999999989 0.00000000099999999989 0.00000000099999999989 0.00000000099999999989 0.99999999599999989108 
0.00003691401422431216 0.00000000099999999999 0.10237422942495068290 0.00000000099999999999 0.89758885456082493359 
0.00000000099999999997 0.00000000099999999997 0.18120853458272417891 0.06521479426501503029 0.75357666915226073634 
0.00000000099999999997 0.00000000099999999997 0.05840349030195676749 0.00000000099999999997 0.94159650669804328960 
0.00000000099999999996 0.00000000099999999996 0.08537542417149820984 0.00000000099999999996 0.91462457282850173623 
0.00000000099999999987 0.00000000099999999987 0.00000000099999999987 0.00000000099999999987 0.99999999600000000211 
0.09733239555829710510 0.00000000099999999997 0.07934755866609242980 0.00000000099999999997 0.82332004377561052166 
0.00000000099999999985 0.00000000099999999985 0.00000000099999999985 0.00000000099999999985 0.99999999600000000211 
0.00000000099999999998 0.00000000099999999998 0.00000000099999999998 0.13067600654963795748 0.86932399045036201635 
0.18584302226907864486 0.05810452885807852047 0.02704460938015462723 0.31891540023062109332 0.41009243926206712105 
0.05562798494114484099 0.03936334181077962013 0.09698667500647115136 0.18883409677927812109 0.61918790146232627336 
0.00000000099999999998 0.00000000099999999998 0.00628275521670095417 0.19546225791226032320 0.79825498487103874190 
0.00000000099999999990 0.00000000099999999990 0.00000000099999999990 0.00000000099999999990 0.99999999600000000211 
0.00000000099999999968 0.00000000099999999968 0.99999999600000000211 0.00000000099999999968 0.00000000099999999968 
0.58456790220099397182 0.00000000099999999997 0.00000000099999999997 0.00000000099999999997 0.41543209479900605752 
0.25424171471000889255 0.02572603423810928408 0.16067876334844971575 0.19759293165149571792 0.36176055605193624398 
0.24635589803159968492 0.00000000099999999999 0.31812220233807247949 0.00000000862632365448 0.43552189000400404195 
0.08027964141590999969 0.00000000099999999995 0.76567201902872406016 0.00000000099999999995 0.15404833755536592732 
0.20414348973124732400 0.00000000099999999994 0.79585650726875256655 0.00000000099999999994 0.00000000099999999994 
0.00000000099999999983 0.00000000099999999983 0.99999999600000000211 0.00000000099999999983 0.00000000099999999983 
0.00000000099999999977 0.00000000099999999977 0.99999999600000000211 0.00000000099999999977 0.00000000099999999977 
0.17806958705415446009 0.00000000099999999999 0.25696253005212787990 0.21742901161210817507 0.34753887028160956874 
0.06315326916126084988 0.00000000099999999999 0.72194807337526589741 0.03816490371741550203 0.17673375274605784835 
0.00000000099999999992 0.00000000099999999992 0.99999999599999989108 0.00000000099999999992 0.00000000099999999992 
0.39701971585893686134 0.00000000099999999998 0.12199916022909235158 0.09664158161455041474 0.38433954129742037287 
0.00000000099999999996 0.21262574172413281626 0.78737425527586724083 0.00000000099999999996 0.00000000099999999996 
0.91297688928944797926 0.00000002556769348381 0.08702308314285850388 0.00000000099999999999 0.00000000099999999999 
0.00000000099999999992 0.00000000099999999992 0.99999999600000000211 0.00000000099999999992 0.00000000099999999992 
0.40451016542041168256 0.00000000099999999999 0.13074504590522717518 0.11177714544864418567 0.35296764222571697101 
0.26168188056085095461 0.00000000099999999999 0.27083573611658517954 0.13792673998299417870 0.32955564233956957665 
0.83162666175143962199 0.00000000099999999998 0.00000000099999999998 0.00000000099999999998 0.16837333524856049061 
0.61624900142172123196 0.00000000099999999999 0.00000000099999999999 0.30412453901334118855 0.07962645756493767768 
0.77759666957028372725 0.00000000099999999997 0.02789245248685602585 0.00000000099999999997 0.19451087594286026183 
0.99999878863101554494 0.00000000099999999992 0.00000000099999999992 0.00000000099999999992 0.00000120836898465816 
0.88249838643590827747 0.00000000099999999995 0.00000000099999999995 0.00000000099999999995 0.11750161056409177962 
0.27550818339557847647 0.00000000099999999992 0.00000000099999999992 0.00000000099999999992 0.72449181360442149735 
0.53083357756159055274 0.00000000099999999999 0.00000000099999999999 0.01218233832819446208 0.45698408211021496195 
0.53292559634672931335 0.19915345345372803543 0.16482649634659535254 0.00000000100000000000 0.10309445285294731309 
0.59104339718786680358 0.00000000099999999998 0.10076984496929158874 0.00000000099999999998 0.30818675584284171975 
0.26295970600259710448 0.00000000099999999994 0.00000000099999999994 0.00000000099999999994 0.73704029099740275832 
0.21449335678811223826 0.00000000099999999993 0.00000000099999999993 0.00000000099999999993 0.78550664021188765229 
0.37931993741079339522 0.00000000099999999993 0.00000000099999999993 0.00000000099999999993 0.62068005958920635656 
0.22376125727296658496 0.00000000099999999994 0.00000000099999999994 0.00000000099999999994 0.77623873972703327784 
0.57236371323876378270 0.00000000099999999999 0.01954345585328638724 0.04093449528717402197 0.36715833462077601679 
0.00000000099999999986 0.00000000099999999986 0.00000000099999999986 0.00000000099999999986 0.99999999599999989108 
0.00000000099999999995 0.00000000099999999995 0.00000000099999999995 0.00000000099999999995 0.99999999600000000211 
