0.00000000099999999989 0.00000000099999999989 0.00000000099999999989 0.00000000099999999989 0.00000000099999999989 0.99999999400000005867 0.00000000099999999989 
0.00000000099999999988 0.00000000099999999988 0.00000000099999999988 0.00000000099999999988 0.00000000099999999988 0.99999999400000005867 0.00000000099999999988 
0.00000000099999999988 0.00000000099999999988 0.00000000099999999988 0.00000000099999999988 0.00000000099999999988 0.99999999400000005867 0.00000000099999999988 
0.00000000099999999989 0.00000000099999999989 0.00000000099999999989 0.00000000099999999989 0.00000000099999999989 0.99999999399999994765 0.00000000099999999989 
0.09597797244576745934 0.00000000099999999993 0.00000000099999999993 0.00000000099999999993 0.00000000099999999993 0.90402202255423258492 0.00000000099999999993 
0.65504969557258840851 0.00000000099999999985 0.00000000099999999985 0.00000000099999999985 0.00000000099999999985 0.34495029942741162188 0.00000000099999999985 
0.00000000099999999993 0.00000000099999999993 0.00000000099999999993 0.00000000099999999993 0.00000000099999999993 0.99999999400000005867 0.00000000099999999993 
0.19097267211015914179 0.00000000099999999990 0.00000000099999999990 0.00000000099999999990 0.00000000099999999990 0.80902732288984080533 0.00000000099999999990 
0.99999999400000016969 0.00000000099999999939 0.00000000099999999939 0.00000000099999999939 0.00000000099999999939 0.00000000099999999939 0.00000000099999999939 
0.55357394773956580813 0.00000000099999999992 0.00000000099999999992 0.00000000099999999992 0.00000000099999999992 0.44642604726043422225 0.00000000099999999992 
0.99999999400000005867 0.00000000099999999978 0.00000000099999999978 0.00000000099999999978 0.00000000099999999978 0.00000000099999999978 0.00000000099999999978 
0.99999999400000016969 0.00000000099999999953 0.00000000099999999953 0.00000000099999999953 0.00000000099999999953 0.00000000099999999953 0.00000000099999999953 
0.72442161706715757497 0.00000000099999999999 0.00000000099999999999 0.17107500985783594127 0.00000000099999999999 0.10450336907500668016 0.00000000099999999999 
0.10898281272741160153 0.00000000099999999996 0.01668484725625558190 0.09645572012004784146 0.00000000099999999996 0.77787661689628506689 0.00000000099999999996 
0.10926467668515278675 0.00000000099999999998 0.00000000099999999998 0.02093447488059845679 0.61422931127431779075 0.25557153415993094647 0.00000000099999999998 
0.08788290507220093695 0.00000000099999999990 0.00000000099999999990 0.00000000099999999990 0.58512197103601804038 0.32699511989178109417 0.00000000099999999990 
0.00000000099999999994 0.00000000099999999994 0.00000000099999999994 0.00000000099999999994 0.55517718788216185999 0.44482280711783800387 0.00000000099999999994 
0.00000000099999999992 0.00000000099999999992 0.00000000099999999992 0.00000000099999999992 0.62831168145954185977 0.37168831354045805959 0.00000000099999999992 
0.00000000099999999989 0.00000000099999999989 0.00000000099999999989 0.00000000099999999989 0.57948412308848773478 0.42051587191151212908 0.00000000099999999989 
0.00000000099999999996 0.00000000099999999996 0.00000000099999999996 0.00000000099999999996 0.24385219608898442423 0.75614779891101557840 0.00000000099999999996 
0.00000000099999999989 0.00000000099999999989 0.00000000099999999989 0.00000000099999999989 0.64149757939503648796 0.35850241560496348692 0.00000000099999999989 
0.00000000099999999947 0.00000000099999999947 0.00000000099999999947 0.00000000099999999947 0.99999999399999994765 0.00000000099999999947 0.00000000099999999947 
0.39948099161859562667 0.00000000099999999994 0.00000000099999999994 0.00000000099999999994 0.60051900338140429270 0.00000000099999999994 0.00000000099999999994 
0.05157597175020879610 0.00000000099999999997 0.00000185085309758466 0.00000000099999999997 0.69269857533336498534 0.25572359906332858825 0.00000000099999999997 
0.00000000099999999976 0.00000000099999999976 0.00000000099999999976 0.00000000099999999976 0.99999999400000005867 0.00000000099999999976 0.00000000099999999976 
0.16008086494369561104 0.00000000099999999995 0.00000000099999999995 0.00000000099999999995 0.07681151794136339972 0.76310761311494101911 0.00000000099999999995 
0.23785353163423714196 0.00000000099999999999 0.01087748018742279790 0.00000000099999999999 0.11505835017006688092 0.61926379112041418651 0.01694684488785890703 
0.00000000099999999973 0.00000000099999999973 0.00000000099999999973 0.00000000099999999973 0.99999999400000005867 0.00000000099999999973 0.00000000099999999973 
0.06308787595312882746 0.00000000099999999999 0.00000000099999999999 0.01585356784538038966 0.65565921664656812151 0.21535126109905944336 0.05004807645586312886 
0.00000000099999999987 0.00000000099999999987 0.00000000099999999987 0.00000000099999999987 0.67751237206027015159 0.32248762293972971227 0.00000000099999999987 
0.00000000099999999975 0.00000000099999999975 0.00000000099999999975 0.00000000099999999975 0.99999999399999994765 0.00000000099999999975 0.00000000099999999975 
0.03437744838696163430 0.12168309230726254144 0.05264073646316798361 0.04585930784910639824 0.30629770899306091314 0.19465809530302891073 0.24448361069741164631 
0.00000000099999999989 0.00000000099999999989 0.00000000099999999989 0.00000000099999999989 0.66523426374510163939 0.33476573125489822447 0.00000000099999999989 
0.00000000099999999994 0.00000000099999999994 0.00000000099999999994 0.00000000099999999994 0.69880130406872698057 0.30119869093127299431 0.00000000099999999994 
0.08936858865173390176 0.00000000099999999990 0.00000000099999999990 0.00000000099999999990 0.56225314703162443397 0.34837826031664165249 0.00000000099999999990 
0.00000000099999999977 0.00000000099999999977 0.00000000099999999977 0.00000000099999999977 0.99999999400000005867 0.00000000099999999977 0.00000000099999999977 
0.00000000099999999995 0.00000000099999999995 0.00000000099999999995 0.00000000099999999995 0.00000000099999999995 0.99999999399999994765 0.00000000099999999995 
0.00000000099999999996 0.00000000099999999996 0.00000000099999999996 0.00000000099999999996 0.57323211215813862918 0.42676788284186123468 0.00000000099999999996 
0.00000000099999999997 0.00000000099999999997 0.58254492430824855731 0.37693289431729315453 0.00000000099999999997 0.00000000099999999997 0.04052217737445835272 
0.00000000099999999995 0.01200891561455035353 0.39384256060939132338 0.54926479927591920216 0.00000000099999999995 0.00000000099999999995 0.04488372150013917455 
0.00000000099999999995 0.06228457932749243559 0.34426882242604517348 0.59344659424646239998 0.00000000099999999995 0.00000000099999999995 0.00000000099999999995 
0.00000000099999999981 0.00000000099999999981 0.99999999399999994765 0.00000000099999999981 0.00000000099999999981 0.00000000099999999981 0.00000000099999999981 
0.00000000099999999987 0.00000000099999999987 0.99999999399999994765 0.00000000099999999987 0.00000000099999999987 0.00000000099999999987 0.00000000099999999987 
0.00000000099999999991 0.00000000099999999991 0.99999999400000005867 0.00000000099999999991 0.00000000099999999991 0.00000000099999999991 0.00000000099999999991 
0.00000000099999999975 0.00000000099999999975 0.99999999400000005867 0.00000000099999999975 0.00000000099999999975 0.00000000099999999975 0.00000000099999999975 
0.00000000099999999983 0.00000000099999999983 0.99999999399999994765 0.00000000099999999983 0.00000000099999999983 0.00000000099999999983 0.00000000099999999983 
0.00000000099999999994 0.00000000099999999994 0.99974251545045755840 0.00025747954954251010 0.00000000099999999994 0.00000000099999999994 0.00000000099999999994 
0.00000000099999999985 0.00000000099999999985 0.99999999399999994765 0.00000000099999999985 0.00000000099999999985 0.00000000099999999985 0.00000000099999999985 
0.00000000099999999983 0.00000000099999999983 0.99999999400000005867 0.00000000099999999983 0.00000000099999999983 0.00000000099999999983 0.00000000099999999983 
0.00000000099999999981 0.00000000099999999981 0.99999999400000005867 0.00000000099999999981 0.00000000099999999981 0.00000000099999999981 0.00000000099999999981 
0.00000000099999999988 0.00000000099999999988 0.99999999400000005867 0.00000000099999999988 0.00000000099999999988 0.00000000099999999988 0.00000000099999999988 
0.00000000099999999990 0.00000000099999999990 0.89024348262855479419 0.10975651237144529171 0.00000000099999999990 0.00000000099999999990 0.00000000099999999990 
0.00000000099999999986 0.99999999400000016969 0.00000000099999999986 0.00000000099999999986 0.00000000099999999986 0.00000000099999999986 0.00000000099999999986 
0.00000000099999999984 0.99170032844751709877 0.00000000099999999984 0.00829966655248302876 0.00000000099999999984 0.00000000099999999984 0.00000000099999999984 
0.00000000099999999991 0.99999999400000005867 0.00000000099999999991 0.00000000099999999991 0.00000000099999999991 0.00000000099999999991 0.00000000099999999991 
0.00000000099999999996 0.87919489507180026422 0.00000000099999999996 0.00000000099999999996 0.00000000099999999996 0.02177717390406458051 0.09902792702413523718 
0.00000000099999999991 0.99999999400000016969 0.00000000099999999991 0.00000000099999999991 0.00000000099999999991 0.00000000099999999991 0.00000000099999999991 
0.00000000099999999994 0.76927750200731948027 0.00000000099999999994 0.19601547409622999130 0.00000000099999999994 0.00000000099999999994 0.03470701989645053748 
0.00000000099999999980 0.99999999400000005867 0.00000000099999999980 0.00000000099999999980 0.00000000099999999980 0.00000000099999999980 0.00000000099999999980 
0.00000000099999999993 0.99999999400000005867 0.00000000099999999993 0.00000000099999999993 0.00000000099999999993 0.00000000099999999993 0.00000000099999999993 
0.00000000099999999971 0.99999999400000016969 0.00000000099999999971 0.00000000099999999971 0.00000000099999999971 0.00000000099999999971 0.00000000099999999971 
0.00000000099999999995 0.62853495798276126649 0.00000000099999999995 0.25495894316296152660 0.00000000099999999995 0.11650609485427719514 0.00000000099999999995 
0.07023878884219458829 0.38243199036048008965 0.19253497880473344206 0.00000000099999999998 0.00000000099999999998 0.35479423899259193709 0.00000000099999999998 
0.00000000099999999997 0.68219364626778833394 0.02489641151780451478 0.00000000099999999997 0.00000000099999999997 0.29290993821440713951 0.00000000099999999997 
0.00000000099999999996 0.24122441798490978915 0.00000000099999999996 0.49720407046732501000 0.00000000099999999996 0.25650387277218211768 0.00506763577558299715 
0.00000000099999999978 0.99999999400000005867 0.00000000099999999978 0.00000000099999999978 0.00000000099999999978 0.00000000099999999978 0.00000000099999999978 
0.00000000099999999952 0.00000000099999999952 0.00000000099999999952 0.00000000099999999952 0.00000000099999999952 0.00000000099999999952 0.99999999399999994765 
0.00000000099999999997 0.13458242309075799104 0.31215887638756684153 0.55325869652167514179 0.00000000099999999997 0.00000000099999999997 0.00000000099999999997 
0.00000000099999999998 0.34574946552029295344 0.19604615353257726085 0.07724364546741434301 0.00000000099999999998 0.31542752233089793590 0.06553321114881761889 
0.00000000099999999997 0.39850590622230236404 0.24479930775627356532 0.12030921719306532369 0.00000000099999999997 0.00020434117346492190 0.23618122565489388376 
0.00000000099999999993 0.18011630517445595401 0.00000000099999999993 0.11879034147788467002 0.00000000099999999993 0.00000000099999999993 0.70109334934765943359 
0.00000000099999999992 0.00000000099999999992 0.05857541952168371369 0.17865282850524927261 0.00000000099999999992 0.00000000099999999992 0.76277174797306701581 
0.00000000099999999975 0.00000000099999999975 0.00000000099999999975 0.00000000099999999975 0.00000000099999999975 0.00000000099999999975 0.99999999399999994765 
0.00000000099999999966 0.00000000099999999966 0.00000000099999999966 0.00000000099999999966 0.00000000099999999966 0.00000000099999999966 0.99999999399999994765 
0.00000000099999999997 0.27271591491075269920 0.24867203308424926100 0.00900447266928961626 0.00000000099999999997 0.29150480845493398352 0.17810276888077453128 
0.00000000099999999998 0.19739690119189381989 0.08328436044684661699 0.00000000099999999998 0.00000000099999999998 0.03462352045258370453 0.68469521490867579772 
0.00000000099999999987 0.00000000099999999987 0.00000000099999999987 0.00000000099999999987 0.00000000099999999987 0.00000000099999999987 0.99999999400000005867 
0.08423928333211709585 0.21664634043318800605 0.13603619688634166485 0.47171415503859442930 0.00000000099999999998 0.00000009384908548581 0.09136392946067332932 
0.05112815831577658537 0.00000000099999999993 0.00000000099999999993 0.00000000099999999993 0.18890148442235954462 0.00000000099999999993 0.75997035326186390680 
0.00000000099999999998 0.00000000099999999998 0.00000000099999999998 0.96194190383229261077 0.03805809116770747513 0.00000000099999999998 0.00000000099999999998 
0.00000000099999999989 0.00000000099999999989 0.00000000099999999989 0.00000000099999999989 0.00000000099999999989 0.00000000099999999989 0.99999999400000005867 
0.10620112790473625053 0.19493312448069541332 0.14909219070536303131 0.43306040885200802748 0.00000000099999999999 0.03231671072109895682 0.08439643633609845985 
0.00000000099999999998 0.33537963338696774596 0.32238879293893202282 0.00000000099999999998 0.00000000099999999998 0.14684610062290723298 0.19538547005119305533 
0.00000000099999999994 0.00000000099999999994 0.00000000099999999994 0.99999999399999994765 0.00000000099999999994 0.00000000099999999994 0.00000000099999999994 
0.28450570485324777614 0.00000000099999999998 0.03592596831178387906 0.67956832283496826363 0.00000000099999999998 0.00000000099999999998 0.00000000099999999998 
0.00000000099999999996 0.00000000099999999996 0.10647787435403095746 0.89352212064596903129 0.00000000099999999996 0.00000000099999999996 0.00000000099999999996 
0.00000000099999999989 0.00000000099999999989 0.17938687531008451481 0.82061311968991546006 0.00000000099999999989 0.00000000099999999989 0.00000000099999999989 
0.00000000099999999990 0.00000000099999999990 0.00000000099999999990 0.99999999399999994765 0.00000000099999999990 0.00000000099999999990 0.00000000099999999990 
0.00000000099999999981 0.00000000099999999981 0.00000000099999999981 0.99999999400000005867 0.00000000099999999981 0.00000000099999999981 0.00000000099999999981 
0.03313895911252479065 0.26582919648152875114 0.31243635906343875108 0.38859548234250773646 0.00000000099999999998 0.00000000099999999998 0.00000000099999999998 
0.00000000099999999997 0.00000000099999999997 0.00000000099999999997 0.73957494550306801528 0.16591740990866093997 0.00000000099999999997 0.09450764058827092196 
0.00000000099999999997 0.02613399102984351879 0.30024937396929368694 0.54530218747349012975 0.00000000099999999997 0.00000000099999999997 0.12831444452737261752 
0.00000000099999999986 0.00000000099999999986 0.00000000099999999986 0.99999999399999994765 0.00000000099999999986 0.00000000099999999986 0.00000000099999999986 
0.00000000099999999979 0.00000000099999999979 0.00000000099999999979 0.99999999399999994765 0.00000000099999999979 0.00000000099999999979 0.00000000099999999979 
0.00000000099999999984 0.00000000099999999984 0.00000000099999999984 0.99999999400000005867 0.00000000099999999984 0.00000000099999999984 0.00000000099999999984 
0.00000000099999999989 0.00000000099999999989 0.00000000099999999989 0.99999999399999994765 0.00000000099999999989 0.00000000099999999989 0.00000000099999999989 
0.02936048758155687666 0.11797242566492963101 0.38582385976869715272 0.42416515742159510705 0.00000000099999999998 0.00000000099999999998 0.04267806756322132383 
0.00000000099999999967 0.00000000099999999967 0.00000000099999999967 0.99999999399999994765 0.00000000099999999967 0.00000000099999999967 0.00000000099999999967 
0.00000000099999999993 0.00000000099999999993 0.00000000099999999993 0.99999999399999994765 0.00000000099999999993 0.00000000099999999993 0.00000000099999999993 
