0.44103983586212142098 0.45473357022869970168 0.10422659390917897448 
0.47054555551993870743 0.44119408434773399463 0.08826036013232721467 
0.52685723687341134980 0.34271661961313432121 0.13042614351345432899 
0.61545147337412053901 0.31881028358405300027 0.06573824304182641909 
0.68370854979390716100 0.25077506456520937128 0.06551638564088334282 
0.58140739444759803600 0.39577982184102528107 0.02281278371137668987 
0.58119114817613526380 0.41873702558845810051 0.00007182623540666775 
0.63078112185114221244 0.20729626334796280585 0.16192261480089498171 
0.58334859326368071475 0.24441715484173670569 0.17223425189458246853 
0.54868299541647602702 0.35040193097814903433 0.10091507360537489701 
0.76833806605510279741 0.15812761052872359446 0.07353432341617356649 
0.71736205340553260701 0.16429494951325365748 0.11834299708121379102 
0.55210473637921964052 0.30991126730136997480 0.13798399631941032917 
0.76014345380883974190 0.23849725219593470582 0.00135929399522561733 
0.40652137067657934111 0.22117478348787267262 0.37230384583554787525 
0.54560961496353532763 0.29882481796103554927 0.15556556707542912310 
0.55116541929956730517 0.35909795383752696196 0.08973662686290564960 
0.53546410618654383118 0.19215896902069309893 0.27237692479276315316 
0.64168659912105963095 0.16113919078551128261 0.19717421009342908644 
0.43491480703475482450 0.38316755192839208055 0.18191764103685309495 
0.60581789264228658176 0.27212694390099029240 0.12205516345672320910 
0.49833285507224217570 0.46942557128001854982 0.03224157364773935774 
0.63313791047240752796 0.36686208839748024602 0.00000000113011220579 
0.46605846156277375147 0.30230818211569682186 0.23163335632152956545 
0.69688861974010019029 0.21735738670537096962 0.08575399355452878458 
0.53897050389684619809 0.34419096428856971182 0.11683853181458418724 
0.52649665669753253905 0.23576981146918180032 0.23773353183328566063 
0.69165608544830448068 0.13316871824502043986 0.17517519630667513497 
0.54414612059665112831 0.38057784522676973982 0.07527603417657920126 
0.55274668597846965401 0.33398966181480577164 0.11326365220672456047 
0.71224742421935749448 0.16309877173730749633 0.12465380404333498143 
0.63754988048729033245 0.36245011494213369430 0.00000000457057589999 
0.56418401638864412728 0.42915019241935886685 0.00666579119199702929 
0.72701195819234964990 0.23525998114872956335 0.03772806065892078675 
0.69243889100908162515 0.21093790662047895434 0.09662320237043951765 
0.52726765116646545639 0.37901445057436028430 0.09371789825917431482 
0.62023772368734764182 0.17579864249030119350 0.20396363382235113693 
0.57284464427236336803 0.27649795676007477008 0.15065739896756197291 
0.46319196573773407932 0.31761606995898006289 0.21919196430328591330 
0.49019087944159356329 0.35073947845022640513 0.15906964210818000383 
0.78541761178987823389 0.00247983585586091871 0.21210255235426081488 
0.52324618270759304384 0.33419216997152223492 0.14256164732088480451 
0.56854934974723081442 0.16385342481740894360 0.26759722543536013095 
0.51772653335710017153 0.35365788974012563051 0.12861557690277419796 
0.65711715650446522741 0.27982629744255260729 0.06305654605298213755 
0.44879303469740799981 0.32292313851816223380 0.22828382678442979414 
0.77869391741531757134 0.17161471074834322437 0.04969137183633908633 
0.67269813151633683912 0.18949969199211599835 0.13780217649154699600 
0.82164675575645584882 0.06110160848768384639 0.11725163575586014519 
0.73664804767101954575 0.25108523778656510750 0.01226671454241539186 
0.50872072973557880271 0.25592151252645428672 0.23535775773796693833 
0.85904860016757855767 0.03922886671626620025 0.10172253311615522819 
0.86610979312001556973 0.00839121339869061504 0.12549899348129378573 
0.54612360066906617817 0.25046045593036742050 0.20341594340056648460 
0.85091173622210780625 0.10249913736175234047 0.04658912641613974920 
0.76041668111298610366 0.13330062849029339356 0.10628269039672043339 
0.67014851787823559448 0.15434093843108090405 0.17551054369068350147 
0.95269254105494838303 0.04730602697670019396 0.00000143196835142778 
0.70217174880324073616 0.14091142919250498888 0.15691682200425430271 
0.67134503874175210925 0.09373686039096602862 0.23491810086728179274 
0.45069477261925294798 0.38301464888877356785 0.16629057849197353969 
0.92604077370924675616 0.00000000100000000000 0.07395922529075321661 
0.99999999799999994554 0.00000000099999999999 0.00000000099999999999 
0.93442886222775223271 0.06124548054904881828 0.00432565722319904356 
0.89066495021716185487 0.00000000100000000000 0.10933504878283824280 
0.89601162789024946242 0.02641735306848977394 0.07757101904126068037 
0.74816699599527158870 0.00571712645821035367 0.24611587754651811921 
0.78575352947577414842 0.02641686261888555320 0.18782960790534034001 
0.86722391497820106032 0.13111170423384796435 0.00166438078795103778 
0.77412799758568062725 0.08426284013526720573 0.14160916227905223641 
0.99999999800000005656 0.00000000099999999997 0.00000000099999999997 
0.99999999799999994554 0.00000000099999999997 0.00000000099999999997 
0.99999999800000005656 0.00000000099999999998 0.00000000099999999998 
0.92241591603179828862 0.00000000100000000000 0.07758408296820168415 
0.99999999799999994554 0.00000000099999999997 0.00000000099999999997 
0.95792702865944456825 0.04207297034055547391 0.00000000099999999999 
0.99999999799999994554 0.00000000099999999997 0.00000000099999999997 
0.99999999799999994554 0.00000000099999999996 0.00000000099999999996 
0.99999999799999994554 0.00000000099999999996 0.00000000099999999996 
0.91390559546575522720 0.08609429804374585382 0.00000010649049898423 
0.70616855614784967976 0.08347188048756097600 0.21035956336458933036 
0.99999999799999994554 0.00000000099999999998 0.00000000099999999998 
0.86960711525034839475 0.06969166421572195458 0.06070122053392965067 
0.99999999800000005656 0.00000000099999999998 0.00000000099999999998 
0.99999999800000005656 0.00000000099999999997 0.00000000099999999997 
0.99999999799999994554 0.00000000099999999995 0.00000000099999999995 
0.83401889290211594918 0.14881062313274881492 0.01717048396513522548 
0.98947605954438255793 0.01052393945561744086 0.00000000100000000000 
0.76395704272924047640 0.14100142021486872235 0.09504153705589087064 
0.99514060046456276343 0.00485939853543722929 0.00000000100000000000 
0.99999999800000005656 0.00000000099999999998 0.00000000099999999998 
0.80095845500526130500 0.00000000100000000000 0.19904154399473869552 
0.14309477792562808052 0.07122147992802402294 0.78568374214634784103 
0.12395307101332178612 0.57802717948338488974 0.29801974950329346292 
0.04471952715502302417 0.54613791101794539884 0.40914256182703157005 
0.87288075194363745624 0.12710328589636241126 0.00001596216000011779 
0.77995644180924039723 0.20886411122781572969 0.01117944696294393553 
0.99999999800000005656 0.00000000099999999999 0.00000000099999999999 
0.99999999799999994554 0.00000000099999999994 0.00000000099999999994 
0.99999999799999994554 0.00000000099999999999 0.00000000099999999999 
0.99999999799999994554 0.00000000099999999997 0.00000000099999999997 
0.99999999800000005656 0.00000000099999999998 0.00000000099999999998 
0.89599096670349465121 0.04340523347093325213 0.06060379982557220074 
0.99999999799999994554 0.00000000099999999996 0.00000000099999999996 
0.99999999800000005656 0.00000000099999999992 0.00000000099999999992 
0.94781850029253522649 0.00000000099999999999 0.05218149870746487812 
0.91947476487563517544 0.00000000100000000000 0.08052523412436478345 
0.99999999800000005656 0.00000000099999999998 0.00000000099999999998 
0.94817343373964035891 0.00003729069760462421 0.05178927556275493560 
0.74037128887851644254 0.09772693265938846297 0.16190177846209505286 
0.99999999800000005656 0.00000000099999999996 0.00000000099999999996 
0.94362633253678207534 0.01913057295131840099 0.03724309451189958264 
0.99999999800000005656 0.00000000099999999995 0.00000000099999999995 
0.99999999799999994554 0.00000000099999999996 0.00000000099999999996 
0.43213249527797892302 0.43697545984229557714 0.13089204487972549984 
0.99999999799999994554 0.00000000099999999998 0.00000000099999999998 
0.96429244238136102574 0.03570755661863907193 0.00000000100000000000 
0.99999999800000005656 0.00000000099999999997 0.00000000099999999997 
0.99999999800000005656 0.00000000099999999995 0.00000000099999999995 
0.74728708847039559959 0.20020211652545541470 0.05251079500414902734 
0.90530289774611261144 0.07318191857678972567 0.02151518367709765595 
0.02308497168615418482 0.93884070645209283246 0.03807432186175294109 
0.06433154165654958456 0.90113558097916113265 0.03453287736428936605 
0.08524492075360451393 0.87763938046580391994 0.03711569878059167715 
0.04463657697273559766 0.71473578154187178413 0.24062764148539272924 
0.00000000100000000000 0.86320969573368711014 0.13679030326631297365 
0.00000000100000000000 0.84776227787599178765 0.15223772112400824064 
0.00000666268357576478 0.98833056751992809374 0.01166276979649612765 
0.00000000100000000000 0.99564454670140423165 0.00435545229859582873 
0.05646311319947644458 0.78730816237201273200 0.15622872442851065689 
0.09496939017879191258 0.70297899065339386482 0.20205161916781427811 
0.12083048651883866731 0.75027799685783702621 0.12889151662332426485 
0.02830854521970087995 0.93769262326795577156 0.03399883151234336237 
0.00000000100000000000 0.81084143681113207691 0.18915856218886809015 
0.00000000100000000000 0.81746145876965203847 0.18253854023034787879 
0.00281147347283799108 0.89543209301333381855 0.10175643351382814006 
0.00000000099999999999 0.98188251243562374437 0.01811748656437624921 
0.07012646705493762178 0.79501913984313188344 0.13485439310193045315 
0.07263032462565424674 0.73212144985312688217 0.19524822552121884334 
0.14920271757021047465 0.59387015303947698897 0.25692712939031248087 
0.08199950469290467892 0.54990864085647228610 0.36809185445062297948 
0.01743795534270455722 0.75033603124452086242 0.23222601341277449016 
0.00000000100000000000 0.81082157895481177246 0.18917842004518822807 
0.00000000100000000000 0.79894195843555670944 0.20105804056444320782 
0.00000000099999999998 0.99999999800000005656 0.00000000099999999998 
0.00000000099999999997 0.99999999800000005656 0.00000000099999999997 
0.06184686909985612213 0.86775535383911606147 0.07039777706102781640 
0.00000000099999999998 0.99999999800000005656 0.00000000099999999998 
0.03371789767452287173 0.88279328757434571973 0.08348881475113140160 
0.00000000099999999997 0.99999999800000005656 0.00000000099999999997 
0.71758649554106479496 0.01187982465437614071 0.27053367980455905739 
0.18674881986935809586 0.57276072032780933618 0.24049045980283265123 
0.00000000100000000000 0.79506908240573392899 0.20493091659426621032 
0.08409858183507949725 0.85203531903359508437 0.06386609913132533511 
0.00017454075343587729 0.84225739241411234914 0.15756806683245175305 
0.05578204408169205875 0.76921497274196204419 0.17500298317634582768 
0.03438417394655018250 0.77844986739594135283 0.18716595865750848549 
0.02990726373861220602 0.82020807506576698387 0.14988466119562085521 
0.09180967699025047168 0.77885407224674230164 0.12933625076300722667 
0.00000000100000000000 0.84127409387225948745 0.15872590512774051308 
0.59941359521399528720 0.08322745414333951319 0.31735895064266517185 
0.75229325687676906753 0.00000667380011975487 0.24770006932311128267 
0.00000000100000000000 0.86811938646841046996 0.13188061253158950281 
0.99999999800000005656 0.00000000099999999994 0.00000000099999999994 
0.00000000100000000000 0.64318926377256313565 0.35681073522743689264 
0.00000000099999999999 0.60837496520991030113 0.39162503379008961613 
0.00000000100000000000 0.63912801803501895215 0.36087198096498096511 
0.00000000099999999999 0.68478188086943425628 0.31521811813056571649 
0.00000000099999999999 0.98888155392355003848 0.01111844507645008522 
0.10305767144694910620 0.63428965191594643969 0.26265267663710439860 
0.00000000099999999999 0.86695813062291893214 0.13304186837708095736 
0.00000000099999999999 0.83123729186124772905 0.16876270713875224372 
0.00000000099999999997 0.99999999800000005656 0.00000000099999999997 
0.00000000099999999997 0.99999999800000005656 0.00000000099999999997 
0.00000000099999999998 0.99999999799999994554 0.00000000099999999998 
0.03425150702488376220 0.71205548947061936271 0.25369300350449697223 
0.02778259484584494690 0.79070297030306324615 0.18151443485109189369 
0.07426794939879939605 0.72443668593489474183 0.20129536466630595926 
0.00000000100000000000 0.70102429270012067697 0.29897570629987924029 
0.00000000100000000000 0.89134949773805305373 0.10865050126194683577 
0.00000000099999999999 0.96038438195994069169 0.03961561704005944068 
0.15493639819603308161 0.69884405748738387398 0.14621954431658307216 
0.00000000100000000000 0.83812023090879617104 0.16187976809120382948 
0.00000000099999999999 0.77643400783940563770 0.22356599116059444610 
0.01216227560656770075 0.74136494970484745348 0.24647277468858500016 
0.00000000100000000000 0.72104808114793694784 0.27895191785206308044 
0.13973200141133798602 0.59007500376268773312 0.27019299482597436413 
0.16217445887141981875 0.60401824199298126405 0.23380729913559902822 
0.14621761955216741602 0.59453849133149849759 0.25924388911633411414 
0.00000000100000000000 0.88154500474327535109 0.11845499425672471883 
0.00000000100000000000 0.83881151593699843083 0.16118848306300165296 
0.00000000099999999999 0.76272223048355636266 0.23727776851644363787 
0.03978825303766936328 0.78416771226549819573 0.17604403469683246874 
0.01336680261653401709 0.77148463587258231389 0.21514856151088368463 
0.11402244336863721907 0.65442025673318926504 0.23155729989817361303 
0.00000000099999999999 0.72834212836450806794 0.27165787063549184932 
0.00000000099999999999 0.82116170816489508777 0.17883829083510480173 
0.00000234056377990587 0.67103111238168422492 0.32896654705453592937 
0.04913407244081655079 0.79649279548524898331 0.15437313207393449366 
0.03635756073360237040 0.66209249595205821315 0.30154994331433931931 
0.05722081950445506715 0.65768488863963037172 0.28509429185591450562 
0.00000000099999999999 0.76033760774273995153 0.23966239125726002124 
0.10931234252205154767 0.67631353005129946077 0.21437412742664890830 
0.17036052489831049472 0.69013720552732238378 0.13950226957436717701 
0.06651850689834661046 0.83835368636603535553 0.09512780673561797851 
0.14702678020802345538 0.71550440326503972344 0.13746881652693687670 
0.00000000100000000000 0.77406238868251719953 0.22593761031748277324 
0.07561048887171367694 0.89242186882855267793 0.03196764229973357574 
0.03478737447570552643 0.80595235700693779179 0.15926026851735672341 
0.00000000099999999999 0.76069120821825642054 0.23930879078174357999 
0.09511796939314459687 0.80512867485842765092 0.09975335574842793263 
0.00000000099999999999 0.00000000099999999999 0.99999999800000005656 
0.00000000099999999999 0.19759130416789918994 0.80240869483210086610 
0.00000000099999999999 0.00000000099999999999 0.99999999800000005656 
0.00000000100000000000 0.09083192381787176528 0.90916807518212816586 
0.03800307174717062336 0.23722486176766688359 0.72477206648516256937 
0.00001574393365062116 0.35067282598155186113 0.64931143008479752510 
0.70784778444531704089 0.27824968606103528401 0.01390252949364768377 
0.11270322942826260793 0.00000000100000000000 0.88729676957173730933 
0.00248259976281894109 0.30931385781820047720 0.68820354241898062941 
0.00784754599998015168 0.21683387621349953234 0.77531857778652035762 
0.03348672259423860625 0.61733141418849002413 0.34918186321727157084 
0.00288879751111597877 0.00000000099999999999 0.99711120148888399140 
0.12132338900343350718 0.22916745376215430507 0.64950915723441215999 
0.00763245852199448058 0.02472852984905294857 0.96763901162895260555 
0.00000000099999999999 0.25217446785158165179 0.74782553114841843200 
0.00000000099999999999 0.07317729535635764115 0.92682270364364227611 
0.00000000099999999999 0.00000000099999999999 0.99999999799999994554 
0.00000000099999999999 0.35808278552380479187 0.64191721347619512539 
0.00995664333444962191 0.30352761544433415342 0.68651574122121628019 
0.02819412128898081751 0.03620793780148089808 0.93559794090953818380 
0.00000000099999999997 0.00000000099999999997 0.99999999800000005656 
0.00000000099999999997 0.00000000099999999997 0.99999999800000005656 
0.00000000099999999997 0.00000000099999999997 0.99999999799999994554 
0.00000000099999999997 0.00000000099999999997 0.99999999799999994554 
0.00000000099999999999 0.13878511563451209621 0.86121488336548790432 
0.00000000100000000000 0.00951772686411655848 0.99048227213588346807 
0.00000000100000000000 0.08638117371845607795 0.91361882528154381156 
0.01161007679173764809 0.11268637249608674800 0.87570355071217553800 
0.08394507234552178732 0.13217294151936678781 0.78388198613511150814 
0.03412076795791422340 0.23264617220630129379 0.73323305983578457301 
0.65558239752080371687 0.03489843697863265898 0.30951916550056352007 
0.90872930235630500206 0.08927628450530569748 0.00199441313838920288 
0.06069335804707518683 0.00000000099999999999 0.93930664095292470961 
0.01609183668743811857 0.17331045035791667330 0.81059771295464522201 
0.19400533070791747825 0.00332878479207195316 0.80266588450001064015 
0.00000000099999999997 0.00000000099999999997 0.99999999800000005656 
0.00000000099999999999 0.00000000099999999999 0.99999999800000005656 
0.00000000099999999998 0.00000000099999999998 0.99999999800000005656 
0.00000000099999999998 0.00000000099999999998 0.99999999799999994554 
0.09789043525280347047 0.00000000100000000000 0.90210956374719653006 
0.00000000099999999999 0.00000000099999999999 0.99999999800000005656 
0.01423357801560308500 0.00000000099999999999 0.98576642098439681838 
0.00000000099999999999 0.00000000099999999999 0.99999999799999994554 
0.44174605913676739943 0.25329168406580016004 0.30496225679743238501 
0.04793678321855716906 0.00000000099999999999 0.95206321578144270656 
0.13614038035824321815 0.00000000100000000000 0.86385961864175664360 
0.00000000099999999999 0.00000000099999999999 0.99999999800000005656 
0.31895921805414090278 0.37079075352494095252 0.31025002842091820021 
0.03789433897516666927 0.13743554886623768341 0.82467011215859553630 
0.68442012140047669977 0.25625836963279702285 0.05932150896672629126 
0.10743622386693804649 0.07170040134963537315 0.82086337478342663587 
0.00000000099999999995 0.00000000099999999995 0.99999999799999994554 
0.00000000099999999999 0.00000000099999999999 0.99999999800000005656 
0.00000000099999999998 0.00000000099999999998 0.99999999800000005656 
0.00000000099999999995 0.00000000099999999995 0.99999999799999994554 
0.00000000100000000000 0.02071668456781900966 0.97928331443218097352 
0.00000000099999999996 0.00000000099999999996 0.99999999799999994554 
0.00000000100000000000 0.00000000100000000000 0.99999999800000005656 
0.00000000099999999999 0.00000000099999999999 0.99999999799999994554 
0.00000000099999999999 0.09991012093036694131 0.90008987806963303147 
0.00000000455327723509 0.00000000099999999999 0.99999999444672271753 
0.00000000099999999999 0.11280225986399909643 0.88719773913600086246 
0.00000000099999999997 0.00000000099999999997 0.99999999799999994554 
0.00000000100000000000 0.00000000100000000000 0.99999999800000005656 
0.01624926404842567951 0.00000000100000000000 0.98375073495157427939 
0.00000000099999999999 0.00000000099999999999 0.99999999799999994554 
0.00000000099999999999 0.00000000099999999999 0.99999999799999994554 
0.00000000099999999998 0.00000000099999999998 0.99999999800000005656 
0.00000000099999999997 0.00000000099999999997 0.99999999800000005656 
0.01555857998210148987 0.14209410853567130961 0.84234731148222730113 
0.59974469826475529377 0.28495866853779217021 0.11529663319745248051 
0.39509871743042662695 0.58508540345864468168 0.01981587911092865320 
0.00000000099999999999 0.99999999800000005656 0.00000000099999999999 
0.00000000099999999999 0.00000000099999999999 0.99999999800000005656 
0.00000000099999999999 0.00000000099999999999 0.99999999799999994554 
0.00069654898626858336 0.30905549315491925855 0.69024795785881221111 
0.00000000100000000000 0.87025963099499381581 0.12974036800500629574 
0.00000000100000000000 0.65681973868881093903 0.34318026031118908925 
0.11441112906268922911 0.70721840743839503585 0.17837046349891572117 
0.00000000099999999998 0.00000000099999999998 0.99999999800000005656 
0.06952993578740855607 0.85127544515805997349 0.07919461905453158146 
0.13042883574624597465 0.85934110120650708531 0.01023006304724683076 
0.00000000100000000000 0.80314642931109136992 0.19685356968890865836 
0.00000000100000000000 0.74889073613358025927 0.25110926286641988003 
0.00000000100000000000 0.85515560977554228028 0.14484438922445777576 
0.00000008575036333125 0.99999991258451814691 0.00000000166511847176 
0.00000000100000000000 0.96577706085937298219 0.03422293814062713629 
0.04667997747644408307 0.90035549188206887017 0.05296453064148695655 
0.21148823616762610356 0.63913615296900117002 0.14937561086337264316 
0.22583912476677139858 0.65836188009915652675 0.11579899513407214406 
0.06005937610064138871 0.66560301467209215254 0.27433760922726646569 
0.00000000100000000000 0.95680269790103811278 0.04319730109896185999 
0.09532968099093204473 0.75492466244411327025 0.14974565656495461563 
0.00000000099999999999 0.89482979232546377979 0.10517020667453619298 
0.17400462380729134204 0.18013914181930493208 0.64585623437340367037 
0.15160446460025184257 0.56860549232271562214 0.27979004307703259080 
0.00000000099999999999 0.87100999674398182915 0.12899000225601828240 
0.00000000100000000000 0.94014454436998828868 0.05985545463001168409 
0.00280015599709486319 0.74290879190497161044 0.25429105209793367859 
0.02315721729768006193 0.73685737036979048753 0.23998541233252948524 
0.05610201561075827542 0.63696227332406474275 0.30693571106517703040 
0.00000000099999999999 0.91265044568413700166 0.08734955331586304050 
0.00000000100000000000 0.77261918362704951058 0.22738081537295051771 
0.31760797152544756328 0.53956143356910291065 0.14283059490544958159 
0.72161156200782738956 0.20924623224303207092 0.06914220574914049788 
0.42338695209118254459 0.18134886160909044484 0.39526418629972692731 
0.01458515707536482166 0.59227621753413017824 0.39313862539050503653 
0.00000000099999999999 0.93539277872197523767 0.06460722027802474898 
0.00000000100000000000 0.81353938615395693379 0.18646061284604306674 
0.00000000100000000000 0.80467116713870390221 0.19532883186129618158 
0.00000000100000000000 0.76770775832605764322 0.23229224067394227404 
0.00000000099999999999 0.91672444078255521660 0.08327555821744481168 
0.00000000099999999999 0.99445449206826974642 0.00554550693173032436 
0.48633547663433424058 0.39461607502281581539 0.11904844834284990240 
0.08789772394324078808 0.70766836606934924170 0.20443390998740987308 
0.06433497991285418161 0.74003407267837184591 0.19563094740877404187 
0.00000000100000000000 0.85766180380414114293 0.14233819519585894087 
0.03756167900539506693 0.67152968604058016489 0.29090863495402485839 
0.00000000099999999999 0.99999999799999994554 0.00000000099999999999 
0.11095118550066061791 0.81103653907264039447 0.07801227542669898762 
0.42627509915325928480 0.25741120760691432734 0.31631369323982627684 
0.36331599430626787539 0.50185425022410767859 0.13482975546962441826 
0.17869608114292126477 0.66489451484237138690 0.15640940401470740384 
0.12943788420913307502 0.84214489295208605490 0.02841722283878085620 
0.00000000100000000000 0.93554114906606311575 0.06445884993393685702 
0.03193301876613269252 0.89152333288620344565 0.07654364834766388959 
0.99999999799999994554 0.00000000099999999998 0.00000000099999999998 
0.00000000099999999996 0.99999999800000005656 0.00000000099999999996 
0.02291675837018078421 0.79902017955477622202 0.17806306207504296601 
0.99999999800000005656 0.00000000099999999999 0.00000000099999999999 
0.13661778312612249398 0.64738363900093065517 0.21599857787294693412 
0.99999999799999994554 0.00000000099999999996 0.00000000099999999996 
0.00000000100000000000 0.79742808858125890925 0.20257191041874120230 
0.01680701068466182446 0.82693513565924581243 0.15625785365609246025 
0.00000000099999999998 0.99999999799999994554 0.00000000099999999998 
0.00000000100000000000 0.99882031592097997308 0.00117968307902000164 
0.00000000099999999999 0.94633214426350953374 0.05366785473649048760 
0.03205265870754527013 0.95822460481641758001 0.00972273647603719496 
0.10024824066631554675 0.67493471325666087868 0.22481704607702363008 
0.00000000100000000000 0.87875445328802082035 0.12124554571197930508 
0.03167833405957751897 0.88263481360179241175 0.08568685233863015949 
0.05256208116429599009 0.72146349054364755649 0.22597442829205638404 
0.00000000099999999998 0.99999999799999994554 0.00000000099999999998 
0.00659352412886077700 0.96015881406722147773 0.03324766180391774961 
0.12673827820386066034 0.71038041361309411936 0.16288130818304508152 
0.09467106930796816144 0.81846600779148825922 0.08686292290054349607 
0.00000000099999999999 0.99999999799999994554 0.00000000099999999999 
0.00000000100000000000 0.77324885746993898827 0.22675114153006104001 
0.29518704113348542828 0.70481295786651443347 0.00000000099999999999 
0.06583860271044363055 0.73634572429690148265 0.19781567299265503945 
0.00000042111943213291 0.97891489401074482934 0.02108468486982313650 
0.03242780526743976877 0.78317267966285453173 0.18439951506970564399 
0.04018348247809802598 0.83960218012361775841 0.12021433739828406295 
0.01811147349421962996 0.77049026174120871513 0.21139826476457168614 
0.12311856163092407823 0.80099686212691378895 0.07588457624216211894 
0.06861336536674383924 0.61717011940974209061 0.31421651522351401464 
0.35727808614229333850 0.56627451442611431709 0.07644739943159226114 
0.00000000099999999997 0.99999999799999994554 0.00000000099999999997 
0.01566419134759876319 0.85092397973855904425 0.13341182891384215092 
0.00000000099999999997 0.99999999800000005656 0.00000000099999999997 
0.00000000100000000000 0.80270614571738296839 0.19729385328261700439 
0.00000000099999999996 0.99999999800000005656 0.00000000099999999996 
0.00000000100000000000 0.86222448365576564999 0.13777551534423448931 
0.04812824345859984670 0.81394452026999120076 0.13792723627140895948 
0.00000000100000000000 0.93692755833870244864 0.06307244066129766291 
0.02088426711042982650 0.82862103207601012222 0.15049470081355995066 
0.09370305850845958573 0.74387827336561263003 0.16241866812592783975 
0.07080409135919707442 0.76365740811935411969 0.16553850052144886140 
0.20940107596683818492 0.73883602605311216038 0.05176289798004969633 
0.04662694519007733879 0.61662424329781984067 0.33674881151210278585 
0.30043099470730305622 0.46316925125264868379 0.23639975404004831550 
0.00000000100000000000 0.79536162833913881531 0.20463837066086112970 
0.11841347704590475531 0.77721642961921544313 0.10437009333487980156 
0.00000000099999999999 0.99999999799999994554 0.00000000099999999999 
0.08907540774877883982 0.78453300883562537837 0.12639158341559578180 
0.00023114059503126218 0.75297965469904881708 0.24678920470591989011 
0.00000000099999999997 0.99999999800000005656 0.00000000099999999997 
0.00000000099999999999 0.90444872831659506307 0.09555127068340484031 
0.02433897700558359037 0.88041651196006331936 0.09524451103435310761 
0.07919626922197986474 0.64552055257024609780 0.27528317820777398195 
0.00000000099999999999 0.99999999799999994554 0.00000000099999999999 
0.01114896831459138288 0.98885103068540858295 0.00000000100000000000 
