0.13409158695400369421 0.42649633686475463268 0.07797790610006138934 0.33868877944554820481 0.02274539063563204427 
0.15272216160175361432 0.44032908384942298641 0.05226622019196003333 0.34381454471731820455 0.01086798963954513884 
0.17479850690595979956 0.13607669308685876874 0.12205133455518504815 0.42832927184039304436 0.13874419361160325592 
0.20238029582819364038 0.23738297765242644122 0.02831607944781406108 0.46510885968437221116 0.06681178738719362187 
0.32247087550075809181 0.23407563756352503526 0.05817822708290033146 0.37975411510178769259 0.00552114475102892348 
0.24366106338639947904 0.30798568140487325717 0.00471267819931629924 0.37600618651245704127 0.06763439049695388339 
0.22615796356207720774 0.40719411362424368095 0.00000000099999999999 0.36664792081367914012 0.00000000099999999999 
0.35821583047881117023 0.23622282926452162211 0.12032452844083089960 0.28523681081583623920 0.00000000100000000000 
0.23661309557415316496 0.25256114155925485365 0.13056042417980132098 0.38026533768679066094 0.00000000099999999999 
0.20675006733428169525 0.33839903654187536430 0.08226790787193569154 0.36369940754763491197 0.00888358070427221376 
0.24560820069138722399 0.19961077945245958576 0.03039277433234781334 0.52438824452380539132 0.00000000100000000000 
0.23858317676525966911 0.08876002927225054573 0.10623616613478165105 0.52432144418673709563 0.04209918364097114257 
0.18273062410247392640 0.29600884208191158287 0.10151352768187656139 0.41270501074417542675 0.00704199538956257892 
0.28481229032164712134 0.15477192726512686849 0.00000000627603892409 0.51641888497722132634 0.04399689115996587019 
0.15983495748437737127 0.26771778236317811395 0.30937486468068126078 0.26304039498346920567 0.00003200048829420195 
0.23312747542649131516 0.26459666988793911768 0.12051583288130186811 0.34773972671887704022 0.03402029508539080455 
0.18430727275762734396 0.31169041473837216794 0.06318581061973264912 0.40068052649638868923 0.04013597538787916363 
0.28611807261422755877 0.16710102368018683872 0.24887774794327069405 0.26331099777824590324 0.03459215798406890807 
0.19315316314755337501 0.11992694019637162306 0.16658072639801110859 0.48876740602045332107 0.03157176423761048206 
0.17145170204888338095 0.32808581847990975211 0.15683232127221635732 0.30139428023307751614 0.04223587796591297960 
0.16985245419615321860 0.27089247751026535038 0.07920749331649630520 0.48004757397708497368 0.00000000099999999999 
0.18039858603671254933 0.46241982802950321041 0.00087837694262123144 0.35119743138446701813 0.00510577760669592064 
0.26958407010418627969 0.30262979946293100397 0.00000000100000000000 0.38055445567097351267 0.04723167376190918337 
0.23651363058210947421 0.33865051595239942239 0.19280090323620913129 0.23203494922928200039 0.00000000099999999999 
0.33661486293841302864 0.20958658942940119885 0.07688481480645337207 0.37691373182573228995 0.00000000100000000000 
0.26645937288099974527 0.35479586151359010504 0.08529352209691540287 0.29345124250849463632 0.00000000100000000000 
0.22845505186990089364 0.24975992869296839705 0.19675508469108793363 0.32502993374604277621 0.00000000099999999999 
0.30128025893018534065 0.07039292121764588461 0.15921802390402467475 0.42390255724292136286 0.04520623870522277182 
0.17363180721489732128 0.32366539351180412254 0.04498306285059094911 0.41084467586634249026 0.04687506055636518620 
0.25361270106028693805 0.29989760611466775853 0.08390688141315541526 0.32679340716866733807 0.03578940424322246683 
0.34347658288624377532 0.14665026279973863987 0.09144878590581898004 0.39966079719005559445 0.01876357121814312481 
0.14876215961691882650 0.28505154388081188621 0.00000000100000000000 0.53122501912884634301 0.03496127637342308359 
0.24554665616407167494 0.32161691033360123582 0.00000007255103209589 0.34401050397060872754 0.08882585698068631852 
0.25087088753573405508 0.18128630322037680989 0.00523574191964274859 0.51754350199528564858 0.04506356532896078904 
0.36342106035635945993 0.20109917661588044835 0.07242228170787583241 0.34983030396755265823 0.01322717735233163230 
0.08226275626358410531 0.36325970603797813618 0.05742287370797026502 0.49704096548619863816 0.00001369850426896254 
0.35785027039891426082 0.13373914427907562796 0.17855871848481449926 0.28571599520602358746 0.04413587163117196205 
0.14546557795980133432 0.28432463217570358438 0.11358581038955450904 0.45662397847494040626 0.00000000099999999999 
0.13914174323767311559 0.19160875379209607594 0.20691843348055069529 0.38551802730747281034 0.07681304218220734448 
0.14937419439576798963 0.24362918237888483985 0.14546385774109835132 0.40028948898599620021 0.06124327649825257042 
0.23037685894225634620 0.01931145739200362116 0.16897065819043133317 0.58134102447530866531 0.00000000099999999999 
0.11302629271106490183 0.22917660162243422284 0.12917339593036905598 0.45540255413537072959 0.07322115560076118690 
0.23152863514522781241 0.15032655997028382400 0.23334811280102529807 0.36942505798424135621 0.01537163409922166595 
0.19016128145160363094 0.34837026927854813918 0.09258801523925605514 0.36888043303059220301 0.00000000100000000000 
0.32194124920474137541 0.27968493704430913427 0.04200106525340682739 0.35618099611378678526 0.00019175238375589225 
0.08741164883159760479 0.23733112307605183644 0.22172098035860049459 0.41209776967965305872 0.04143847805409712343 
0.41601653990036296937 0.11414564224513829016 0.04681894461367180210 0.37633863170018377886 0.04668024154064322195 
0.28539273550952076741 0.15175380652959738481 0.11919483828232718681 0.42733400914699060102 0.01632461053156419178 
0.00000000099999999996 0.00000000099999999996 0.00000000099999999996 0.99999999600000000211 0.00000000099999999996 
0.10714573582762219883 0.14353833215374595111 0.00000000100000000000 0.73779960274018197008 0.01151632827844995335 
0.69707150841362952587 0.23744407132811309880 0.06400557180362130560 0.00147716085643354272 0.00000168759820239135 
0.00000000099999999996 0.00000000099999999996 0.00000000099999999996 0.99999999600000000211 0.00000000099999999996 
0.00000000099999999996 0.00000000099999999996 0.00000000099999999996 0.99999999599999989108 0.00000000099999999996 
0.08608406708102127325 0.13093335193327129695 0.17228963168199853961 0.54065710793693710912 0.07003584136677185046 
0.00000000099999999997 0.00000000099999999997 0.00000000099999999997 0.99999999599999989108 0.00000000099999999997 
0.25841951005758667659 0.09805143733946576623 0.07436390228596406748 0.54343204040601467142 0.02573310991096890155 
0.04138842811536883742 0.13365621211963932269 0.15110380060658817891 0.67385155815840347415 0.00000000100000000000 
0.00000000099999999998 0.00000000099999999998 0.00000000099999999998 0.99999999599999989108 0.00000000099999999998 
0.19948288226738480899 0.10200424882764266843 0.11979483318411812687 0.55944800381461368133 0.01927003190624079765 
0.07729227502542861117 0.04996465992079286711 0.21484139690452355720 0.64343728841165492849 0.01446437973760003777 
0.00000002667442794838 0.34889002322599854677 0.10059661179493600835 0.51500529594094812680 0.03550804236368945016 
0.10474517852415471397 0.00000000099999999998 0.00000000099999999998 0.89525481847584531536 0.00000000099999999998 
0.00000488979935205145 0.00000000099999999996 0.00000000099999999996 0.99999510720064799241 0.00000000099999999996 
0.18455925202654691053 0.00303377480006767784 0.00000000099999999999 0.80136621411433850426 0.01104075805904694563 
0.13986762935389582263 0.00000000099999999999 0.02310552208139998037 0.83702684656470405233 0.00000000099999999999 
0.34663622788967396460 0.00000000100000000000 0.03811510730405730241 0.59234028089315693411 0.02290838291311177166 
0.34581335556551368038 0.02784461591665702423 0.20453396094564046948 0.42180806657218872235 0.00000000099999999999 
0.32211975151781047089 0.00000005634448227790 0.14304977466420218390 0.49500950683548522457 0.03982091063801985326 
0.34898579163993492802 0.00007370248604882297 0.00000599521274338706 0.58943913193780239634 0.06149537872347050904 
0.16256974736318555164 0.00000000100000000000 0.10124959900148686187 0.67518383029135364826 0.06099682234397394570 
0.00000000099999999989 0.00000000099999999989 0.00000000099999999989 0.99999999600000000211 0.00000000099999999989 
0.00000000099999999988 0.00000000099999999988 0.00000000099999999988 0.99999999600000000211 0.00000000099999999988 
0.00000000099999999988 0.00000000099999999988 0.00000000099999999988 0.99999999599999989108 0.00000000099999999988 
0.27761262765093230875 0.00000000099999999999 0.05234636080669903546 0.67004100954236855969 0.00000000099999999999 
0.00000000099999999987 0.00000000099999999987 0.00000000099999999987 0.99999999599999989108 0.00000000099999999987 
0.00000000099999999996 0.00000000099999999996 0.00000000099999999996 0.99999998849059379413 0.00000000850940607637 
0.00000000099999999988 0.00000000099999999988 0.00000000099999999988 0.99999999600000000211 0.00000000099999999988 
0.00000000099999999988 0.00000000099999999988 0.00000000099999999988 0.99999999599999989108 0.00000000099999999988 
0.00000000099999999986 0.00000000099999999986 0.00000000099999999986 0.99999999599999989108 0.00000000099999999986 
0.00000000099999999999 0.02695100453934095794 0.00000000099999999999 0.96654109682112654411 0.00650789663953244349 
0.22366509062154607546 0.00116876496802051995 0.19441810778675749916 0.52729274699186745590 0.05345528963180853216 
0.00000000099999999988 0.00000000099999999988 0.00000000099999999988 0.99999999599999989108 0.00000000099999999988 
0.32779571092943976529 0.00000244098681294232 0.03086754154979986023 0.60753932712460090304 0.03379497940934658023 
0.00000000099999999986 0.00000000099999999986 0.00000000099999999986 0.99999999600000000211 0.00000000099999999986 
0.00000000099999999988 0.00000000099999999988 0.00000000099999999988 0.99999999599999989108 0.00000000099999999988 
0.99999999600000011313 0.00000000099999999982 0.00000000099999999982 0.00000000099999999982 0.00000000099999999982 
0.22438973903719791614 0.11909079649808866630 0.00000030864613919827 0.64421520790883335383 0.01230394790974090671 
0.40317256115779287473 0.00584057279335628392 0.00000000099999999999 0.59098686404885081291 0.00000000099999999999 
0.21892145635697990436 0.15737164310589746297 0.06356322879532916303 0.56014367074179327588 0.00000000099999999999 
0.42025572715553244363 0.00244907171725911553 0.00000000099999999998 0.57729519912720828057 0.00000000099999999998 
0.32591095377742856920 0.00000000099999999996 0.00000000099999999996 0.67408904322257134911 0.00000000099999999996 
0.38469820690905037752 0.00000000100000000000 0.17667974918222884018 0.43862204161714429818 0.00000000129157635224 
0.17283179804544637759 0.10488569784564052978 0.71803887040539005060 0.00060363157659077652 0.00364000212693226660 
0.14697568612516370701 0.54773773993587504538 0.25037692574932923772 0.00000000099999999999 0.05490964718963207980 
0.15042778294325814814 0.50461256157880052253 0.30748531760643110777 0.00000000532351465076 0.03747433254799564101 
0.15024236895893577914 0.04080796672716970747 0.00000000100000000000 0.80347086662737210450 0.00547879668652228799 
0.14288787007683900754 0.13935974592124311666 0.00000000666651489795 0.71775218510461591404 0.00000019223078710662 
0.80394456059563146333 0.00000000099999999999 0.00000000099999999999 0.19605543640436859376 0.00000000099999999999 
0.86917791177117287305 0.00000000099999999993 0.00000000099999999993 0.13082208522882726731 0.00000000099999999993 
0.95646017579003517195 0.00000000099999999998 0.00000000312337623654 0.04353981908658864641 0.00000000099999999998 
0.91694645919804396161 0.00000000099999999995 0.00000000099999999995 0.08305353780195613711 0.00000000099999999995 
0.87206961265195304112 0.00000000099999999998 0.00000000099999999998 0.12793038434804693271 0.00000000099999999998 
0.58635705499033541344 0.00007832020899113098 0.05754182449839003594 0.31134076656734921418 0.04468203373493424835 
0.92166225951233582414 0.00000000099999999995 0.00000000099999999995 0.07833773748766408029 0.00000000099999999995 
0.99999999600000000211 0.00000000099999999971 0.00000000099999999971 0.00000000099999999971 0.00000000099999999971 
0.62678333868513114169 0.00000000099999999999 0.04370663806313219296 0.32951002125173667334 0.00000000099999999999 
0.81660499976465994454 0.00000007704306167707 0.05085078027895404557 0.13254414191332411499 0.00000000099999999999 
0.99999999600000011313 0.00000000099999999988 0.00000000099999999988 0.00000000099999999988 0.00000000099999999988 
0.45979986046790022325 0.02446459072331435419 0.01256252344921244234 0.50317302435957300677 0.00000000100000000000 
0.26774189131491882288 0.05866872137713208257 0.12448567228708300181 0.51324860086699819472 0.03585511415386795353 
0.99999999600000011313 0.00000000099999999984 0.00000000099999999984 0.00000000099999999984 0.00000000099999999984 
0.80309207224441825357 0.00891203146814289852 0.04444609947825173962 0.08532592827145131509 0.05822386853773574983 
0.89643519525934090009 0.00000000099999999993 0.00000000099999999993 0.10356480174065911537 0.00000000099999999993 
0.99999999600000011313 0.00000000099999999987 0.00000000099999999987 0.00000000099999999987 0.00000000099999999987 
0.37506631779800497783 0.29456404648086892406 0.09723887245299224491 0.06347145019260967691 0.16965931307552423180 
0.90919136077094098169 0.00000000099999999998 0.00000000099999999998 0.09080863622905904764 0.00000000099999999998 
0.94118832300149601888 0.05881167226414504151 0.00000000273435911811 0.00000000099999999998 0.00000000099999999998 
0.79272449343844741954 0.00000000099999999995 0.00000000099999999995 0.20727550356155260980 0.00000000099999999995 
0.99999999600000011313 0.00000000099999999986 0.00000000099999999986 0.00000000099999999986 0.00000000099999999986 
0.35832835632914356028 0.17383390180368701872 0.02477616811801289926 0.41485346869360978372 0.02820810505554649170 
0.84376410253335065725 0.10063550988550198917 0.00625150877384015105 0.04934887780730724122 0.00000000100000000000 
0.01885052818317516088 0.94899383609119269956 0.00372517149135164882 0.00000001280248569919 0.02843045143179475862 
0.07454692752372536757 0.81690196878878185149 0.00000001485288775315 0.00000000100000000000 0.10855108783460519495 
0.00000001527003854723 0.70539280735304910053 0.00151851837115431296 0.10424393869245854316 0.18884472031329926911 
0.02769835436328920222 0.80648810507527124436 0.14838051643520636103 0.01743302312623316169 0.00000000099999999999 
0.03017484742466199424 0.93981535604916288662 0.02997304461444818061 0.00000000099999999999 0.00003675091172692366 
0.00805642028020403175 0.80013121522896746285 0.09247238672891459899 0.00000024754984573822 0.09933973021206818355 
0.00000000099999999999 0.94025179797437807849 0.00000000099999999999 0.00000000172623314672 0.05974819829938878002 
0.00000000099999999999 0.94179019207275194159 0.00000000099999999999 0.00000000099999999999 0.05820980492724811550 
0.04054751487701861723 0.79795928068341670514 0.10898573745064553397 0.01790935974602444677 0.03459810724289465872 
0.02128235522974602015 0.77421030551228486871 0.13219329553939584976 0.07231404271857327926 0.00000000100000000000 
0.05387352357187864121 0.80828342978228651106 0.06959540142931408546 0.06824763904551799099 0.00000000617100287090 
0.03997331185309937335 0.91275198573545124336 0.00000000099999999999 0.00000000099999999999 0.04727470041144961332 
0.00000590934844007636 0.87659715453835129750 0.11405844071657497696 0.00000068799353100119 0.00933780740310260690 
0.00000020732763543486 0.88891152833832598468 0.09802226739003819245 0.00000000099999999999 0.01306599594400053958 
0.00000000099999999999 0.89231371889774147022 0.04733640785795092260 0.04682981665871569638 0.01352005558559198940 
0.00000000099999999998 0.95495225000983952057 0.00000000099999999998 0.00000000099999999998 0.04504774699016053652 
0.01490106471015819473 0.80864836421937902333 0.08345649446425683349 0.06143238796560592657 0.03156168864060012597 
0.04944298560284638572 0.79190603569164330633 0.14491326313730829023 0.00000003301479491783 0.01373768255340716317 
0.10217585263486281266 0.65063973172745004359 0.19973603935698647227 0.04359185275130495613 0.00385652352939565074 
0.05630085245520630860 0.60156867125537938357 0.30506798665568823914 0.03371754081899793615 0.00334494881472818242 
0.05558018819763333590 0.79412390726095849480 0.15029590059909148092 0.00000000099999999999 0.00000000294231673102 
0.00160819073171039649 0.77223968453182667560 0.14427161441792524244 0.00000000099999999999 0.08188050931853772807 
0.00000055957436954121 0.74410964650679845001 0.16496659478792427556 0.00000000623322327863 0.09092319289768455159 
0.00000000099999999996 0.99798637742481988155 0.00000000099999999996 0.00000000099999999996 0.00201361957518013867 
0.00000000099999999994 0.99999999600000000211 0.00000000099999999994 0.00000000099999999994 0.00000000099999999994 
0.00000026956937441800 0.86965792781804651668 0.00270518412836087425 0.06952282316598110135 0.05811379531823718941 
0.00000000099999999996 0.99153762514258081406 0.00000000099999999996 0.00000000099999999996 0.00846237185741931935 
0.02321848403676276054 0.86573944745912234655 0.04704866671241467180 0.00401045300732362931 0.05998294878437663430 
0.00000000099999999994 0.99999999600000000211 0.00000000099999999994 0.00000000099999999994 0.00000000099999999994 
0.24809775656619909023 0.09638274130238380644 0.20852190582537175056 0.44694633788157939192 0.00005125842446603769 
0.06123843304637598128 0.62320370366387856098 0.17910175946417000725 0.13645263006397481687 0.00000347376160045379 
0.00000000100000000000 0.83438214290606227408 0.14045055437434803003 0.00813518039885753261 0.01703212132073231994 
0.03336974046176623132 0.78497200376577602743 0.01565621263644369557 0.05534075484893086899 0.11066128828708306220 
0.00000000099999999999 0.74701722145289384258 0.09474584841116265310 0.03069617725463521726 0.12754075188130828411 
0.00000000099999999999 0.83862177437520379897 0.09596296851833210906 0.06541525510646412078 0.00000000099999999999 
0.00815318731686077991 0.84407889428565030521 0.11435873354752987274 0.03331714890540938417 0.00009203594454975054 
0.02133930926470262862 0.90507472239732533748 0.06779449943007125057 0.00576451708708789444 0.00002695182081293706 
0.00000000100000000000 0.75530340763995618136 0.06801206337696730220 0.10659331013237381691 0.07009121785070263067 
0.00000000099999999999 0.80926947965951223640 0.10605024954451656993 0.00379959007818714842 0.08088067971778394039 
0.22262082815984607365 0.06342950143210868141 0.27955591466585355542 0.42380359734610362210 0.01059015839608803966 
0.25915934671958934521 0.01091929365797124699 0.21861175315363792770 0.51041964558442642907 0.00088996088437519848 
0.00000000099999999999 0.80571313719161430367 0.06982293137519370030 0.01182937695603285266 0.11263455347715915777 
0.87933924014007214254 0.00000000099999999992 0.00000000099999999992 0.12066075685992785904 0.00000000099999999992 
0.00000000099999999999 0.62806725231250315478 0.31644750114972269861 0.00000000099999999999 0.05548524453777412685 
0.00000000099999999999 0.61485348774703474373 0.34355477080122803768 0.00000000099999999999 0.04159173945173730985 
0.00000000659076130787 0.61681561608119905848 0.32071749801828480786 0.00000000099999999999 0.06246687830975478084 
0.00000000099999999998 0.71142887256268960705 0.26115998385541311366 0.00000000099999999998 0.02741114158189738442 
0.00000000099999999998 0.89242230497344399165 0.00000000099999999998 0.00000000099999999998 0.10757769202655621810 
0.04066997245563514635 0.61072922383100958221 0.21294193273592665339 0.07066266805808996132 0.06499620291933881633 
0.00000000099999999999 0.81022306155838319519 0.08451991472634357017 0.00000000099999999999 0.10525702171527331896 
0.00000000099999999997 0.80005170944386605481 0.12352936366014778680 0.00000000099999999997 0.07641892489598624272 
0.00000000099999999995 0.84333156513635765261 0.00000000099999999995 0.00000000099999999995 0.15666843186364234897 
0.00000000099999999995 0.84522478096661091129 0.00000000099999999995 0.00000000099999999995 0.15477521603338917355 
0.00000000099999999996 0.85490956701537679230 0.00000000099999999996 0.00000000099999999996 0.14509042998462334806 
0.06530584944044230677 0.72701911202404201351 0.17902316828063036258 0.00000000100000000000 0.02865186925488538011 
0.07944260209309583765 0.74789524211183211477 0.10043568338880487500 0.00000000099999999998 0.07222647140626714535 
0.07996833652717195984 0.65640474089750600051 0.15334892508505337805 0.00009577461935116911 0.11018222287091748723 
0.00792466516205788535 0.63977556509782507188 0.25604670748287050586 0.00000000100000000000 0.09625306125724647499 
0.00006146277403341342 0.96454005989672109145 0.03539827504845457357 0.00000000100000000000 0.00000020128079094921 
0.00000000099999999999 0.81751408186573215620 0.00773902357228251504 0.00000000099999999999 0.17474689256198558396 
0.08555013434315676679 0.62682146956318551823 0.10193487604404176394 0.07596019663354065810 0.10973332341607525131 
0.00000000099999999999 0.77330836711645223325 0.11385560550275440617 0.00000824535614973337 0.11282778102464369185 
0.00000000099999999998 0.82652141494642727970 0.15268707885055265994 0.00000000099999999998 0.02079150420302018631 
0.03478284445200791747 0.63248624075375525777 0.20523816289286167525 0.00000000100000000000 0.12749275090137504596 
0.00000000100000000000 0.59505071463199576964 0.25411084925452614991 0.00000020992378580077 0.15083822518969233761 
0.10553266715802221698 0.64046726436637757551 0.21629012852135770517 0.03343390548503404058 0.00427603446920851379 
0.09772458003640241420 0.65690066870467511695 0.17984423948727878972 0.06166341669958016330 0.00386709507206367802 
0.10300754391633357154 0.62803268704810211176 0.20748382297858986023 0.03784438327492173348 0.02363156278205269523 
0.00000000099999999999 0.81946267854545384868 0.08550484696710829169 0.00000000099999999999 0.09503247248743793008 
0.00018326752631168966 0.85682999524656211499 0.09669609674010472278 0.00000000100000000000 0.04629063948702140385 
0.00000000099999999997 0.69997772139765657151 0.19590613751410249077 0.00000000099999999997 0.10411613908824110530 
0.00247703218120525186 0.71674894982584202996 0.12093090827631204631 0.05289725301490071085 0.10694585670173989422 
0.00000000165186239410 0.62474296812343765861 0.16823952012169579584 0.03243302293613289922 0.17458448716687119395 
0.00000000099999999999 0.64507613886606829379 0.17687830636113893723 0.13830567647527497455 0.03973987729751773945 
0.00000000099999999997 0.67506757116048810019 0.22281400569197459816 0.00000000099999999997 0.10211842114753742761 
0.00000000099999999998 0.86549352200489404474 0.13449380023958248942 0.00000000099999999998 0.00001267575552356852 
0.00000000099999999999 0.64086254841248380121 0.26525851601729200091 0.03446783145810403126 0.05941110311212009776 
0.05074049477417408999 0.75135020979289968146 0.11588060268117170160 0.00000600641203101596 0.08202268633972362166 
0.00000000100000000000 0.66089426253635574771 0.22462516088149928062 0.07372003510109319258 0.04076054048105173799 
0.00000000099999999999 0.59198631620609254433 0.20677556782827838378 0.13764937925879519587 0.06358873570683387655 
0.00000000099999999997 0.69747331050127625574 0.19880022453924536818 0.00000000099999999997 0.10372646295947851591 
0.00795479287186407619 0.60826665607452268247 0.17109624282755878100 0.10503546903123288370 0.10764683919482175012 
0.02137023414800670248 0.62850037671901115566 0.09892401866806829758 0.16392376503626890361 0.08728160542864496496 
0.00715878606382343644 0.79617256297285099453 0.04488806202890271296 0.05994466891512647416 0.09183592001929632986 
0.00000000100000000000 0.69791454837090127761 0.07953797996438809192 0.17068821860758123798 0.05185925205712955954 
0.00000000099999999999 0.69860561701356704845 0.18183986056175072132 0.00000000099999999999 0.11955452042468232843 
0.05313511628643651646 0.85528137886238875254 0.00000030315736806684 0.00916642033290099301 0.08241678136090556384 
0.03378341116368618197 0.79425670823703586887 0.10888597881857968452 0.00000024949293484639 0.06307365228776327937 
0.00000000099999999999 0.66115313886215798522 0.19583000248308307656 0.00000000099999999999 0.14301685665475888376 
0.10055735729345618990 0.80640067448744956469 0.03052848061920368852 0.00000000100000000000 0.06251348659989057477 
0.00000000099999999998 0.00027274845220463795 0.99972724854779537740 0.00000000099999999998 0.00000000099999999998 
0.00000000099999999999 0.13799224696321796269 0.78340375088136915416 0.00087861231732316337 0.07772538883808977062 
0.00000000099999999998 0.00000000099999999998 0.97997056789775660590 0.00000000099999999998 0.02002942910224334364 
0.00057507162860544300 0.04349273011877947265 0.89277917352864522016 0.00000000099999999999 0.06315302372397006703 
0.00161674607085136065 0.00915492579827426219 0.78097211454348558490 0.12654714564898658646 0.08170906793840225502 
0.00994983889995502968 0.31000347680601614275 0.61990674337104689773 0.00020700889994492257 0.05993293202303696249 
0.32789789875283331666 0.16689776651789972606 0.00475036064319949228 0.39922377144956966433 0.10123020263649780415 
0.00000003424358342338 0.00000000592445404288 0.83517820374654860860 0.13744084680322865566 0.02738090928218527356 
0.00370067673179475193 0.04966098128544799845 0.62247575268517996161 0.11071280112290755870 0.21344978817466978005 
0.00008540630244530197 0.20505509025072929385 0.73852580710832482769 0.02858871300027650275 0.02774498333822410581 
0.04020949925900462602 0.60634261908196396273 0.28637921390379189601 0.00215417067878377654 0.06491449707645573219 
0.02352454944808088713 0.00000000099999999998 0.97535952103580014771 0.00111592751611894864 0.00000000099999999998 
0.03802065295199287542 0.16977280108982889528 0.64124220140936516454 0.09602310747435358063 0.05494123707445945637 
0.03022866496692071248 0.01236557171669525404 0.95165237043845984921 0.00076389322523645500 0.00498949965268775768 
0.00000000099999999998 0.26417057239295005377 0.71190166470998195170 0.00000000099999999998 0.02392776089706791232 
0.00010693853906553074 0.09991030653353503987 0.88893523903820015342 0.00000000099999999999 0.01104751488919921733 
0.00000000099999999999 0.00000000099999999999 0.99391815406950123624 0.00000000099999999999 0.00608184293049873152 
0.00000000099999999998 0.21895990513680896328 0.61706500909910377839 0.00495074638292960015 0.15902433838115773157 
0.02612868108754427474 0.27405368085864251215 0.64316863096051690718 0.00006622736993896323 0.05658277972335737371 
0.03439640946075978728 0.03731519186481446759 0.91515849766589396630 0.00001505902866241919 0.01311484197986946369 
0.00000000099999999995 0.00000000099999999995 0.99999999599999989108 0.00000000099999999995 0.00000000099999999995 
0.00000000099999999993 0.00000000099999999993 0.99999999599999989108 0.00000000099999999993 0.00000000099999999993 
0.00000000099999999994 0.00000000099999999994 0.99999999600000000211 0.00000000099999999994 0.00000000099999999994 
0.00000000099999999994 0.00000000099999999994 0.99999999599999989108 0.00000000099999999994 0.00000000099999999994 
0.00000000099999999999 0.16445548957213432240 0.82308384368028753020 0.00282080794534020438 0.00963985780223798605 
0.00128043599056386413 0.10334288945663834547 0.89439520099801428366 0.00079596239391594901 0.00018551116086756026 
0.02118846829673014937 0.10395920049617066172 0.87485232920709921078 0.00000000099999999999 0.00000000099999999999 
0.04011718658785059372 0.04911882440786537185 0.84563923360848503030 0.00000000100000000000 0.06512475439579891445 
0.09422967780048074893 0.16114345000233165628 0.74462523714151784837 0.00000163405566963881 0.00000000100000000000 
0.04318585518301351622 0.22306994963032855672 0.70594476372700676325 0.00000000100000000000 0.02779943045965112963 
0.59835479395941071346 0.00002559545050272437 0.33246418108897413113 0.04071508120610460579 0.02844034829500791464 
0.82622592595832156093 0.08578877040311978786 0.03836114069654058406 0.03449183630702862963 0.01513232663498947743 
0.08561001869561689348 0.00000000099999999998 0.91438997830438306647 0.00000000099999999998 0.00000000099999999998 
0.00000000099999999999 0.19234522700688241881 0.75860008226536035369 0.04887625314560532092 0.00017843658215183916 
0.00000678873251292018 0.02060576949040695063 0.77363935323751176210 0.20574808753956838614 0.00000000100000000000 
0.00000000099999999995 0.00000000099999999995 0.99999999600000000211 0.00000000099999999995 0.00000000099999999995 
0.01824482059034545842 0.00000000099999999999 0.98173839210804325628 0.00001678530161135129 0.00000000099999999999 
0.00000000099999999996 0.00000000099999999996 0.96471174258606595675 0.00000000099999999996 0.03528825441393405871 
0.00000000099999999995 0.00000000099999999995 0.99999999599999989108 0.00000000099999999995 0.00000000099999999995 
0.08172756288135928082 0.00000996674547275196 0.88047844792098273192 0.03778402145218522773 0.00000000099999999999 
0.00000000099999999998 0.00000000099999999998 0.99287624032911181438 0.00000000099999999998 0.00712375667088811608 
0.06893743234041277423 0.00000000099999999998 0.93106256465958725510 0.00000000099999999998 0.00000000099999999998 
0.00000000099999999999 0.00000229299525549889 0.99993798283112889091 0.00005972217361570412 0.00000000099999999999 
0.09308895224802878066 0.22012212152381713248 0.27573063369489231311 0.40738699950980528097 0.00367129302345651706 
0.00523753173633626033 0.00000000099999999999 0.94111751551911559943 0.05364495074454818380 0.00000000099999999999 
0.03334864108154265289 0.00000005568293756329 0.84529755634598091607 0.12135374588953887209 0.00000000100000000000 
0.00000000099999999999 0.00000000099999999999 0.99999976815548108355 0.00000000099999999999 0.00000022884451886704 
0.07054482271784090486 0.33775909760569045037 0.28152396296952414412 0.27100186580013635451 0.03917025090680821553 
0.00154972484020033502 0.06423985575706048223 0.77629541562131687549 0.13467090465597120197 0.02324409912545117446 
0.18654513142421436100 0.17377286923347681769 0.02237408566984823433 0.55647081623362615321 0.06083709743883437132 
0.08636887162580106359 0.07889635304534226012 0.79214614961323981390 0.03124349428527106037 0.01134513143034572742 
0.00000000099999999991 0.00000000099999999991 0.99999999600000000211 0.00000000099999999991 0.00000000099999999991 
0.00000000099999999998 0.00965414660455332641 0.99000626199669305993 0.00033958939875359655 0.00000000099999999998 
0.00000000099999999996 0.00000000099999999996 0.99999999599999989108 0.00000000099999999996 0.00000000099999999996 
0.00000000099999999990 0.00000000099999999990 0.99999999599999989108 0.00000000099999999990 0.00000000099999999990 
0.00000000099999999998 0.07706675230776197094 0.92293266335323420613 0.00000058233900373250 0.00000000099999999998 
0.00000000099999999993 0.00000000099999999993 0.99999999599999989108 0.00000000099999999993 0.00000000099999999993 
0.00000000558113385856 0.00000034562736478021 0.99997659225970869645 0.00000000183086059423 0.00002305470093215476 
0.00000000099999999999 0.00000014113096005242 0.97784381453198343515 0.00000000099999999999 0.02215604233705664033 
0.00000000099999999998 0.12123633591217394812 0.87853133440576314239 0.00000000099999999998 0.00023232768206298793 
0.02076808816332301882 0.00000000099999999998 0.97923190883667687867 0.00000000099999999998 0.00000000099999999998 
0.00000000099999999998 0.14674787213250192752 0.85325209203584140294 0.00000000377818477963 0.00000003105347197650 
0.00000000099999999994 0.00000000099999999994 0.99999999600000000211 0.00000000099999999994 0.00000000099999999994 
0.01474945170664233168 0.00000006499545428881 0.98487783696794750643 0.00000411253355007751 0.00036853379640586106 
0.00001488872070219016 0.00000059767732884064 0.96945958768059825594 0.03052492492137064140 0.00000000099999999999 
0.00000000099999999998 0.00000000099999999998 0.99492385629171020689 0.00000000099999999998 0.00507614070828974438 
0.00000814114839013707 0.00000000099999999998 0.99999185585160976775 0.00000000099999999998 0.00000000099999999998 
0.00000000099999999996 0.00000000099999999996 0.99999999600000000211 0.00000000099999999996 0.00000000099999999996 
0.00000000099999999995 0.00000000099999999995 0.99999999599999989108 0.00000000099999999995 0.00000000099999999995 
0.00604710443903503161 0.16447625017008285497 0.82480104876002857672 0.00467407635957396619 0.00000152027127962152 
0.11113766738650938948 0.29093015999173893471 0.11883418241923836278 0.45341161779055316750 0.02568637241196018717 
0.00106935262424689569 0.42120805602838817805 0.00871165339495509616 0.41853802251516430966 0.15047291543724555796 
0.00000000099999999998 0.99999999600000000211 0.00000000099999999998 0.00000000099999999998 0.00000000099999999998 
0.00000000099999999999 0.00000000099999999999 0.99999999598797617573 0.00000000099999999999 0.00000000101202382316 
0.00191150885690647560 0.00000000099999999999 0.99808586441975422066 0.00000000099999999999 0.00000262472333940019 
0.00037964409458522024 0.17606596288335021883 0.63666439148173548102 0.09646721315079909154 0.09042278838953000941 
0.00000000100000000000 0.34185658897519910493 0.16280306425214338684 0.03849157246036632313 0.45684877331229117869 
0.00034452599191763547 0.10314137579658871902 0.41120413039454750681 0.00000000100000000000 0.48530996681694610340 
0.05098453398946982407 0.46196805942537516598 0.16620802271771947800 0.08461141562491336643 0.23622796824252217940 
0.00000000195961034393 0.00000000099999999996 0.99999999504038961096 0.00000000099999999996 0.00000000099999999996 
0.07794085476856217609 0.69087835899906357984 0.04072184972700951949 0.00000086710108225363 0.19045806940428250398 
0.07622407988933498080 0.16053872508463981617 0.04179438203538067553 0.09981864820609852307 0.62162416478454596280 
0.00000000100000000000 0.81731791705901302159 0.14227338095168420851 0.01293813114986145339 0.02747056983944135000 
0.00000000100000000000 0.79268842310959586328 0.18425850885220251829 0.00000181670178241808 0.02305125033641930443 
0.00000000100000000000 0.86629709076133298851 0.09066448485974153149 0.00045575749262103695 0.04258266588630435501 
0.00002865719296043721 0.86353511344492361879 0.00040472370927741643 0.01094516800810549015 0.12508633764473295336 
0.00000000099999999998 0.87650074096772978560 0.00000000099999999998 0.02444446438367392158 0.09905479264859627653 
0.00721456061279799384 0.86925460392199183079 0.00001180761422675125 0.05323572169616063582 0.07028330615482279720 
0.08745061567777828726 0.65906547503707602065 0.10195779680397967781 0.11853454309695220237 0.03299156938421377028 
0.03813220912190327244 0.66765353685512618398 0.06166895075534654935 0.20288184037146086980 0.02966346289616308626 
0.07421689618725790805 0.70093549843319691295 0.19118024223844934384 0.00000000100000000000 0.03366736214109575243 
0.00000000099999999999 0.86098364302303631579 0.02514744196097465009 0.00000000099999999999 0.11386891301598905946 
0.08156824730503507703 0.75209088995992212645 0.10650316918820616763 0.01474875776343196644 0.04508893578340460173 
0.00000000099999999998 0.78330214106688456077 0.06478902279097965844 0.00000000099999999998 0.15190883414213579572 
0.25394902930538365560 0.08039966700394089727 0.62086705815476517234 0.00053448437193042353 0.04424976116397980747 
0.00015364993838053488 0.55810615100068294847 0.21085868196718701717 0.19277750249853273234 0.03810401459521688128 
0.00000000099999999998 0.78253498699217527435 0.08915210316880020636 0.00000000099999999998 0.12831290783902463137 
0.00000000100000000000 0.93704446689999931763 0.01684878013703800317 0.00000000381133519864 0.04610674815162728313 
0.03986552915258924357 0.88266654565728697168 0.07745326501997092106 0.00000740357338305761 0.00000725659676986161 
0.00000000100000000000 0.65194476192447636809 0.18213527830552495024 0.07411047727340350222 0.09180948149659520774 
0.06967618551719116649 0.58178631556967286276 0.24954724006309028650 0.00024693208131014780 0.09874332676873566472 
0.00000000099999999999 0.96438567291067767151 0.01492996080220766221 0.00000000099999999999 0.02068436428711471070 
0.00000000100000000000 0.86608657074070993787 0.13355606904689426573 0.00033688733934949101 0.00002047187304646798 
0.03835604512661185822 0.50073593486444156753 0.08192620614173236337 0.31566664181985792936 0.06331517204735627458 
0.02159571198112184703 0.21499833115659763849 0.00989559504950083754 0.74055535369806435586 0.01295500811471543209 
0.00000004047962589577 0.13292073369983431474 0.33840373749200991504 0.49810356838452296557 0.03057191994400694154 
0.00000000100000000000 0.65630135054402771733 0.31708569060836605535 0.01834280645237945651 0.00827015139522675226 
0.00000000099999999999 0.89393345044019845158 0.02588477847069352994 0.00000000099999999999 0.08018176908910806810 
0.02688590430757626520 0.72605482026637091497 0.14043067136313008847 0.00000000099999999999 0.10662860306292269719 
0.00309182343285432535 0.71112263363067018673 0.16085350285710539597 0.00000000818507919956 0.12493203189429094579 
0.00052514187776709319 0.70506665738186247161 0.18902519884665250349 0.00000000100000000000 0.10538300089371799295 
0.00000000099999999998 0.83066777040450956449 0.05189141544304672754 0.00000000099999999998 0.11744081215244370209 
0.00000000099999999997 0.94791859763135100092 0.00000000099999999997 0.00000000099999999997 0.05208139936864915331 
0.16981960199501175413 0.40385843123049636194 0.07144934160953764213 0.34311222638194582846 0.01176039878300842029 
0.03196345873939058363 0.67170303017748111962 0.16024130688731808014 0.06070240231840734468 0.07538980187740292049 
0.05035029012400416004 0.62323689592277342619 0.15308936277495471812 0.02893155995504170103 0.14439189122322584891 
0.00000000100000000000 0.76170672683950213511 0.11081197774896171804 0.00000417726240200359 0.12747711714913420589 
0.04261633117443502233 0.67246200281594026293 0.25036148100801858263 0.00558915672779715291 0.02897102827380911363 
0.00000000099999999997 0.88061726318700017657 0.00000000099999999997 0.00000000099999999997 0.11938273381299988052 
0.05252873782651588247 0.80756169620807138898 0.03405442572777989813 0.05801098764398905649 0.04784415259364370454 
0.15981803622102927487 0.27027575260007258295 0.26548387136300527489 0.27791476109441853870 0.02650757872147422103 
0.15648660944135175943 0.46409007198159252239 0.10516093720653252319 0.22825828425801636401 0.04600409711250691425 
0.12918972459076474846 0.61650458171330180246 0.13431549311901366806 0.04250669314530215737 0.07748350743161766530 
0.06115158715706349446 0.82589300850523006403 0.00022850383579988356 0.05295096840300658053 0.05977593209890002396 
0.01724070448266946942 0.84357401820596156217 0.02653999210045630136 0.00000000099999999999 0.11264528421091266064 
0.01200344013874098462 0.90149024628134033499 0.03542324798205395697 0.01258216941532605201 0.03850089618253862284 
0.81251067188531278518 0.00000000099999999998 0.00000000099999999998 0.18748932511468716089 0.00000000099999999998 
0.00000000099999999968 0.00000000099999999968 0.00000000099999999968 0.00000000099999999968 0.99999999600000000211 
0.00769633514050646270 0.85158143601366509401 0.11566010608483799638 0.02374418106132814357 0.00131794169966219384 
0.94678138540694889436 0.00000000099999999998 0.00000000099999999998 0.05321861159305126682 0.00000000099999999998 
0.13860480406004960230 0.62367456765745521441 0.16959835709921686209 0.00000000100000000000 0.06812227018327826622 
0.90939313161541335262 0.00000000099999999995 0.00000000099999999995 0.09060686538458657957 0.00000000099999999995 
0.00016693305436564417 0.61268626511859736183 0.17497857905904998232 0.00000000099999999999 0.21216822176798699751 
