0.00000000099999999997 0.00091785980550275416 0.00000000099999999997 0.00000000099999999997 0.00000000099999999997 0.99908213619449715015 
0.00000000099999999997 0.00085155825166111673 0.00000000099999999997 0.00000000099999999997 0.00000000099999999997 0.99914843774833883572 
0.00000000099999999998 0.00000000099999999998 0.00000000099999999998 0.00255471772928852169 0.10025603546552247503 0.89718924380518894068 
0.18093013303592422880 0.03376904470123776036 0.00000000100000000000 0.08190352984131424319 0.04804098266326257971 0.65535630875826111907 
0.01501347785502096625 0.00000000100000000000 0.00197271507250095868 0.20288490189772157013 0.01502079590024401647 0.76510810827451247729 
0.04225950331547462940 0.04324704694032378144 0.00000000100000000000 0.08581857939534988378 0.05061289734054679607 0.77806197200830495841 
0.02639951422140677378 0.14896068901346573576 0.00000000099999999998 0.05823923248913416562 0.00000000099999999998 0.76640056227599340222 
0.00000000099999999999 0.04756121474050031828 0.06526908835551721577 0.16334502896590924470 0.00000000099999999999 0.72382466593807326394 
0.00000000099999999999 0.01646730828551465700 0.06552287276124491022 0.06971234953546388835 0.00000000099999999999 0.84829746741777656283 
0.04508518348723663388 0.14783605794664086974 0.00513795920542727512 0.03081318033594105527 0.00000000100000000000 0.77112761802475404682 
0.10616475194581211083 0.03126137716445977210 0.00000263188255978441 0.05240829061495960034 0.00000000099999999999 0.81016294739220884313 
0.08758439279586394122 0.00000000099999999999 0.00000000099999999999 0.00000000099999999999 0.00000000099999999999 0.91241560320413594987 
0.08746354634235670167 0.07516360370777178113 0.04447187841026960242 0.01194558934767573494 0.00000000100000000000 0.78095538119192609017 
0.11635189937211536104 0.00000000099999999998 0.00000000099999999998 0.02725255162781684698 0.00000000099999999998 0.85639554600006784213 
0.01299561068950604546 0.01507292668000818035 0.28134557600859011472 0.03082887037570834418 0.00000000100000000000 0.65975701524618735050 
0.00880347143325736943 0.07041185985183832929 0.06165635969156946228 0.04412377365204181445 0.02688175734499463274 0.78812277802629848722 
0.06298614340704536407 0.12553065148865974465 0.01322791027834100026 0.07219047266507071237 0.01506136079751779593 0.71100346136336534109 
0.00000000100000000000 0.00461364574184107163 0.16425362595270454058 0.09070739201947522479 0.01614697874534061495 0.72427835654063854598 
0.09704647461238913309 0.00000000100000000000 0.09679703026583610925 0.02880464152304104339 0.01256270206419290644 0.76478915053454099571 
0.00000000100000000000 0.10477032959140811230 0.07167811497313406055 0.00786416373245723936 0.01335317403051346045 0.80233421667248716602 
0.13304436805835348490 0.14198847409356146754 0.01712447841731297091 0.03117202202640364725 0.00000000099999999999 0.67667065640436829810 
0.03348920501368372882 0.24796121859333475346 0.00000000099999999999 0.03449825735697462786 0.00000000099999999999 0.68405131703600674520 
0.07052506244156210580 0.03120503437375831551 0.00000000099999999999 0.06733663574081012737 0.02559149771079953159 0.80534176873307006250 
0.04089179520210158708 0.10892880341513058728 0.16422715357005898684 0.10290673670741851131 0.00000000099999999999 0.58304551010529026556 
0.00010432284372705974 0.00000000099999999999 0.00000000099999999999 0.06600799733926504542 0.00000000099999999999 0.93388767681700779466 
0.01499050878317156194 0.13645504836803840076 0.02874028746844278087 0.09129932735405228705 0.00000000099999999999 0.72851482702629488664 
0.01478471926673894342 0.07033357251552498079 0.14904165264117652523 0.11972981125626154519 0.00000000099999999999 0.64611024332029798334 
0.01420125508205492652 0.00000000099999999999 0.01317199728000128731 0.09446747230701615927 0.02655557767512304462 0.85160369665580459841 
0.08100342630255849552 0.13311463215851901398 0.00000000100000000000 0.00000000100000000000 0.01690656735795296670 0.76897537218096945200 
0.06756069706773165651 0.10580578951066094140 0.03901501830116206604 0.09740104756308670675 0.02218938147282298323 0.66802806608453557669 
0.04535887220897993899 0.00831970160613329165 0.01964062908862297674 0.16957206511364431023 0.00000369908891616395 0.75710503289370334468 
0.07677268044110745204 0.02106633626350331787 0.00000000099999999999 0.00000000099999999999 0.00002080216555034170 0.90214017912983879288 
0.01477564648531383765 0.16659354768919751311 0.00000000099999999999 0.10591467606276916413 0.07496653309539175192 0.63774959566732769556 
0.00992230889975713633 0.00000000099999999999 0.00000000099999999999 0.13943123601324564076 0.00718021676492087719 0.84346623632207629040 
0.09544073045563401803 0.08851931469363374938 0.03526158479921927963 0.25008840071312221642 0.00655641590484473420 0.52413355343354606219 
0.09869906073371761956 0.13591121194923952431 0.01755893292163293248 0.00000000099999999999 0.00000000099999999999 0.74783079239540983796 
0.00000000100000000000 0.00000000100000000000 0.07298331663898707800 0.16173803319930951661 0.02765939122593975147 0.73761925693576368968 
0.00000000099999999997 0.00000000099999999997 0.02114652392045646492 0.00000000099999999997 0.00000000099999999997 0.97885347207954365167 
0.00000000099999999996 0.00000000099999999996 0.05750834443937250656 0.00000000099999999996 0.04389368465745431547 0.89859796790317314485 
0.00000000099999999998 0.00000000099999999998 0.03069118889043389448 0.00000000099999999998 0.03600845477700505282 0.93330035333256111674 
0.16250746669710042225 0.00000000099999999998 0.05272189572347554809 0.04122090697885803789 0.00000000099999999998 0.74354972860056589568 
0.06076830521736734797 0.00000000100000000000 0.03853718802537218352 0.00000000100000000000 0.05621790836136757175 0.84447659639589300884 
0.01256225204680838821 0.00000000099999999999 0.15308757529275715537 0.04453561373524645567 0.00000000099999999999 0.78981455692518798273 
0.03982193500160031985 0.10248324827747035126 0.02477615575832461947 0.08569384832800941432 0.00000000100000000000 0.74722481163459530951 
0.00000000099999999998 0.01840565128993760721 0.00000000099999999998 0.10566637966200158327 0.00000000099999999998 0.87592796604806066885 
0.00000000099999999998 0.00000000099999999998 0.09554405476932220642 0.00000000099999999998 0.02635799668552244943 0.87809794554515530063 
0.02671427400995347173 0.00000000100000000000 0.00000000100000000000 0.30166708438738815135 0.01522399006559065245 0.65639464953706772032 
0.05385186039191332957 0.00000000100000000000 0.04828708695644437499 0.14061615897877935422 0.00000000100000000000 0.75724489167286301861 
0.01668261088445764651 0.00000000099999999994 0.00000000099999999994 0.00000000099999999994 0.00000000099999999994 0.98331738511554245274 
0.03473508362769524294 0.00000000099999999999 0.00000000099999999999 0.05990606227061746891 0.00375471144368611691 0.90160414065800109640 
0.00000000099999999999 0.00000000099999999999 0.08398202889386761905 0.23128662450265535799 0.00000000099999999999 0.68473134360347709393 
0.00000004378810474095 0.00000000099999999993 0.00000000099999999993 0.00000000099999999993 0.00000000099999999993 0.99999995221189519334 
0.06443843162161727589 0.00000000099999999993 0.00000000099999999993 0.00000000099999999993 0.00000000099999999993 0.93556156437838267070 
0.12123969387640977369 0.00143758373028714508 0.14257591013667583746 0.03806143922651147871 0.04643535863627005350 0.65025001439384577662 
0.00154676447011483829 0.00000000099999999993 0.00000000099999999993 0.00000000099999999993 0.00000000099999999993 0.99845323152988507687 
0.16455371220177236746 0.00000104283995873427 0.02674031624819745226 0.13160279018988574329 0.01808295182106385221 0.65901918669912185056 
0.39690824981822814266 0.09859499567943215415 0.13446375024918588714 0.00000079268294744165 0.00000000099999999999 0.37003221057020652118 
0.60460993400969997857 0.00000000099999999998 0.00000000099999999998 0.00000000099999999998 0.00000000099999999998 0.39539006199030013455 
0.12666206738226890027 0.00004402107427428460 0.05475547710667569984 0.03777820996066715009 0.00071299157705202970 0.78004723289906185979 
0.26342280529319517246 0.00000225371825897461 0.17753695730679683318 0.01839665332683012092 0.00322346177944702814 0.53741786857547180212 
0.04587109826394485113 0.29681137870133000867 0.07397471575540645605 0.00000000100000000000 0.01927808764936340957 0.56406471862995533062 
0.05310517389033350688 0.00000000099999999995 0.00000000099999999995 0.02628166954877938707 0.00000000099999999995 0.92061315356088724293 
0.60672361440666411347 0.00000000099999999996 0.00000000099999999996 0.00000000099999999996 0.00000000099999999996 0.39327638159333594414 
0.59487762941511879156 0.00000000099999999999 0.00000000099999999999 0.12925508416225942043 0.00304646824237197805 0.27282081618024994762 
0.55902966933449804721 0.00000000099999999997 0.00000000099999999997 0.05200952242690242561 0.00000000099999999997 0.38896080523859966060 
0.13426857426497559866 0.00000000099999999997 0.00000000099999999997 0.19387266170217118399 0.00000000099999999997 0.67185876103285324668 
0.10899428629982609029 0.00000000099999999999 0.14230229914022882176 0.25685913213796157661 0.00000000099999999999 0.49184428042198358177 
0.05233665203060967192 0.00000000099999999999 0.05270541294658688536 0.16660414505231505022 0.00001984051005709094 0.72833394846043131299 
0.16083005571408065526 0.00000000099999999998 0.00000000099999999998 0.22236550751085065736 0.01961864971867773033 0.59718578505639097198 
0.17390769645574882807 0.00000000099999999999 0.00000000099999999999 0.02177797133222209719 0.02650883625711955571 0.77780549395490961029 
0.99999999500000014141 0.00000000099999999979 0.00000000099999999979 0.00000000099999999979 0.00000000099999999979 0.00000000099999999979 
0.99999999500000003039 0.00000000099999999975 0.00000000099999999975 0.00000000099999999975 0.00000000099999999975 0.00000000099999999975 
0.99999999500000014141 0.00000000099999999979 0.00000000099999999979 0.00000000099999999979 0.00000000099999999979 0.00000000099999999979 
0.44578426384166369711 0.00000000099999999998 0.00000000099999999998 0.12106735639073244737 0.00000000099999999998 0.43314837676760398200 
0.99999999500000014141 0.00000000099999999974 0.00000000099999999974 0.00000000099999999974 0.00000000099999999974 0.00000000099999999974 
0.99999999500000003039 0.00000000099999999988 0.00000000099999999988 0.00000000099999999988 0.00000000099999999988 0.00000000099999999988 
0.99999999500000014141 0.00000000099999999977 0.00000000099999999977 0.00000000099999999977 0.00000000099999999977 0.00000000099999999977 
0.99999999500000003039 0.00000000099999999982 0.00000000099999999982 0.00000000099999999982 0.00000000099999999982 0.00000000099999999982 
0.99999999500000014141 0.00000000099999999975 0.00000000099999999975 0.00000000099999999975 0.00000000099999999975 0.00000000099999999975 
0.95737773000091597186 0.04262226599908414126 0.00000000099999999998 0.00000000099999999998 0.00000000099999999998 0.00000000099999999998 
0.21083566434735434569 0.00000000100000000000 0.11693064715120815578 0.09868567229331420831 0.02386804836412129149 0.54967996684400199925 
0.99999999500000014141 0.00000000099999999986 0.00000000099999999986 0.00000000099999999986 0.00000000099999999986 0.00000000099999999986 
0.13390001837633350168 0.00000000099999999998 0.00000000099999999998 0.17983134013587748212 0.00000000099999999998 0.68626863848778907329 
0.99999999500000014141 0.00000000099999999981 0.00000000099999999981 0.00000000099999999981 0.00000000099999999981 0.00000000099999999981 
0.99999999500000003039 0.00000000099999999980 0.00000000099999999980 0.00000000099999999980 0.00000000099999999980 0.00000000099999999980 
0.00000000099999999977 0.00000000099999999977 0.00000000099999999977 0.99999999499999991937 0.00000000099999999977 0.00000000099999999977 
0.06544839106660851891 0.00000000099999999997 0.00000000099999999997 0.00000000099999999997 0.00000000099999999997 0.93455160493339162198 
0.09061499048769920683 0.00000000099999999995 0.00000000099999999995 0.22696704084475297081 0.00000000099999999995 0.68241796566754775455 
0.11361750520883770466 0.00000000099999999999 0.01243830497650789783 0.09373891327502123505 0.00000000099999999999 0.78020527453963317566 
0.07814838149304063897 0.00000000099999999995 0.00000000099999999995 0.23623254581981376066 0.00000000099999999995 0.68561906968714547705 
0.14371318914579439552 0.00000000099999999995 0.00000000099999999995 0.23221196199965196683 0.00000000099999999995 0.62407484585455363924 
0.10552056886766948696 0.00000000099999999999 0.09032030761744672120 0.22633202677088185006 0.00000000099999999999 0.57782709474400195671 
0.04552916780007645187 0.05721689136511496493 0.73889069958708819552 0.15836261470785797933 0.00000051329297738354 0.00000011324688505510 
0.00000000099999999998 0.57115638759834830296 0.26090095588126122061 0.13771292961426753743 0.03022972490612293311 0.00000000099999999998 
0.00000000099999999999 0.56269914599697468116 0.28974694107769194407 0.14755390992533345962 0.00000000099999999999 0.00000000099999999999 
0.29608459541005055504 0.00000000099999999999 0.00000000099999999999 0.07914544247338489713 0.00000000099999999999 0.62476995911656452165 
0.23648634989319977651 0.00000000099999999998 0.00000000099999999998 0.06340181911348212462 0.00000000099999999998 0.70011182799331816984 
0.11825981085056380682 0.00000000099999999998 0.00000000099999999998 0.88174018514943619529 0.00000000099999999998 0.00000000099999999998 
0.04837006179998681876 0.00000000099999999994 0.00000000099999999994 0.93554314023975126968 0.00000000099999999994 0.01608679496026192354 
0.00000000099999999998 0.00000000099999999998 0.00000000099999999998 0.84655963896904606880 0.00000000099999999998 0.15344035703095398882 
0.00000122292433093670 0.00000000099999999997 0.00000000099999999997 0.99083822352936190558 0.00000000099999999997 0.00916055054630723724 
0.00000000099999999997 0.00000000099999999997 0.00000000099999999997 0.83758749310212510242 0.00000000099999999997 0.16241250289787501071 
0.07719102586095241691 0.00000000099999999999 0.00000000099999999999 0.42489732580368994030 0.01296780420495644189 0.48494384213040131471 
0.00000000099999999995 0.00000000099999999995 0.00000000099999999995 0.87655054913065377775 0.00000000099999999995 0.12344944686934616884 
0.00000000099999999963 0.00000000099999999963 0.00000000099999999963 0.99999999499999991937 0.00000000099999999963 0.00000000099999999963 
0.30587042115833479317 0.00000000099999999999 0.05475627234747349609 0.63937330349419185804 0.00000000099999999999 0.00000000099999999999 
0.07260091087591473424 0.00000000099999999999 0.05145662969136647474 0.79058193252416664176 0.00000000099999999999 0.08536052490855230990 
0.00000000099999999984 0.00000000099999999984 0.00000000099999999984 0.99999999500000003039 0.00000000099999999984 0.00000000099999999984 
0.13928298495108373811 0.00000000099999999997 0.00000000099999999997 0.31669176164300599785 0.00000000099999999997 0.54402525040591021011 
0.28073908398981839429 0.01034047859407469065 0.11458321214400435384 0.20931895412244003185 0.03122535245093427739 0.35379291869872825371 
0.00000000099999999981 0.00000000099999999981 0.00000000099999999981 0.99999999499999991937 0.00000000099999999981 0.00000000099999999981 
0.00002088563467658655 0.00000000100000000000 0.02162499784861006760 0.73625453466340651243 0.04064502458334337542 0.20145455626996355836 
0.00000000099999999993 0.00000000099999999993 0.00000000099999999993 0.87109709227373743889 0.00000000099999999993 0.12890290372626270199 
0.00000000099999999983 0.00000000099999999983 0.00000000099999999983 0.99999999500000003039 0.00000000099999999983 0.00000000099999999983 
0.03360258862031923616 0.26604319758351052672 0.08722732153979914638 0.32621184919336004837 0.16425453744019458124 0.12266050562281653746 
0.00000000099999999997 0.00000000099999999997 0.00000000099999999997 0.85862050881810503267 0.00000000099999999997 0.14137948718189480291 
0.00000000099999999998 0.07128518918060285092 0.00150329474611970494 0.92721151307327753788 0.00000000099999999998 0.00000000099999999998 
0.08812563601527098611 0.00000000099999999995 0.00000000099999999995 0.78257985565701770891 0.00000000099999999995 0.12929450532771141757 
0.00000000099999999985 0.00000000099999999985 0.00000000099999999985 0.99999999500000003039 0.00000000099999999985 0.00000000099999999985 
0.06617120007285605399 0.00000000099999999999 0.00000000099999999999 0.19646821565958857980 0.00921352347698597800 0.72814705879056951243 
0.00000000099999999999 0.06042738512534207712 0.00014164874281804928 0.78201623202810410795 0.00000000099999999999 0.15741473210373591041 
0.00000000100000000000 0.92900176677575507789 0.00000040072039874207 0.00038340966770502861 0.02045438936704565072 0.05016003246909565838 
0.00000000099999999999 0.80535536744167002254 0.00000000099999999999 0.05637854963198135616 0.09773319234176935932 0.04053288858457945038 
0.00000000099999999998 0.63755317460258109641 0.00000000099999999998 0.00000000099999999998 0.18274396935905046213 0.17970285303836858182 
0.02610657831495492853 0.79390253304598801254 0.14345718271612900585 0.00697606171856230209 0.00000000099999999999 0.02955764320436559886 
0.00000000099999999998 0.93597882797144382749 0.02615693225237254380 0.03786423677618376560 0.00000000099999999998 0.00000000099999999998 
0.00000000099999999999 0.78479106310037827221 0.08501796295324598463 0.00000000099999999999 0.09428020070027842703 0.03591077124609739352 
0.00003780425663669041 0.91470103595754004289 0.00000000099999999999 0.00000000099999999999 0.05399749980786153203 0.03126365797796171880 
0.00000000099999999998 0.89932209052205591693 0.00000000099999999998 0.00000000099999999998 0.05327599631444051437 0.04740191016350372294 
0.00000000100000000000 0.75686263947249809991 0.08793174681237184154 0.00887063817186228842 0.02474881757394910634 0.12158615696931866779 
0.01260767672218230696 0.69444526619978241833 0.10710746894972089649 0.00000000099999999999 0.00000000099999999999 0.18583958612831438795 
0.00000000100000000000 0.72713088469864661789 0.05471161202407595625 0.00798862556558002299 0.00000000100000000000 0.21016887571169740045 
0.00000000099999999999 0.89451145637497531116 0.00000000099999999999 0.00833466326584254152 0.03937081089266673828 0.05778306746651547254 
0.00914124320027555684 0.87992531692523678899 0.10378090724115734966 0.00000000100000000000 0.00715253063333048597 0.00000000100000000000 
0.00000000099999999999 0.89223169608543517750 0.10776805349141631296 0.00000000099999999999 0.00000024742314863635 0.00000000099999999999 
0.00000000099999999999 0.84989688688707754061 0.02759393935091486796 0.00000000099999999999 0.01713763573720751207 0.10537153602480012204 
0.00000000099999999998 0.95807463526180869362 0.00000000099999999998 0.00000000099999999998 0.04192534475969349889 0.00000001697849780181 
0.01050710824040684138 0.76178025086385003917 0.07374228123631698661 0.00000000099999999999 0.02176367705219325183 0.13220668160723297868 
0.00000000099999999999 0.74721571359031679904 0.10856770084883499150 0.00000000099999999999 0.00517071715700575044 0.13904586640384244967 
0.00000000099999999999 0.60216622786590745520 0.16941193519032743398 0.04291232511643713887 0.00000000099999999999 0.18550950982732805628 
0.00000000099999999998 0.53045800439679102745 0.24279010873597792197 0.00000000099999999998 0.00000000099999999998 0.22675188386723099665 
0.00000000099999999997 0.75452740473501589413 0.14766491478845078511 0.01558521590656280174 0.00000000099999999997 0.08222246256997066405 
0.00000000099999999999 0.78972170695479171343 0.13713085584506468084 0.00041926153959056714 0.07272817366055291111 0.00000000099999999999 
0.00000000099999999999 0.75735658810180250811 0.15268712586061999881 0.00000000099999999999 0.08632335816974849585 0.00363292586782914444 
0.00000000099999999995 0.99981868333582224473 0.00000000099999999995 0.00000000099999999995 0.00018131266417773347 0.00000000099999999995 
0.00000000099999999993 0.99999999500000014141 0.00000000099999999993 0.00000000099999999993 0.00000000099999999993 0.00000000099999999993 
0.00000000099999999999 0.78362117650248253042 0.00000000099999999999 0.00000000099999999999 0.05576511867422485197 0.16061370182329279266 
0.00000000099999999994 0.99892253488826932006 0.00000000099999999994 0.00000000099999999994 0.00107746111173074839 0.00000000099999999994 
0.00000000100000000000 0.84590471306362668980 0.02247895102978197945 0.00733705574834315859 0.04491818701558809857 0.07936109214266007239 
0.00000000099999999993 0.99999999500000003039 0.00000000099999999993 0.00000000099999999993 0.00000000099999999993 0.00000000099999999993 
0.18067625337501067029 0.00522097361895245120 0.16972220908296745123 0.09480962658898257900 0.00000000100000000000 0.54957093633408682365 
0.04813578175505065643 0.56979907202896418195 0.16420178009786376427 0.01244612455981880875 0.00000000100000000000 0.20541724055830265505 
0.00000000099999999999 0.80393987703103819698 0.13556312758105648619 0.00000000099999999999 0.01347420322866627572 0.04702279015923913064 
0.05926304787159815401 0.78765271965520267106 0.00530056063282655695 0.03215515754459472020 0.10584218860590000055 0.00978632568987791197 
0.00935114598128687288 0.72575044579823888569 0.09667952797512086027 0.00000000099999999999 0.11497280658895167593 0.05324607265640165371 
0.00000000099999999998 0.77512690025741914912 0.06039353087759943839 0.00000000099999999998 0.00000000099999999998 0.16447956586498146958 
0.04664988118408459200 0.83389298454556581852 0.11687739778280487046 0.00257973448754469231 0.00000000099999999999 0.00000000099999999999 
0.02206793155784756919 0.89027069917268342181 0.07020928130447380566 0.01745208596499523909 0.00000000099999999999 0.00000000099999999999 
0.11350425536338143440 0.76076017002248252918 0.05525004511855093059 0.00000000099999999999 0.07048552749558505137 0.00000000099999999999 
0.00531491824458753866 0.78776583959735901885 0.09232131983515111384 0.00000000099999999999 0.07644848160885359123 0.03814943971404884809 
0.12209924340655085861 0.00026960234090721719 0.18463106592093403435 0.08750634282673225295 0.00219362611969052285 0.60330011938518512959 
0.20414845613330667717 0.00000209421654845121 0.15265821826935688232 0.12894706335254746410 0.00000000100000000000 0.51424416702824038428 
0.00000000099999999998 0.76683280288919741796 0.05305782370072888166 0.00000000099999999998 0.10699427165820227237 0.07311509975187137356 
0.07075277412184503845 0.00000000099999999994 0.00000000099999999994 0.92918855001134914584 0.00000000099999999994 0.00005867286680595066 
0.00000000099999999999 0.63974023631783416555 0.31275611733951735882 0.00000000099999999999 0.04750364334264846333 0.00000000099999999999 
0.00000000099999999998 0.61237421626791399554 0.33630440100186681507 0.00000000099999999998 0.03795014593859096647 0.01337123479162840092 
0.00000000099999999999 0.62144293603309364027 0.32371481441372990107 0.00000000099999999999 0.05484224655317640473 0.00000000099999999999 
0.00000000099999999998 0.71442478656133912018 0.25709134670564864900 0.00000000099999999998 0.02848386373301237465 0.00000000099999999998 
0.00000000099999999998 0.91419515357275127343 0.00000000099999999998 0.00000000099999999998 0.08580484242724877031 0.00000000099999999998 
0.00004705680030159166 0.58079208392735093280 0.20115945592914200035 0.00347057958483513052 0.04431876278956466825 0.17021206096880558967 
0.00000000099999999998 0.81005728604997095932 0.09213642990146289624 0.00000000099999999998 0.09780628104856622929 0.00000000099999999998 
0.00000000099999999996 0.79558784055831111015 0.12911736475314775086 0.00000000099999999996 0.07529479168854114057 0.00000000099999999996 
0.00000000099999999993 0.87090292213942754884 0.00000000099999999993 0.00000000099999999993 0.12909707386057253653 0.00000000099999999993 
0.00000000099999999993 0.87518568197426227506 0.00000000099999999993 0.00000000099999999993 0.12481431402573779643 0.00000000099999999993 
0.00000000099999999994 0.88778747759855947130 0.00000000099999999994 0.00000000099999999994 0.11221251840144069734 0.00000000099999999994 
0.00000000099999999999 0.75356433902906505562 0.18371593370264560630 0.06231057496337086971 0.00040915030491828696 0.00000000099999999999 
0.00000000099999999998 0.77294829216507743297 0.10768556726508947408 0.07209211440672756710 0.04727402416310544364 0.00000000099999999998 
0.00000073814554557625 0.64159134810758666756 0.14070537536870070250 0.02836609726888777300 0.08336237707294476273 0.10597406403633451155 
0.00693216499844003312 0.66347401698701669037 0.25449523261044282307 0.00000210306967111016 0.07509648133442936579 0.00000000100000000000 
0.00000000099999999999 0.97213311329899310120 0.02786688270100697376 0.00000000099999999999 0.00000000099999999999 0.00000000099999999999 
0.00006316815017078544 0.84084689044486093934 0.00657255243245424576 0.00000000099999999999 0.15251738697251404631 0.00000000099999999999 
0.02619161607860505739 0.61889711247918688386 0.08958654931857282233 0.05209208857657889741 0.09619056217478201554 0.11704207137227433388 
0.00000000099999999999 0.79742860408250382243 0.10735506889797827301 0.00000000099999999999 0.09521632401951805880 0.00000000099999999999 
0.00000000099999999997 0.84159352963696454353 0.14661804622879021087 0.00000000099999999997 0.01178842113424541371 0.00000000099999999997 
0.00000000099999999999 0.61255209812801825198 0.18309461966207701833 0.01118229269166013708 0.12001444549569799392 0.07315654302254678831 
0.00000000099999999999 0.59650694627061184860 0.25298832680048410904 0.00000000099999999999 0.13780031328173764082 0.01270441164716639912 
0.00000000099999999999 0.59587790919546534951 0.18450390663479776521 0.03386174264607699075 0.00000000099999999999 0.18575643952366002742 
0.00000000099999999999 0.60922839805899653420 0.14746024109449668016 0.03492548150443663957 0.00000000099999999999 0.20838587734207028590 
0.00000000099999999999 0.59504641221294063413 0.18064491550915814932 0.03564732135380698635 0.00000665819668827751 0.18865469172740603754 
0.00000000099999999999 0.82575951374000033933 0.08275320887269697889 0.00000000099999999999 0.08738133051265808970 0.00410594487464472409 
0.00000000099999999999 0.86550427354048120598 0.09969345143069625881 0.00129840599107796566 0.03350376571762478384 0.00000010232011975339 
0.00000000099999999996 0.71692877746406635797 0.19549535847129742572 0.00000000099999999996 0.08757586106463620401 0.00000000099999999996 
0.02443102368840694913 0.69738338435397329018 0.12014813437592737622 0.00000000100000000000 0.10235545731594372643 0.05568199926574873143 
0.00000000099999999999 0.60337201413212704360 0.16023151001317692543 0.00000000099999999999 0.16155013452720359823 0.07484633932749237828 
0.08295038964107294410 0.64673436865325184542 0.16190727009551225679 0.00000000099999999999 0.03773260701279160245 0.07067536359737126850 
0.00000000099999999996 0.68223952784202501753 0.22175931021880015970 0.00000000099999999996 0.09600115893917483822 0.00000000099999999996 
0.00000000099999999997 0.86596359483550477965 0.13403640116449527797 0.00000000099999999997 0.00000000099999999997 0.00000000099999999997 
0.00000049714892722609 0.65790765402654238780 0.25647685926400148881 0.00000000100000000000 0.05337463774360145380 0.03224035081692756821 
0.00000000099999999999 0.71819378858833016199 0.07591302851595191359 0.00069976994121205875 0.07985629374624159116 0.12533711820826426431 
0.01338153882470471089 0.63301051505244243511 0.21743110780435606633 0.00000000099999999999 0.03687348062696550743 0.09930335669153138312 
0.02839938593902836123 0.58956068056560739787 0.20354410479966653091 0.00000000099999999999 0.05507943767700495402 0.12341639001869270098 
0.00000000099999999997 0.71334043252957912706 0.19787315833946889088 0.00000000099999999997 0.08878640613095184486 0.00000000099999999997 
0.11876561155130889447 0.61916593506854578077 0.16011419431413656533 0.00000000099999999999 0.10195425706600876048 0.00000000099999999999 
0.15771988462109431950 0.64492387312349264139 0.09661028524618038571 0.01469942288979034575 0.08604653311944229777 0.00000000100000000000 
0.06642155705640830077 0.79098365917464341646 0.04009987732988758852 0.01277099255537803013 0.08972391288368249118 0.00000000100000000000 
0.17110457231476333684 0.69748303311869441767 0.07685998826048660859 0.00000000099999999999 0.05455240430605564489 0.00000000099999999999 
0.00000000099999999999 0.70369143399327283017 0.17734107723797462586 0.00000000099999999999 0.11896748576875260106 0.00000000099999999999 
0.00000000099999999999 0.79837446166448977625 0.00000000099999999999 0.00000000099999999999 0.06476120453045955405 0.13686433080505067128 
0.00000000099999999999 0.76535934611379174974 0.08495616686263951500 0.00000041993239482401 0.06127091399783771847 0.08841315209333630576 
0.00000000099999999999 0.67811915432086700140 0.18896984009287742801 0.00000000099999999999 0.13291100258625554442 0.00000000099999999999 
0.00000000100000000000 0.78982068639167390955 0.01631693179648231740 0.05026118758602388797 0.04369479831570637074 0.09990639491011345241 
0.00000000099999999997 0.00002853100483930978 0.99997146499516065266 0.00000000099999999997 0.00000000099999999997 0.00000000099999999997 
0.00000000099999999999 0.15441060690438820902 0.77784830150785111424 0.00000000099999999999 0.06774108858776070607 0.00000000099999999999 
0.00000000099999999997 0.00000000099999999997 0.98503328180138738368 0.00000000099999999997 0.01496671419861251087 0.00000000099999999997 
0.00000000099999999999 0.05802366484383573997 0.88137410918583336539 0.00000002622284307938 0.06060219774748787369 0.00000000099999999999 
0.04436080158937683732 0.01521371184691101310 0.76714218940590772622 0.00000000100000000000 0.06856553933319070593 0.10471775682461378909 
0.00000004483817855816 0.32721952231225964747 0.60971795291374797365 0.01436268046404308094 0.04869979847177077770 0.00000000100000000000 
0.08562905247324423263 0.05621469241907567360 0.00026056899425747857 0.16600423046440410113 0.07269517843688409753 0.61919627721213443827 
0.06115947914442829147 0.00000000100000000000 0.83033670552755378669 0.00000000100000000000 0.02679720310372563433 0.08170661022429248632 
0.00000111775812081003 0.05654804515538568166 0.62437419958861095637 0.00000002118402786915 0.19242452609072099867 0.12665209022313372866 
0.00000000099999999999 0.16572068030471817646 0.72405292111426033941 0.00000000099999999999 0.02699249416415083064 0.08323390241687066149 
0.00000000208654826362 0.54841695117042654761 0.23483146521498601822 0.00924993089532489751 0.03587728389454949984 0.17162436673816475197 
0.02564150115577453273 0.00000000099999999998 0.96119566904599784696 0.01316282679822767393 0.00000000099999999998 0.00000000099999999998 
0.06550106584123442655 0.16509750471007444972 0.62821348369227703046 0.02493269507350015859 0.05039532504793026862 0.06585992563498373198 
0.00000000099999999999 0.00287054237476408155 0.91649435430354864174 0.00000025740424628395 0.00000000099999999999 0.08063484391744092650 
0.00000000099999999997 0.26658245592332213691 0.71694331500559294046 0.00000000099999999997 0.01647422607108502829 0.00000000099999999997 
0.00000000099999999999 0.10023362903407868896 0.89648492577666005765 0.00000000099999999999 0.00328144218926132956 0.00000000099999999999 
0.00000000099999999998 0.00000000099999999998 0.99999916370871866356 0.00000000099999999998 0.00000083229128128515 0.00000000099999999998 
0.00000000099999999997 0.19039249452285281206 0.60365816783996939510 0.00000000099999999997 0.14976006301735114712 0.05618927261982658433 
0.00000000099999999999 0.23209258399493296054 0.62633302452765027279 0.00014463942425185580 0.04639578801829988275 0.09503396303486495722 
0.00729249130013877398 0.03179037050409797005 0.89707367123305203904 0.00028049110706740665 0.00940783669825474844 0.05415513915738900952 
0.00000000099999999994 0.00000000099999999994 0.99999999499999991937 0.00000000099999999994 0.00000000099999999994 0.00000000099999999994 
0.00000000099999999992 0.00000000099999999992 0.99999999499999991937 0.00000000099999999992 0.00000000099999999992 0.00000000099999999992 
0.00000000099999999992 0.00000000099999999992 0.99999999500000003039 0.00000000099999999992 0.00000000099999999992 0.00000000099999999992 
0.00000000099999999992 0.00000000099999999992 0.99999999499999991937 0.00000000099999999992 0.00000000099999999992 0.00000000099999999992 
0.00583413936092055680 0.15525959500167799132 0.82168963505923242607 0.00000000099999999999 0.01721656417584120288 0.00000006540232777024 
0.00000000100000000000 0.09713898213160486461 0.90286101250962158549 0.00000000100000000000 0.00000000100000000000 0.00000000235877357771 
0.00000000099999999999 0.10317549885024662748 0.87528052788186316846 0.02154397026789032707 0.00000000099999999999 0.00000000099999999999 
0.00000000099999999999 0.02401998974291386091 0.84001404491178111034 0.00001661755352013341 0.05931809334426805386 0.07663125344751690882 
0.02531222048630191526 0.14869956862335456660 0.73114282890931980852 0.05692871406696300984 0.00000000100000000000 0.03791666691406069684 
0.00000000099999999999 0.19421938005271913164 0.70352098659162753957 0.03061588307495342887 0.03055438834518926089 0.04108936093551066732 
0.00026461663890369863 0.00000000100000000000 0.31847769413718279852 0.54344347757131705734 0.02448167223783507748 0.11333253841476130519 
0.01742994549894474193 0.14061447913134061949 0.00861427328505798111 0.82988923601296382682 0.00345206507169286284 0.00000000100000000000 
0.00000000099999999997 0.00000000099999999997 0.91925035378875297187 0.08074964221124705799 0.00000000099999999997 0.00000000099999999997 
0.05470794155438228612 0.18273726564156031471 0.75786262402188031562 0.00000000099999999999 0.00468958771733917791 0.00000258006483794218 
0.13027785424071178233 0.00519284441464304674 0.76128470625635724645 0.00000000099999999999 0.00000000099999999999 0.10324459308828813631 
0.00000000099999999994 0.00000000099999999994 0.99999999499999991937 0.00000000099999999994 0.00000000099999999994 0.00000000099999999994 
0.00000000099999999998 0.00000000099999999998 0.94848483430548136131 0.00000000099999999998 0.00000000099999999998 0.05151516169451863386 
0.00000000099999999994 0.00000000099999999994 0.95904973448321717555 0.00000000099999999994 0.04095026151678270859 0.00000000099999999994 
0.00000000099999999994 0.00000000099999999994 0.99999999500000003039 0.00000000099999999994 0.00000000099999999994 0.00000000099999999994 
0.05050125216465069927 0.00000000099999999999 0.88024530880448070835 0.06925343603086864253 0.00000000099999999999 0.00000000099999999999 
0.00000000099999999998 0.00000000099999999998 0.98713168880685209228 0.00000000099999999998 0.01286830719314778493 0.00000000099999999998 
0.00000000099999999997 0.00000000099999999997 0.94217522143211385188 0.05782477456788610165 0.00000000099999999997 0.00000000099999999997 
0.00000000099999999999 0.00000000099999999999 0.96737743763608152747 0.00000000099999999999 0.00000000099999999999 0.03262255836391857872 
0.15635799720672236002 0.09925251103256388374 0.24431298807574455823 0.00000001615408736753 0.00000000100000000000 0.50007648653088176971 
0.04053769561707065011 0.00000000099999999999 0.94946564286300438873 0.00298049991065069738 0.00000000099999999999 0.00701615960927443397 
0.04771993524493170491 0.00000000100000000000 0.84217808725556320137 0.00713373266295525693 0.00000000100000000000 0.10296824283654981702 
0.00000000099999999999 0.00000000099999999999 0.99999999499999991937 0.00000000099999999999 0.00000000099999999999 0.00000000099999999999 
0.18721721838618107792 0.31190223086728863233 0.26677044921687181889 0.02527861586011471984 0.02780068224741391245 0.18103080342212996001 
0.06366533556245690395 0.01474384282974581552 0.76211182641852182051 0.00000000100000000000 0.02435236853042350991 0.13512662565885197319 
0.12110418701992380075 0.00000000100000000000 0.00000000100000000000 0.02820202185277580556 0.04765666103129151399 0.80303712809600880096 
0.01977638181114943494 0.05543603348544012821 0.78602354322489342842 0.05401341154527528055 0.01101713624494564739 0.07373349368829622275 
0.00000000099999999989 0.00000000099999999989 0.99999999500000003039 0.00000000099999999989 0.00000000099999999989 0.00000000099999999989 
0.00000000099999999998 0.01322798374875525096 0.98677200815476528994 0.00000000099999999998 0.00000000099999999998 0.00000000509647944887 
0.00000000099999999995 0.00000000099999999995 0.99999999500000003039 0.00000000099999999995 0.00000000099999999995 0.00000000099999999995 
0.00000000099999999987 0.00000000099999999987 0.99999999499999991937 0.00000000099999999987 0.00000000099999999987 0.00000000099999999987 
0.01282007674929094669 0.08591061417471120010 0.90126930607599786693 0.00000000099999999998 0.00000000099999999998 0.00000000099999999998 
0.00000000099999999991 0.00000000099999999991 0.99999999500000003039 0.00000000099999999991 0.00000000099999999991 0.00000000099999999991 
0.00000000099999999999 0.00000000099999999999 0.99999999499999991937 0.00000000099999999999 0.00000000099999999999 0.00000000099999999999 
0.00000000099999999998 0.00000000099999999998 0.97158604978035068012 0.00000000099999999998 0.02705361229571259449 0.00136033492393674801 
0.00000000099999999997 0.12824061544762591081 0.87175900276049789195 0.00000000099999999997 0.00000000099999999997 0.00000037879187620565 
0.00000000099999999998 0.00000000099999999998 0.98044115110416063530 0.01955884489583938762 0.00000000099999999998 0.00000000099999999998 
0.00000000099999999997 0.13730230607305549118 0.85391010829894808953 0.00000000099999999997 0.00000000099999999997 0.00878758262799648159 
0.00000000099999999992 0.00000000099999999992 0.99999999499999991937 0.00000000099999999992 0.00000000099999999992 0.00000000099999999992 
0.00000000100000000000 0.00000000100000000000 0.98808519890006873965 0.01190836347312872884 0.00000643460205819483 0.00000000102474434739 
0.01927433413294936046 0.00000000099999999999 0.95507488515854899180 0.00000000099999999999 0.00000000099999999999 0.02565077770850183667 
0.00000000099999999998 0.00000000099999999998 0.98998541160179909237 0.00000000099999999998 0.01001458439820084555 0.00000000099999999998 
0.00000000099999999998 0.00000000099999999998 0.99999999500000003039 0.00000000099999999998 0.00000000099999999998 0.00000000099999999998 
0.00000000099999999995 0.00000000099999999995 0.99999999500000003039 0.00000000099999999995 0.00000000099999999995 0.00000000099999999995 
0.00000000099999999994 0.00000000099999999994 0.99999999500000003039 0.00000000099999999994 0.00000000099999999994 0.00000000099999999994 
0.00000601804688496769 0.17256925558342300908 0.82286892992864468788 0.00455576563631668752 0.00000000100000000000 0.00000002980473078640 
0.50946630824554139938 0.38406096925890886862 0.08921777432394345508 0.01631396363296143404 0.00094098353864485197 0.00000000100000000000 
0.45004563560631033470 0.44516891344795617158 0.00000000123474202771 0.00000000100000000000 0.10478544771099154720 0.00000000100000000000 
0.00000000099999999997 0.99999999500000003039 0.00000000099999999997 0.00000000099999999997 0.00000000099999999997 0.00000000099999999997 
0.00000000099999999998 0.00000000099999999998 0.99999999499999991937 0.00000000099999999998 0.00000000099999999998 0.00000000099999999998 
0.00000000099999999998 0.00000000099999999998 0.99334236969693612274 0.00665762630306378222 0.00000000099999999998 0.00000000099999999998 
0.16412919495976477369 0.15051013333087467916 0.58828960407359798257 0.00000000100000000000 0.09707106188309472250 0.00000000475266797056 
