0.00000000099999999991 0.00000000099999999991 0.00000000099999999991 0.00000000099999999991 0.99999999100000014352 0.00000000099999999991 0.00000000099999999991 0.00000000099999999991 0.00000000099999999991 0.00000000099999999991 
0.00000000099999999989 0.00000000099999999989 0.00000000099999999989 0.00000000099999999989 0.99999999100000014352 0.00000000099999999989 0.00000000099999999989 0.00000000099999999989 0.00000000099999999989 0.00000000099999999989 
0.00000000099999999993 0.00000000099999999993 0.00000000099999999993 0.00000000099999999993 0.82850730790776383472 0.00000000099999999993 0.07933605156692251359 0.00577660268734040729 0.08638003183797324236 0.00000000099999999993 
0.00000000099999999998 0.00000000099999999998 0.18883606020048199214 0.06707775904071702766 0.67467410992892129507 0.00000000099999999998 0.01894847240995453305 0.05046359341992518593 0.00000000099999999998 0.00000000099999999998 
0.00000000099999999997 0.00000000099999999997 0.02473054269301795671 0.18443415252069927934 0.73159922960757439725 0.00000000099999999997 0.00000000099999999997 0.00000000099999999997 0.01727094475154905551 0.04196512542715957750 
0.00000000099999999999 0.00000000099999999999 0.04984289055609763402 0.05292687349291406301 0.77793308028522412112 0.00000000099999999999 0.05313680422710696100 0.00033881085207468050 0.04016364878677271960 0.02565788879981006215 
0.00000000099999999996 0.00000000099999999996 0.02521583105725245383 0.03756025872815163535 0.69507886245697358962 0.00000000099999999996 0.00000000099999999996 0.05854384834017687528 0.07600019450612224836 0.10760100091132315803 
0.00000000099999999998 0.01774865693037358874 0.00000000099999999998 0.14623083059799565908 0.74875529762149350965 0.00791121302893263954 0.00000000099999999998 0.00000000099999999998 0.03545506237745984363 0.04389893544374479789 
0.00000000099999999997 0.00000000099999999997 0.00000000099999999997 0.03861398728844066264 0.88256125157377696144 0.00000000099999999997 0.00000000099999999997 0.07882475413778256002 0.00000000099999999997 0.00000000099999999997 
0.00000000099999999999 0.00000000099999999999 0.05096320972353020340 0.00628822757056139887 0.79461090918437227160 0.00000000099999999999 0.00000000099999999999 0.12947728086123327929 0.01866036766030286856 0.00000000099999999999 
0.02767950132964121929 0.00000000099999999999 0.09925376609366225178 0.01978612373622947243 0.79275776694936506139 0.00000000099999999999 0.00000000099999999999 0.00000000099999999999 0.05812858270987688453 0.00239425518122498735 
0.00000000099999999997 0.00000000099999999997 0.07678692517748872404 0.00000000099999999997 0.87782842330528332297 0.00000000099999999997 0.00000000099999999997 0.00000000099999999997 0.04538464451722786647 0.00000000099999999997 
0.00000000099999999996 0.00000000099999999996 0.08185411380401066972 0.00000000099999999996 0.82216849327691032823 0.00000000099999999996 0.00000000099999999996 0.00000000099999999996 0.00000000099999999996 0.09597738591907913064 
0.06838564040265664168 0.00000000099999999989 0.10366944709948977543 0.00000000099999999989 0.79258228348149917242 0.00000000099999999989 0.00000000099999999989 0.03536262301635444832 0.00000000099999999989 0.00000000099999999989 
0.03909336174286090482 0.00000000099999999999 0.00000466634949029645 0.00000000099999999999 0.68495933714453793861 0.20922532706455676532 0.00000000099999999999 0.02712811590754356239 0.03958918779101040092 0.00000000099999999999 
0.00000000099999999999 0.09885772557331826138 0.00000000099999999999 0.00000000099999999999 0.79857494789370164767 0.03298113425553098055 0.02186228301840737603 0.00007581838693031420 0.04764804192770290270 0.00000004594440848430 
0.11236460707411712046 0.00000000099999999999 0.06430787720154031162 0.05251976515501455972 0.59018015977165461106 0.00000000099999999999 0.00036446829822645303 0.00000000099999999999 0.13087836676207575959 0.04938475273737132770 
0.00000000099999999995 0.00000000099999999995 0.00000000099999999995 0.04305295777454284240 0.77379556729964826811 0.07512672113148848030 0.00000000099999999995 0.00000000099999999995 0.00000000099999999995 0.10802474779432043317 
0.00000000099999999999 0.01876761777895302047 0.09373316650828308894 0.00926134425110785794 0.67518983262146570201 0.05908425813858902281 0.00000000099999999999 0.00000000099999999999 0.13637284128950538653 0.00759093641209608854 
0.17680263936170181882 0.00000000099999999996 0.00000000099999999996 0.00000000099999999996 0.82319735263829818539 0.00000000099999999996 0.00000000099999999996 0.00000000099999999996 0.00000000099999999996 0.00000000099999999996 
0.04887915578511381476 0.10753917066676287051 0.13357755884565536419 0.01010904927828623449 0.54691151764544598812 0.00000000099999999998 0.00000000099999999998 0.03208236384555057663 0.12090118093318522052 0.00000000099999999998 
0.10218317468953548588 0.00000000099999999998 0.03976483563621677209 0.01213393280997789037 0.65841342189992846379 0.00000000099999999998 0.00000000099999999998 0.13634385699257464686 0.04876060715902533899 0.00240016781274144221 
0.00022938100300265026 0.00000000099999999998 0.08135744105816281047 0.03087765630607644182 0.85359659459247994029 0.00000000099999999998 0.02016452123664633569 0.01377440180363186106 0.00000000099999999998 0.00000000099999999998 
0.00000000099999999997 0.03658309130892438421 0.01772937988707937174 0.06851583556257488661 0.71839057103140790961 0.13954874548675111345 0.00000000099999999997 0.00000059316836250703 0.00000000099999999997 0.01923178055489990074 
0.00000000099999999995 0.00000000099999999995 0.00000000099999999995 0.04029657319562755108 0.94706040598598817404 0.00000000099999999995 0.00000000099999999995 0.00000000099999999995 0.01264301381838426643 0.00000000099999999995 
0.00000000099999999997 0.05119834662615665305 0.01143161393219753290 0.06334179417810313628 0.80115325759078637180 0.00000000099999999997 0.00000000099999999997 0.00263381710536628828 0.00000000099999999997 0.07024116656739007314 
0.00000000099999999999 0.03794082125159562585 0.01320528165393180207 0.10167663282419701909 0.56649588486414137467 0.10148381915427243105 0.00000000099999999999 0.03503296283233493791 0.12999045177703671961 0.01417414364249022091 
0.00000000099999999995 0.00000000099999999995 0.04477261437003048766 0.06888347228100652475 0.84268598271265471311 0.00000000099999999995 0.00000000099999999995 0.00000000099999999995 0.04365792463630842335 0.00000000099999999995 
0.00000000099999999997 0.00000000099999999997 0.06163358904710142250 0.00000000099999999997 0.63261486578065451170 0.00000000099999999997 0.00000000099999999997 0.18256273664518510302 0.12318880252705892431 0.00000000099999999997 
0.08873968962949443928 0.00000000100000000000 0.07059509734181147744 0.07040954220452329271 0.61738299472781876798 0.00000006216335432457 0.00460526329623593168 0.07517240100888585019 0.07309494762787577260 0.00000000100000000000 
0.00000000104596502984 0.00000000099999999999 0.02543055223921066726 0.13460978960316144493 0.73831184756357559618 0.00000176162793720114 0.00000000099999999999 0.03530151726238953819 0.06634452765776038818 0.00000000099999999999 
0.02054868581411170916 0.00000000099999999997 0.07616217283599928389 0.00000000099999999997 0.76885208081604528019 0.00000000099999999997 0.00000000099999999997 0.03697290600364259994 0.09746414953020099414 0.00000000099999999997 
0.00000000099999999997 0.00000000099999999997 0.00000886016197319546 0.06846701497939548797 0.48579936142360330420 0.00000000099999999997 0.03052395404407616530 0.28267276770534238706 0.13252803768560939002 0.00000000099999999997 
0.00000000099999999997 0.00000000099999999997 0.00000000099999999997 0.11835464816225425844 0.45342488804105168798 0.00000000099999999997 0.00000000099999999997 0.05445289083266691837 0.37376756696402713143 0.00000000099999999997 
0.00000000099999999999 0.05291193135637603517 0.09520030194060973006 0.22222157763555175358 0.44160745821921570942 0.00000000099999999999 0.00000000099999999999 0.10647917510869288338 0.08157955173955387662 0.00000000099999999999 
0.00000000099999999997 0.00000000099999999997 0.09653574552887016214 0.00000000099999999997 0.71050521927022936008 0.00000000099999999997 0.00000000099999999997 0.08126520487374162827 0.03502684797710129555 0.07666697735005771619 
0.00000000099999999996 0.21553395789939175375 0.00000000099999999996 0.13857455386623532267 0.62705139063232107066 0.00000000099999999996 0.00000000099999999996 0.00000000099999999996 0.01884009160205192893 0.00000000099999999996 
0.00000000099999999994 0.00000000099999999994 0.00000000099999999994 0.00000000099999999994 0.95056309183788167960 0.00000000099999999994 0.00000000099999999994 0.00000000099999999994 0.04943690016211843563 0.00000000099999999994 
0.00000000099999999988 0.00000000099999999988 0.00000000099999999988 0.00000000099999999988 0.99999999100000014352 0.00000000099999999988 0.00000000099999999988 0.00000000099999999988 0.00000000099999999988 0.00000000099999999988 
0.00000000099999999989 0.00000000099999999989 0.00000000099999999989 0.00000000099999999989 0.99999999100000003249 0.00000000099999999989 0.00000000099999999989 0.00000000099999999989 0.00000000099999999989 0.00000000099999999989 
0.00000000099999999996 0.00000000099999999996 0.16078552850004590447 0.03251856014123520600 0.65227111842200791170 0.04423810679286167835 0.00000000099999999996 0.00000000099999999996 0.11018668114384920498 0.00000000099999999996 
0.00000000099999999996 0.00000000099999999996 0.04515128950252419310 0.00000000099999999996 0.61634456342634191817 0.00000000099999999996 0.03012185815388310206 0.00000000099999999996 0.14100722564543027859 0.16737505827182061480 
0.00000000099999999999 0.00003301892604163524 0.00355331113939130272 0.03786774903511940654 0.72403601770247227876 0.11988004623267199678 0.00000000099999999999 0.00000000099999999999 0.11462985296430326654 0.00000000099999999999 
0.00000000099999999997 0.00000000099999999997 0.05875550430121321416 0.01761332266492116397 0.78330494336947820155 0.00000000099999999997 0.00000000099999999997 0.07506447473484406663 0.02474469748303475408 0.04051705344650875090 
0.00000000099999999997 0.00000000099999999997 0.00000000099999999997 0.07194535189366371708 0.90460305684144326488 0.00000000099999999997 0.00000000099999999997 0.00000000099999999997 0.02345158426489299050 0.00000000099999999997 
0.00000000099999999991 0.00000000099999999991 0.00000000099999999991 0.00000000099999999991 0.96810198240702505235 0.00000000099999999991 0.00000000099999999991 0.00000000099999999991 0.00000000099999999991 0.03189800959297492411 
0.01493689305442845970 0.02600316103436211765 0.01279579715695391973 0.27690572803601365415 0.46765614361117352482 0.00000000099999999999 0.00000000099999999999 0.00000000099999999999 0.20170227310706834167 0.00000000099999999999 
0.00000000099999999997 0.00000000099999999997 0.03376366878826531776 0.12135389335746080142 0.59526693296503085939 0.00000000099999999997 0.00000000099999999997 0.00000000099999999997 0.17579997326668339586 0.07381552662255977393 
0.00000000099999999941 0.00000000099999999941 0.00000000099999999941 0.00000000099999999941 0.00000000099999999941 0.00000000099999999941 0.00000000099999999941 0.00000000099999999941 0.99999999100000003249 0.00000000099999999941 
0.00000000099999999991 0.00000000099999999991 0.00000000099999999991 0.00000000099999999991 0.11748045730913042606 0.00000000099999999991 0.00000000099999999991 0.05796202399503178060 0.82455751169583779703 0.00000000099999999991 
0.00000000099999999998 0.00000000099999999998 0.00000000099999999998 0.07353127480032581320 0.92646871719967416325 0.00000000099999999998 0.00000000099999999998 0.00000000099999999998 0.00000000099999999998 0.00000000099999999998 
0.00000000099999999939 0.00000000099999999939 0.00000000099999999939 0.00000000099999999939 0.00000000099999999939 0.00000000099999999939 0.00000000099999999939 0.00000000099999999939 0.99999999099999992147 0.00000000099999999939 
0.00000000099999999947 0.00000000099999999947 0.00000000099999999947 0.00000000099999999947 0.00000000099999999947 0.00000000099999999947 0.00000000099999999947 0.00000000099999999947 0.99999999100000003249 0.00000000099999999947 
0.03334777983983380767 0.11808125966698769516 0.08961725430503138246 0.03487133331536615422 0.19396692397366185889 0.08270012955658388731 0.02625243029145634885 0.00000000099999999999 0.42116288705107890467 0.00000000099999999999 
0.00000000099999999940 0.00000000099999999940 0.00000000099999999940 0.00000000099999999940 0.00000000099999999940 0.00000000099999999940 0.00000000099999999940 0.00000000099999999940 0.99999999099999992147 0.00000000099999999940 
0.05169349886822656448 0.00000000099999999999 0.14605364190143169112 0.12160635859105392576 0.40363357356028295442 0.00475959523857347709 0.00491833204009446863 0.00000000099999999999 0.26733499680033684376 0.00000000099999999999 
0.00055253247372516663 0.09730542968849517638 0.39070265870743947634 0.00111660270756772984 0.17450357885923539758 0.10976144803174467390 0.00000000099999999999 0.00000000099999999999 0.17050574039842755769 0.05555200713336473639 
0.00000000099999999998 0.00000000099999999998 0.62172006883840347236 0.00000000099999999998 0.13097963986855082341 0.00000000099999999998 0.00000000099999999998 0.00000000099999999998 0.24730028429304581894 0.00000000099999999998 
0.07056314329710532129 0.04403463317233715507 0.10997354910531131900 0.03252035737679052213 0.42824594644763125384 0.00000000099999999997 0.00000000099999999997 0.00000000099999999997 0.31466236660082447241 0.00000000099999999997 
0.01924128386525165296 0.14760463325071590535 0.22950715863321366483 0.02931600255244599246 0.12701357260964968310 0.08776830254890101435 0.00000000099999999999 0.00000000099999999999 0.35954904353982203302 0.00000000099999999999 
0.33649791238014098438 0.00000000099999999990 0.00000000099999999990 0.00000000099999999990 0.00000000099999999990 0.00000000099999999990 0.00000000099999999990 0.00000000099999999990 0.66350207961985874228 0.00000000099999999990 
0.00000000099999999988 0.00000000099999999988 0.00000000099999999988 0.02890970759557737191 0.00000000099999999988 0.00000000099999999988 0.00000000099999999988 0.00000000099999999988 0.97109028440442246577 0.00000000099999999988 
0.00000000099999999994 0.00000000099999999994 0.61547151280180678601 0.00922094121366346699 0.04039720000489917251 0.00000000099999999994 0.00000000099999999994 0.00000000099999999994 0.33491033997963071123 0.00000000099999999994 
0.00000000099999999999 0.00000000099999999999 0.58810690587698588594 0.12623412915533899215 0.17476744984695874452 0.00000000099999999999 0.00002657995368767294 0.00910634769380969100 0.10175858347321911634 0.00000000099999999999 
0.00000000099999999994 0.00000000099999999994 0.54971445012183783874 0.03617132427253408333 0.28153576094797799767 0.00000000099999999994 0.00000000099999999994 0.00000000099999999994 0.13257845865765027771 0.00000000099999999994 
0.00000000099999999994 0.00000000099999999994 0.11945177362478903715 0.19565551169471748216 0.48501734517594274898 0.00000000099999999994 0.00000000099999999994 0.00000000099999999994 0.19987536350455079037 0.00000000099999999994 
0.00000000099999999997 0.00000000099999999997 0.09250525360002787023 0.24325108786465590716 0.19211084364426803117 0.11320818750119480967 0.00000000099999999997 0.06350611618026155702 0.29541850720959178522 0.00000000099999999997 
0.00000000099999999998 0.00014368176577302403 0.04210771304631803075 0.15418029215779679997 0.40621153800853576632 0.04109588335611626814 0.00653295569447658910 0.00000000099999999998 0.34972793297098347942 0.00000000099999999998 
0.00000000099999999995 0.00000000099999999995 0.13706226447698610649 0.19316879166779593602 0.37830561131474915726 0.00000000099999999995 0.00350520190038082621 0.02606403676110051817 0.26189408987898743497 0.00000000099999999995 
0.00000000099999999997 0.06198600188632511637 0.15313091066177081379 0.01135348520501656099 0.35916196560614072064 0.00000000099999999997 0.00489499846093123525 0.00000000099999999997 0.40947263417981544231 0.00000000099999999997 
0.00000000099999999963 0.00000000099999999963 0.99999999100000014352 0.00000000099999999963 0.00000000099999999963 0.00000000099999999963 0.00000000099999999963 0.00000000099999999963 0.00000000099999999963 0.00000000099999999963 
0.00000000099999999952 0.00000000099999999952 0.99999999100000014352 0.00000000099999999952 0.00000000099999999952 0.00000000099999999952 0.00000000099999999952 0.00000000099999999952 0.00000000099999999952 0.00000000099999999952 
0.00000000099999999963 0.00000000099999999963 0.99999999100000014352 0.00000000099999999963 0.00000000099999999963 0.00000000099999999963 0.00000000099999999963 0.00000000099999999963 0.00000000099999999963 0.00000000099999999963 
0.00000000099999999993 0.00000000099999999993 0.44547828668948002973 0.08503170514830554749 0.46949000116221439871 0.00000000099999999993 0.00000000099999999993 0.00000000099999999993 0.00000000099999999993 0.00000000099999999993 
0.00000000099999999954 0.00000000099999999954 0.99999999100000014352 0.00000000099999999954 0.00000000099999999954 0.00000000099999999954 0.00000000099999999954 0.00000000099999999954 0.00000000099999999954 0.00000000099999999954 
0.00000000099999999979 0.00000000099999999979 0.99999999100000003249 0.00000000099999999979 0.00000000099999999979 0.00000000099999999979 0.00000000099999999979 0.00000000099999999979 0.00000000099999999979 0.00000000099999999979 
0.00000000099999999960 0.00000000099999999960 0.99999999100000014352 0.00000000099999999960 0.00000000099999999960 0.00000000099999999960 0.00000000099999999960 0.00000000099999999960 0.00000000099999999960 0.00000000099999999960 
0.00000000099999999969 0.00000000099999999969 0.99999999100000003249 0.00000000099999999969 0.00000000099999999969 0.00000000099999999969 0.00000000099999999969 0.00000000099999999969 0.00000000099999999969 0.00000000099999999969 
0.00000000099999999955 0.00000000099999999955 0.99999999100000003249 0.00000000099999999955 0.00000000099999999955 0.00000000099999999955 0.00000000099999999955 0.00000000099999999955 0.00000000099999999955 0.00000000099999999955 
0.00000000099999999993 0.06376224986019370100 0.93623774213980648362 0.00000000099999999993 0.00000000099999999993 0.00000000099999999993 0.00000000099999999993 0.00000000099999999993 0.00000000099999999993 0.00000000099999999993 
0.00000000099999999998 0.14559680432223989777 0.19524774267137826045 0.07885416354321544974 0.37812327029024006553 0.04649586536018836258 0.00000000099999999998 0.00000000099999999998 0.15568214981273797992 0.00000000099999999998 
0.00000000099999999976 0.00000000099999999976 0.99999999100000014352 0.00000000099999999976 0.00000000099999999976 0.00000000099999999976 0.00000000099999999976 0.00000000099999999976 0.00000000099999999976 0.00000000099999999976 
0.00000000099999999995 0.00000000099999999995 0.11911191713862349928 0.17667671570919374346 0.45812283179664270438 0.00000000099999999995 0.00000000099999999995 0.00000000099999999995 0.24608852935554006991 0.00000000099999999995 
0.00000000099999999967 0.00000000099999999967 0.99999999100000014352 0.00000000099999999967 0.00000000099999999967 0.00000000099999999967 0.00000000099999999967 0.00000000099999999967 0.00000000099999999967 0.00000000099999999967 
0.00000000099999999964 0.00000000099999999964 0.99999999100000003249 0.00000000099999999964 0.00000000099999999964 0.00000000099999999964 0.00000000099999999964 0.00000000099999999964 0.00000000099999999964 0.00000000099999999964 
0.00000000099999999960 0.00000000099999999960 0.00000000099999999960 0.99999999100000014352 0.00000000099999999960 0.00000000099999999960 0.00000000099999999960 0.00000000099999999960 0.00000000099999999960 0.00000000099999999960 
0.00000000099999999995 0.00000000099999999995 0.06233160289486149030 0.00000000099999999995 0.64554868211940252820 0.00000000099999999995 0.00000000099999999995 0.00000000099999999995 0.29211970798573616559 0.00000000099999999995 
0.00000000099999999992 0.00000000099999999992 0.06444052994588968242 0.24088329922680087880 0.29020549735545120296 0.00000000099999999992 0.00000000099999999992 0.00000000099999999992 0.40447066747185822511 0.00000000099999999992 
0.00000000099999999997 0.00000000099999999997 0.08399688677723859964 0.08422387942439554798 0.37579097000408268059 0.00000000099999999997 0.00000000099999999997 0.00000000099999999997 0.31871337205160266137 0.13727488674268067959 
0.00000000099999999992 0.00000000099999999992 0.05424127658338501884 0.24516400964567400256 0.31511562879001547843 0.00000000099999999992 0.00000000099999999992 0.00000000099999999992 0.38547907898092553802 0.00000000099999999992 
0.00000000099999999989 0.00000000099999999989 0.12159047807998778212 0.21587783742722499447 0.18553361040972743412 0.00000000099999999989 0.00000000099999999989 0.00000000099999999989 0.47699806808305988959 0.00000000099999999989 
0.00000000099999999996 0.13416477224579936856 0.10850758553408050566 0.19548055512442780168 0.39179652747927379286 0.02857288841156296541 0.00000000099999999996 0.00000000099999999996 0.14147766720485552283 0.00000000099999999996 
0.05074498915536011096 0.00000000100000000000 0.00528407060267152735 0.13071493109206724914 0.00000000106158395705 0.56441794574055614842 0.00000000100000000000 0.00062383225045866005 0.00000000100000000000 0.24821422709730256440 
0.69649151138004805617 0.00000000099999999994 0.00000000099999999994 0.11929093802040653671 0.00000000099999999994 0.13283581299408592225 0.00000000099999999994 0.05138173160545970314 0.00000000099999999994 0.00000000099999999994 
0.78603359545390738550 0.00000000099999999999 0.00000000099999999999 0.05004647124056194052 0.00000000099999999999 0.14022029278025735510 0.00000000099999999999 0.00000000099999999999 0.00000000099999999999 0.02369963452527344694 
0.00000000099999999997 0.00000000099999999997 0.25147089363936553363 0.03941900941902657524 0.18768920910303912852 0.00000000099999999997 0.00000000099999999997 0.00000000099999999997 0.52142088183856860617 0.00000000099999999997 
0.00000000099999999997 0.00000000099999999997 0.21298509174204793837 0.05115206894348901800 0.36084619235178821972 0.00000000099999999997 0.00000000099999999997 0.00000000099999999997 0.37501664096267500748 0.00000000099999999997 
0.00000000099999999993 0.00000000099999999993 0.03441598958363696614 0.76874681193225402609 0.00000000099999999993 0.00000000099999999993 0.00000000099999999993 0.00000000099999999993 0.19683719148410916411 0.00000000099999999993 
0.00000000099999999985 0.00000000099999999985 0.00065683768020828018 0.82343229218939029135 0.00000000099999999985 0.00000000099999999985 0.00000000099999999985 0.00000000099999999985 0.17591086313040152356 0.00000000099999999985 
0.00000000099999999997 0.00000000099999999997 0.00000000099999999997 0.80363749222298652697 0.15028530214992680270 0.00000000099999999997 0.00000000099999999997 0.00000000099999999997 0.04607719862708662545 0.00000000099999999997 
0.00000000099999999991 0.00000000099999999991 0.00000000099999999991 0.88540876340004937006 0.00000000099999999991 0.00000000099999999991 0.00000000099999999991 0.00000000099999999991 0.11459122859995068966 0.00000000099999999991 
0.00000000099999999995 0.00000000099999999995 0.00000000099999999995 0.78278485978537915013 0.06126331365267801560 0.00000000099999999995 0.00000000099999999995 0.00000000099999999995 0.15595181956194278938 0.00000000099999999995 
0.00000000099999999997 0.00000000099999999997 0.08216147978657757645 0.39489560356808239838 0.46854006885539956073 0.00000000099999999997 0.00391524914037858201 0.00000000099999999997 0.05048759364956193624 0.00000000099999999997 
0.00000000099999999993 0.00000000099999999993 0.00000000099999999993 0.83794891165416574008 0.08806941069444056136 0.00000000099999999993 0.00000000099999999993 0.00000000099999999993 0.07398167065139377163 0.00000000099999999993 
0.00000000099999999931 0.00000000099999999931 0.00000000099999999931 0.99999999100000014352 0.00000000099999999931 0.00000000099999999931 0.00000000099999999931 0.00000000099999999931 0.00000000099999999931 0.00000000099999999931 
0.00000000099999999998 0.00000000099999999998 0.31116920665953740066 0.62269683469832382006 0.00000000099999999998 0.05956322535470875978 0.00018128577960569497 0.00000000099999999998 0.00638944250782440531 0.00000000099999999998 
0.00000000099999999997 0.00000000099999999997 0.06040881977548053644 0.74745828241710643436 0.07234381481376717105 0.02546342065286778811 0.00000000099999999997 0.00000000099999999997 0.04057347489146759939 0.05375218344931038950 
0.00000000099999999974 0.00000000099999999974 0.00000000099999999974 0.99999999100000014352 0.00000000099999999974 0.00000000099999999974 0.00000000099999999974 0.00000000099999999974 0.00000000099999999974 0.00000000099999999974 
0.00000000099999999995 0.00000000099999999995 0.12037709376480680568 0.28253258279035869949 0.38083996818238979865 0.00000000099999999995 0.00000000099999999995 0.00000000099999999995 0.21625034926244482425 0.00000000099999999995 
0.00000000099999999999 0.10726353303903513048 0.26709202943992371715 0.19287447494864745634 0.19915001373643359539 0.07492348434500925580 0.02504542265800663303 0.00000000099999999999 0.13365103883294415787 0.00000000099999999999 
0.00000000099999999965 0.00000000099999999965 0.00000000099999999965 0.99999999100000014352 0.00000000099999999965 0.00000000099999999965 0.00000000099999999965 0.00000000099999999965 0.00000000099999999965 0.00000000099999999965 
0.00000000099999999998 0.09298713334982974810 0.00000000099999999998 0.69459189508252539014 0.20260958264853326516 0.00000000099999999998 0.00981138291911161538 0.00000000099999999998 0.00000000099999999998 0.00000000099999999998 
0.00000000099999999982 0.00000000099999999982 0.00000000099999999982 0.82622601941322970642 0.00000000099999999982 0.00000000099999999982 0.00000000099999999982 0.00000000099999999982 0.17377397258677032554 0.00000000099999999982 
0.00000000099999999973 0.00000000099999999973 0.00000000099999999973 0.99999999100000003249 0.00000000099999999973 0.00000000099999999973 0.00000000099999999973 0.00000000099999999973 0.00000000099999999973 0.00000000099999999973 
0.04720366345479360543 0.00000000099999999998 0.01341251537337440070 0.29266625659895534328 0.19772442759692712699 0.02114276201345387241 0.14721215122355324478 0.28063822073894245657 0.00000000099999999998 0.00000000099999999998 
0.00000000099999999994 0.00000000099999999994 0.00000000099999999994 0.83245856957980546298 0.00000000099999999994 0.00000000099999999994 0.00000000099999999994 0.00000000099999999994 0.16754142242019465225 0.00000000099999999994 
0.00000000099999999996 0.00000000099999999996 0.00000000099999999996 0.86570328384610650829 0.00000000099999999996 0.00000000099999999996 0.00000000099999999996 0.13429670815389352367 0.00000000099999999996 0.00000000099999999996 
0.00000000099999999993 0.00000000099999999993 0.07463861185290487921 0.72493849760482498290 0.04574394220608259121 0.00000000099999999993 0.00000000099999999993 0.00000000099999999993 0.15467894233618761923 0.00000000099999999993 
0.00000000099999999973 0.00000000099999999973 0.00000000099999999973 0.99999999100000014352 0.00000000099999999973 0.00000000099999999973 0.00000000099999999973 0.00000000099999999973 0.00000000099999999973 0.00000000099999999973 
0.00000000099999999998 0.00000000099999999998 0.05021081050543025476 0.19027253613294103918 0.51710279653238111486 0.00000000099999999998 0.00000000099999999998 0.02235604229829312242 0.22005780953095466224 0.00000000099999999998 
0.00000000099999999997 0.00000000099999999997 0.00000000099999999997 0.74281097987657951354 0.03162963753182745918 0.00008879382757196326 0.00000000099999999997 0.05351343447463685621 0.10487636842509852342 0.06708078186428564904 
0.17512450953557301414 0.03028373903393825547 0.00000000099999999998 0.00000000099999999998 0.00000072334235367372 0.00000000099999999998 0.00000000099999999998 0.71943676228109809667 0.00000000099999999998 0.07515426080703711820 
0.24887994978055344442 0.08349725928837073430 0.00000000099999999998 0.00000000099999999998 0.00000000099999999998 0.00000000099999999998 0.03805566823384253644 0.62956711669723319780 0.00000000099999999998 0.00000000099999999998 
0.07992260450612674594 0.13589257245065813895 0.00000000099999999997 0.00000000099999999997 0.11594565152448994827 0.00000000099999999997 0.14465004203821446582 0.36038572928023299147 0.02817274782325623200 0.13503064937702136117 
0.05465939047081361940 0.08264419388673358013 0.02059552085608965660 0.01077956209859526684 0.00069384738065850671 0.09510127236403520534 0.00000000099999999999 0.38273383064452154434 0.02364290461572050514 0.32914947668283212057 
0.13284401901214604180 0.00000000099999999991 0.00000000099999999991 0.00000000099999999991 0.00000000099999999991 0.00000000099999999991 0.00000000099999999991 0.86715597298785385139 0.00000000099999999991 0.00000000099999999991 
0.00000000099999999998 0.00000059138649991566 0.00000000099999999998 0.00000000099999999998 0.00001398321343071735 0.00729824958211785103 0.06341302827860796631 0.70020712075498758864 0.00000000099999999998 0.22906702278435606135 
0.00000000099999999994 0.00000000099999999994 0.00000000099999999994 0.00000000099999999994 0.00000000099999999994 0.00000000099999999994 0.00000000099999999994 0.80594143172049426127 0.00000000099999999994 0.19405856027950571518 
0.00000000099999999994 0.04485999605851118122 0.00000000099999999994 0.00000000099999999994 0.00762185251604358214 0.00000000099999999994 0.00000000099999999994 0.79814073433679477709 0.00000000099999999994 0.14937741108865043582 
0.10562543957120372473 0.19632385082480252603 0.00000000099999999999 0.00049871895758344797 0.05079537058064805682 0.01717927734868940001 0.00000000099999999999 0.42482569793791602475 0.03259767402582835344 0.17215396875332850124 
0.02729923828918912401 0.47847841810605035162 0.00342803209106182834 0.00000000099999999998 0.16978398198615388126 0.00009339183454770601 0.00000000099999999998 0.03383611234691927261 0.00000000099999999998 0.28708082234607790184 
0.07891904652599421310 0.42045060027075925602 0.00000000099999999997 0.00000000099999999997 0.17340285057299378857 0.00000000099999999997 0.00000000099999999997 0.04582332433193170296 0.00000000099999999997 0.28140417329832090321 
0.28351173215248598458 0.00000000099999999994 0.00000000099999999994 0.00000000099999999994 0.00000000099999999994 0.00000000099999999994 0.00000000099999999994 0.71648825984751385310 0.00000000099999999994 0.00000000099999999994 
0.18679358844306614973 0.00000000099999999999 0.00000000099999999999 0.00000000099999999999 0.00000000099999999999 0.03412585288029866548 0.00000000099999999999 0.71083865074920371541 0.00000000099999999999 0.06824190192743156969 
0.23354364918124856376 0.00000000099999999995 0.00000000099999999995 0.00000000099999999995 0.00000000099999999995 0.00000000099999999995 0.00000000099999999995 0.76327717929479677039 0.00317916452395465045 0.00000000099999999995 
0.19808806036607226608 0.00000012473202976997 0.00000000099999999999 0.00000000099999999999 0.08701871697480788315 0.00006440394657193071 0.00000000228695341369 0.33799186431043276579 0.03058596627271100571 0.34625085911042102760 
0.08864550756069855542 0.00000000099999999991 0.00000000099999999991 0.00000000099999999991 0.00000000099999999991 0.00000000099999999991 0.00000000099999999991 0.36771003598561041725 0.00000000099999999991 0.54364444945369116979 
0.13603718665422995238 0.00000000099999999998 0.00404659309142807021 0.00000000099999999998 0.12319326744507658189 0.00314302542215746722 0.00000000099999999998 0.46583697812147834005 0.00000000099999999998 0.26774294526562952834 
0.30278246659446444999 0.19266909712586982595 0.00000000099999999998 0.00000000099999999998 0.06338197233087909666 0.00848010601874403004 0.00000000099999999998 0.00000000099999999998 0.00000000099999999998 0.43268635293004265030 
0.28111344093611767558 0.40820249955325471625 0.00971526219145360352 0.02325280554497729732 0.03233420951840185187 0.04671864389890799385 0.00000000099999999999 0.00000000099999999999 0.05046834632691633155 0.14819479002997060224 
0.25393607683634589200 0.31733493868355477918 0.00000000099999999997 0.00000000099999999997 0.05632936711473189584 0.10399324090209104143 0.00000000099999999997 0.00000000099999999997 0.05348253201567147036 0.21492384044760512452 
0.11538140528211202063 0.14448534422165656976 0.00000000099999999996 0.00125485802550805289 0.08847225167636102450 0.07145647973133098518 0.00000000099999999996 0.28218446340182939958 0.00000000099999999996 0.29676519466120199198 
0.07722202680834580613 0.92277796519165433686 0.00000000099999999994 0.00000000099999999994 0.00000000099999999994 0.00000000099999999994 0.00000000099999999994 0.00000000099999999994 0.00000000099999999994 0.00000000099999999994 
0.00000000099999999993 0.99999999100000014352 0.00000000099999999993 0.00000000099999999993 0.00000000099999999993 0.00000000099999999993 0.00000000099999999993 0.00000000099999999993 0.00000000099999999993 0.00000000099999999993 
0.00000000099999999988 0.00000000099999999988 0.00000000099999999988 0.00000000099999999988 0.00000000099999999988 0.00000000099999999988 0.00000000099999999988 0.00000000099999999988 0.00000000099999999988 0.99999999100000003249 
0.00000000099999999986 0.00000000099999999986 0.00000000099999999986 0.00000000099999999986 0.00000000099999999986 0.00000000099999999986 0.00000000099999999986 0.07779697887605435680 0.00000000099999999986 0.92220301312394570292 
0.00562658076084820817 0.30465960820886284210 0.00000000099999999997 0.00000000099999999997 0.01309332207487212511 0.00000000099999999997 0.00959709360555485030 0.46417494054319419217 0.08209397329048134795 0.12075447851618631434 
0.00000000099999999987 0.00000000099999999987 0.00000000099999999987 0.00000000099999999987 0.00000000099999999987 0.00000000099999999987 0.00000000099999999987 0.00000000099999999987 0.00000000099999999987 0.99999999099999992147 
0.13230673692486655257 0.16164615447815802729 0.00000000099999999999 0.00000000099999999999 0.00870114937795443341 0.00000000099999999999 0.00000000099999999999 0.34613951425900119085 0.04979701873175128302 0.30140942222826833108 
0.00000000099999999984 0.00000000099999999984 0.00000000099999999984 0.00000000099999999984 0.00000000099999999984 0.00000000099999999984 0.00000000099999999984 0.02282093949047374337 0.00000000099999999984 0.97717905250952619145 
0.00000000100000000000 0.00739984639594946404 0.17588005383300775453 0.06991763539823947493 0.41990790217811624352 0.12445890144546248313 0.00000000100000000000 0.00000000100000000000 0.04912895626705760660 0.15330670148216696269 
0.00000000099999999999 0.34824377082103685765 0.04623636087866196676 0.00720707412230106332 0.14227385853618129685 0.06054373649682113362 0.00000000099999999999 0.28531118875952338199 0.03350678000921772370 0.07667722837625672028 
0.05544869515968666590 0.32568150685360519603 0.00000000099999999997 0.00000000099999999997 0.00000000099999999997 0.00846567749093023528 0.00000000099999999997 0.42642387307405260621 0.04751841557778294783 0.13646182784394214615 
0.06324635613797130462 0.50431524139315475619 0.04543286022204082175 0.02285935796536035097 0.00000000099999999999 0.00000000099999999999 0.05469458069443820791 0.12109360285966168369 0.00000000099999999999 0.18835799772737288338 
0.06536535885118445466 0.30480261658029550453 0.00201669881999811708 0.00000000099999999999 0.00000001134103862779 0.01691228188042991770 0.07558331622688224671 0.25507497136052365017 0.02361548036307639306 0.25662926357657123155 
0.09192693124567941076 0.26063808619055439664 0.00000000099999999997 0.00000000099999999997 0.06850241400817214110 0.00374352758149641219 0.00000000099999999997 0.15707630954164744641 0.04822143908078969921 0.36989128935166043499 
0.00676938501341101725 0.52923825107335753515 0.01722326246168795830 0.00000000099999999997 0.00000000099999999997 0.00000000099999999997 0.00000000099999999997 0.40731806417939958598 0.00630160091016844590 0.03314943236197545606 
0.00000112481095811036 0.60720314428604060808 0.00000000099999999995 0.00000000099999999995 0.00000000099999999995 0.00000000099999999995 0.00000000099999999995 0.39279572390300132589 0.00000000099999999995 0.00000000099999999995 
0.00000000099999999995 0.63362347105724736718 0.08362915579718176173 0.00000000099999999995 0.00000000099999999995 0.00000000099999999995 0.00321241066430313959 0.12388223503195949782 0.00000000099999999995 0.15565272244930836165 
0.00000000099999999995 0.69491427234395308776 0.00000000099999999995 0.00000000099999999995 0.00397532823945501851 0.00000000099999999995 0.00166760656267382038 0.15666330192219599104 0.00000000099999999995 0.14277948593172226643 
0.00000736591592548162 0.41032082481625137271 0.12274647722491575930 0.06954618973320515762 0.29697923305087869927 0.00000273311788560793 0.00000000100000000000 0.00000000100000000000 0.10039717314093803135 0.00000000100000000000 
0.11419489180392808358 0.04306276801482837591 0.21308759275888716767 0.11496481556667781376 0.34216869005050964958 0.07150016193321073743 0.00000000100000000000 0.00000000100000000000 0.10102107687195824304 0.00000000100000000000 
0.00000000099999999996 0.35402461869002682660 0.00000000099999999996 0.00000000099999999996 0.02096473465707129891 0.00000000099999999996 0.06986140358834576347 0.38356987046160478938 0.02079920317361650534 0.15078016542933481148 
0.00000000099999999984 0.00000000099999999984 0.02436547538145928185 0.83038181439135982931 0.00000000099999999984 0.00000000099999999984 0.00000000099999999984 0.00000000099999999984 0.14525270322718081273 0.00000000099999999984 
0.99999999100000014352 0.00000000099999999971 0.00000000099999999971 0.00000000099999999971 0.00000000099999999971 0.00000000099999999971 0.00000000099999999971 0.00000000099999999971 0.00000000099999999971 0.00000000099999999971 
0.60705600459497377486 0.00000000099999999993 0.00000000099999999993 0.00000000099999999993 0.00000000099999999993 0.08080459378941209914 0.00000000099999999993 0.00000000099999999993 0.00000000099999999993 0.31213939461561440725 
0.99999999100000025454 0.00000000099999999970 0.00000000099999999970 0.00000000099999999970 0.00000000099999999970 0.00000000099999999970 0.00000000099999999970 0.00000000099999999970 0.00000000099999999970 0.00000000099999999970 
0.00000000099999999995 0.46572180932441692436 0.00000000099999999995 0.00000000099999999995 0.00000000099999999995 0.11333988247330016585 0.00000000099999999995 0.00000000099999999995 0.00000000099999999995 0.42093830120228298286 
0.50495163392051933826 0.08997663470876497704 0.00000000099999999992 0.00000000099999999992 0.00000000099999999992 0.00000000099999999992 0.00000000099999999992 0.37110074599150683072 0.03397097937920909999 0.00000000099999999992 
0.24138169047313229321 0.23880915382122683277 0.00755574889323104744 0.00000000100000000000 0.09692789475874283300 0.09573218275996708826 0.00918517464299855452 0.13096826074260123352 0.04171271154272709891 0.13772718136537318023 
0.41563326915792386806 0.25053936585569541728 0.00000000099999999997 0.00000000099999999997 0.00000000099999999997 0.01269198856944514509 0.03318140311372414636 0.17000056266520499615 0.00000000099999999997 0.11795340663800658876 
0.39660190707646142405 0.15847636073132850831 0.00000000099999999996 0.00000000099999999996 0.00000000099999999996 0.03574570195067167805 0.02633663714190494567 0.24544487580927973336 0.00000007137302624763 0.13739444291732769154 
0.99999999100000014352 0.00000000099999999978 0.00000000099999999978 0.00000000099999999978 0.00000000099999999978 0.00000000099999999978 0.00000000099999999978 0.00000000099999999978 0.00000000099999999978 0.00000000099999999978 
