99
DD1_02S    0.0000000 0.0372637 0.0311191 0.0484957 0.0373848 0.0476069 0.0417184 0.0332058 0.0709610 0.0374949 0.0458100 0.0662962 0.0524485 0.0392239 0.0415022 0.0418527 0.0420554 0.0319151 0.0327826 0.0464367 0.0382431 0.0690363 0.0395808 0.0298215 0.0451008 0.0485401 0.0372203 0.0513433 0.0365981 0.0463324 0.0558307 0.0190764 0.0441235 0.0416703 0.0352300 0.0529821 0.0353192 0.0363664 0.0430814 0.0446274 0.0478818 0.0859810 0.0481712 0.0502687 0.0569649 0.0460041 0.0476739 0.0724390 0.0490576 0.0657807 0.0536590 0.0452151 0.0427599 0.0464810 0.0435902 0.0402360 0.0426445 0.0431031 0.0462154 0.0405176 0.0748241 0.0243531 0.0164007 0.0243470 0.0582731 0.0370848 0.0658551 0.0463450 0.0468154 0.0434988 0.0497889 0.0392821 0.0456864 0.0491186 0.0383913 0.0328912 0.0637673 0.0407326 0.0400559 0.0507825 0.0471371 0.0452932 0.0385533 0.0431700 0.0329494 0.0429002 0.0420724 0.0451978 0.0433212 0.0425042 0.0525044 0.0447822 0.0455461 0.0505976 0.0456494 0.0440032 0.0409771 0.0607559 0.0441980 
DD3_01S    0.0372637 0.0000000 0.0287178 0.0439117 0.0386800 0.0371872 0.0403026 0.0408599 0.0635588 0.0317944 0.0423769 0.0687005 0.0460277 0.0408451 0.0349045 0.0306730 0.0398187 0.0321300 0.0299041 0.0472697 0.0373232 0.0649057 0.0392790 0.0232831 0.0402260 0.0364101 0.0304902 0.0454480 0.0382548 0.0498875 0.0490719 0.0199250 0.0413709 0.0403456 0.0337801 0.0518566 0.0385987 0.0359265 0.0402541 0.0440852 0.0508329 0.0877589 0.0484752 0.0408641 0.0609119 0.0452107 0.0436366 0.0748263 0.0473156 0.0700512 0.0521841 0.0438427 0.0451420 0.0439115 0.0458018 0.0396862 0.0446276 0.0425126 0.0464158 0.0468342 0.0758412 0.0247111 0.0141226 0.0238003 0.0569020 0.0407580 0.0660204 0.0429496 0.0471611 0.0450579 0.0396662 0.0363336 0.0516443 0.0503428 0.0436222 0.0327397 0.0611294 0.0397162 0.0386644 0.0509883 0.0467436 0.0448250 0.0374957 0.0381737 0.0303926 0.0455720 0.0407949 0.0398832 0.0417867 0.0429960 0.0542351 0.0417288 0.0414957 0.0486222 0.0444745 0.0437178 0.0399552 0.0656647 0.0488958 
DD3_02S    0.0311191 0.0287178 0.0000000 0.0449284 0.0319998 0.0395650 0.0331938 0.0270205 0.0645247 0.0277631 0.0370183 0.0554907 0.0377881 0.0266852 0.0315741 0.0273981 0.0320852 0.0226453 0.0268568 0.0312316 0.0286934 0.0616814 0.0327364 0.0233359 0.0381906 0.0348616 0.0318934 0.0439382 0.0280354 0.0426742 0.0478352 0.0161870 0.0348883 0.0355708 0.0267110 0.0465170 0.0256198 0.0283453 0.0324511 0.0357332 0.0421767 0.0731110 0.0408527 0.0368455 0.0504701 0.0391869 0.0368876 0.0650445 0.0452723 0.0586253 0.0440955 0.0340063 0.0352470 0.0304568 0.0326852 0.0319621 0.0333587 0.0285853 0.0336155 0.0310126 0.0627041 0.0174401 0.0109754 0.0177316 0.0500186 0.0300975 0.0561965 0.0322330 0.0342856 0.0313480 0.0324176 0.0339097 0.0369130 0.0397437 0.0337000 0.0275584 0.0516396 0.0275725 0.0301248 0.0361260 0.0337733 0.0293701 0.0313588 0.0293525 0.0210975 0.0291223 0.0312466 0.0298653 0.0340371 0.0341654 0.0476380 0.0365615 0.0355872 0.0352746 0.0369160 0.0326304 0.0335415 0.0518538 0.0321370 
DS1_01S    0.0484957 0.0439117 0.0449284 0.0000000 0.0433519 0.0467736 0.0485213 0.0462448 0.0816152 0.0440853 0.0562049 0.0720637 0.0568731 0.0452051 0.0429978 0.0445064 0.0451526 0.0422547 0.0377637 0.0516328 0.0429120 0.0746975 0.0451952 0.0308085 0.0478052 0.0478883 0.0457438 0.0562556 0.0436261 0.0552295 0.0545716 0.0244248 0.0408396 0.0500068 0.0401927 0.0595398 0.0427170 0.0425718 0.0468777 0.0509382 0.0562687 0.0971235 0.0587389 0.0528589 0.0741962 0.0597258 0.0513871 0.0853977 0.0630142 0.0818321 0.0608284 0.0548406 0.0488777 0.0514423 0.0521166 0.0536732 0.0522059 0.0499989 0.0498982 0.0492380 0.0837137 0.0315152 0.0246604 0.0324950 0.0672377 0.0493382 0.0786380 0.0524484 0.0536041 0.0539427 0.0527867 0.0498942 0.0619731 0.0597631 0.0500652 0.0394743 0.0729902 0.0475666 0.0475827 0.0642483 0.0554822 0.0483863 0.0476133 0.0477507 0.0344881 0.0504562 0.0500175 0.0499149 0.0497734 0.0508378 0.0614832 0.0524731 0.0508751 0.0547583 0.0531707 0.0502471 0.0453530 0.0716013 0.0612475 
DS1_02S    0.0373848 0.0386800 0.0319998 0.0433519 0.0000000 0.0322614 0.0324652 0.0263367 0.0556691 0.0296343 0.0371531 0.0450488 0.0439434 0.0328070 0.0279362 0.0308606 0.0390186 0.0317059 0.0284127 0.0396057 0.0372273 0.0628932 0.0345225 0.0252285 0.0392747 0.0363327 0.0295942 0.0480307 0.0314026 0.0410218 0.0490725 0.0182007 0.0363265 0.0364702 0.0280339 0.0528127 0.0289886 0.0315095 0.0341106 0.0363058 0.0399377 0.0772577 0.0462457 0.0392190 0.0543843 0.0424099 0.0381361 0.0675789 0.0491800 0.0640788 0.0453972 0.0332750 0.0364251 0.0343341 0.0413062 0.0355623 0.0401670 0.0333494 0.0364924 0.0390822 0.0680118 0.0197800 0.0139606 0.0207802 0.0484279 0.0326312 0.0657270 0.0372024 0.0405218 0.0383185 0.0386950 0.0383405 0.0454975 0.0448059 0.0333677 0.0323067 0.0577581 0.0345257 0.0337645 0.0374569 0.0409496 0.0373805 0.0355522 0.0348846 0.0268216 0.0365615 0.0329886 0.0356970 0.0370889 0.0409294 0.0524667 0.0365606 0.0376012 0.0410341 0.0381162 0.0349351 0.0330177 0.0547370 0.0343327 
DS2_01S    0.0476069 0.0371872 0.0395650 0.0467736 0.0322614 0.0000000 0.0350053 0.0280323 0.0311242 0.0203441 0.0249507 0.0270101 0.0338838 0.0384840 0.0284800 0.0350473 0.0408913 0.0297157 0.0348150 0.0402413 0.0388993 0.0668000 0.0227385 0.0261896 0.0401013 0.0380395 0.0264789 0.0449663 0.0334182 0.0450261 0.0489313 0.0215074 0.0346332 0.0420045 0.0308423 0.0509004 0.0317572 0.0394802 0.0395142 0.0519603 0.0503314 0.0824026 0.0498040 0.0475737 0.0603996 0.0483385 0.0454848 0.0770042 0.0483448 0.0641655 0.0436471 0.0419202 0.0443740 0.0473342 0.0442950 0.0455544 0.0488770 0.0443189 0.0455527 0.0380069 0.0736144 0.0266352 0.0174976 0.0278803 0.0592765 0.0401399 0.0713254 0.0442863 0.0447006 0.0463586 0.0466276 0.0432553 0.0492246 0.0549369 0.0391607 0.0329452 0.0690934 0.0423263 0.0347487 0.0484552 0.0487179 0.0453614 0.0384355 0.0417219 0.0269484 0.0509821 0.0430246 0.0443471 0.0443708 0.0403499 0.0530573 0.0455470 0.0427113 0.0475680 0.0438671 0.0444492 0.0394496 0.0652012 0.0454931 
DS2_02S    0.0417184 0.0403026 0.0331938 0.0485213 0.0324652 0.0350053 0.0000000 0.0288888 0.0578115 0.0251427 0.0358879 0.0550806 0.0370474 0.0279212 0.0283623 0.0251562 0.0281436 0.0294505 0.0264879 0.0360341 0.0371778 0.0606634 0.0338849 0.0230554 0.0350285 0.0352152 0.0266392 0.0399419 0.0335779 0.0404078 0.0396244 0.0190106 0.0264557 0.0341330 0.0264680 0.0370948 0.0308319 0.0275031 0.0390398 0.0395763 0.0478208 0.0764216 0.0377493 0.0372634 0.0522444 0.0415370 0.0406804 0.0673136 0.0449536 0.0570243 0.0422604 0.0384136 0.0375579 0.0396805 0.0401340 0.0394962 0.0391121 0.0363674 0.0391456 0.0392566 0.0691643 0.0206064 0.0161278 0.0193360 0.0592726 0.0339341 0.0624391 0.0423628 0.0400670 0.0372582 0.0411791 0.0394568 0.0474339 0.0496555 0.0337213 0.0297275 0.0650167 0.0360470 0.0370011 0.0452713 0.0409142 0.0374267 0.0321317 0.0376793 0.0264433 0.0427361 0.0368360 0.0383756 0.0407413 0.0419803 0.0532981 0.0361415 0.0352581 0.0435681 0.0416239 0.0362096 0.0365442 0.0582900 0.0369192 
DS2_03S    0.0332058 0.0408599 0.0270205 0.0462448 0.0263367 0.0280323 0.0288888 0.0000000 0.0508067 0.0258951 0.0333799 0.0421304 0.0346655 0.0232494 0.0196970 0.0256900 0.0305356 0.0203721 0.0180302 0.0332880 0.0278928 0.0536555 0.0245474 0.0179218 0.0307426 0.0293041 0.0230885 0.0421634 0.0254824 0.0316284 0.0415511 0.0168110 0.0295325 0.0325852 0.0145669 0.0410656 0.0216408 0.0295765 0.0351251 0.0412405 0.0452715 0.0794142 0.0413087 0.0367409 0.0558526 0.0410236 0.0411201 0.0724091 0.0463825 0.0598699 0.0411625 0.0363093 0.0345793 0.0385957 0.0399303 0.0388726 0.0370470 0.0342178 0.0339094 0.0323905 0.0636047 0.0191144 0.0127619 0.0178487 0.0546368 0.0297943 0.0570413 0.0349020 0.0361416 0.0351463 0.0381557 0.0362836 0.0418344 0.0428293 0.0352897 0.0316046 0.0536176 0.0320774 0.0320912 0.0404695 0.0373164 0.0386138 0.0331438 0.0342571 0.0230859 0.0371832 0.0357846 0.0361061 0.0351245 0.0402020 0.0495821 0.0373813 0.0368671 0.0387696 0.0383335 0.0369088 0.0376794 0.0519664 0.0378947 
DS2_05S    0.0709610 0.0635588 0.0645247 0.0816152 0.0556691 0.0311242 0.0578115 0.0508067 0.0000000 0.0320951 0.0122767 0.0363833 0.0434685 0.0540999 0.0479957 0.0465771 0.0591027 0.0567928 0.0522488 0.0663463 0.0570726 0.0834984 0.0441960 0.0418897 0.0586924 0.0531715 0.0502365 0.0681389 0.0586280 0.0670575 0.0666332 0.0370343 0.0642133 0.0608359 0.0506805 0.0717787 0.0549447 0.0622310 0.0663386 0.0695631 0.0744234 0.1083962 0.0782970 0.0740237 0.0857845 0.0711506 0.0647054 0.1024622 0.0748917 0.0956024 0.0692358 0.0722304 0.0698672 0.0725487 0.0694441 0.0660797 0.0706600 0.0651716 0.0640279 0.0625109 0.0975526 0.0461954 0.0357354 0.0457991 0.0902192 0.0677468 0.0983567 0.0700845 0.0685387 0.0693349 0.0719908 0.0698811 0.0782766 0.0809053 0.0640527 0.0581960 0.1044905 0.0652948 0.0612079 0.0775655 0.0720268 0.0626776 0.0656439 0.0639036 0.0422207 0.0718333 0.0691454 0.0664393 0.0712255 0.0675482 0.0825277 0.0715653 0.0699823 0.0742413 0.0688463 0.0671908 0.0632986 0.0899517 0.0750641 
DS2_06S    0.0374949 0.0317944 0.0277631 0.0440853 0.0296343 0.0203441 0.0251427 0.0258951 0.0320951 0.0000000 0.0197591 0.0290615 0.0255117 0.0288903 0.0264522 0.0204324 0.0269870 0.0252077 0.0238484 0.0267179 0.0247616 0.0529326 0.0221808 0.0149671 0.0292641 0.0262836 0.0237200 0.0382344 0.0272599 0.0354947 0.0390758 0.0136556 0.0274795 0.0300401 0.0217895 0.0424319 0.0232537 0.0279675 0.0306725 0.0352246 0.0405324 0.0777427 0.0405151 0.0402977 0.0521071 0.0396658 0.0346058 0.0694664 0.0430385 0.0623561 0.0381149 0.0357364 0.0344626 0.0373245 0.0385868 0.0345143 0.0366276 0.0366161 0.0357857 0.0355834 0.0663433 0.0182836 0.0117637 0.0159339 0.0535443 0.0297118 0.0612935 0.0390319 0.0377851 0.0363865 0.0402216 0.0367454 0.0400344 0.0434196 0.0332504 0.0260946 0.0570122 0.0287445 0.0267507 0.0462894 0.0393016 0.0362397 0.0295764 0.0325008 0.0196520 0.0381348 0.0359227 0.0371392 0.0330358 0.0371917 0.0477412 0.0390547 0.0357125 0.0435349 0.0377056 0.0371033 0.0283762 0.0546881 0.0385360 
DS2_07S    0.0458100 0.0423769 0.0370183 0.0562049 0.0371531 0.0249507 0.0358879 0.0333799 0.0122767 0.0197591 0.0000000 0.0263293 0.0278426 0.0316579 0.0278211 0.0320363 0.0347673 0.0310135 0.0335557 0.0417085 0.0333280 0.0610420 0.0272755 0.0235407 0.0374484 0.0361515 0.0336503 0.0489015 0.0331191 0.0403555 0.0447528 0.0196233 0.0390373 0.0389480 0.0308061 0.0478116 0.0341885 0.0389532 0.0393586 0.0456995 0.0475217 0.0772140 0.0442089 0.0429654 0.0578138 0.0466654 0.0394256 0.0747596 0.0499165 0.0700066 0.0430723 0.0409188 0.0456624 0.0468152 0.0466963 0.0411976 0.0478176 0.0409761 0.0406066 0.0431913 0.0724451 0.0215661 0.0174748 0.0257417 0.0570592 0.0409022 0.0679803 0.0412315 0.0433209 0.0415897 0.0420241 0.0420929 0.0508802 0.0502028 0.0395954 0.0335357 0.0661046 0.0364924 0.0378991 0.0494166 0.0490665 0.0355465 0.0385586 0.0364703 0.0210918 0.0450382 0.0406061 0.0405283 0.0450888 0.0419827 0.0530809 0.0438093 0.0453255 0.0491777 0.0432583 0.0445179 0.0388275 0.0615099 0.0421510 
DS2_08S    0.0662962 0.0687005 0.0554907 0.0720637 0.0450488 0.0270101 0.0550806 0.0421304 0.0363833 0.0290615 0.0263293 0.0000000 0.0518600 0.0535687 0.0427620 0.0478710 0.0589980 0.0474698 0.0527434 0.0608607 0.0520499 0.0858138 0.0411454 0.0421085 0.0585143 0.0571570 0.0454549 0.0692662 0.0559261 0.0641375 0.0677109 0.0383285 0.0642720 0.0560713 0.0480152 0.0686785 0.0491155 0.0502361 0.0616771 0.0647500 0.0654622 0.1050152 0.0726793 0.0690107 0.0881082 0.0715031 0.0676349 0.1032097 0.0740542 0.0970577 0.0692579 0.0640311 0.0641151 0.0662065 0.0661426 0.0608364 0.0650749 0.0642851 0.0632076 0.0617089 0.0947922 0.0422259 0.0318086 0.0429889 0.0788244 0.0639535 0.0936204 0.0617471 0.0670485 0.0673955 0.0686650 0.0624371 0.0736871 0.0732823 0.0619237 0.0534517 0.0938252 0.0578660 0.0528683 0.0773310 0.0658014 0.0606521 0.0604680 0.0588122 0.0418885 0.0681033 0.0648401 0.0628675 0.0676798 0.0637649 0.0789392 0.0640419 0.0626116 0.0678144 0.0656654 0.0661638 0.0553442 0.0861766 0.0711540 
DS2_10S    0.0524485 0.0460277 0.0377881 0.0568731 0.0439434 0.0338838 0.0370474 0.0346655 0.0434685 0.0255117 0.0278426 0.0518600 0.0000000 0.0385651 0.0296906 0.0379703 0.0433525 0.0357178 0.0331812 0.0424594 0.0369866 0.0627292 0.0295581 0.0216264 0.0368745 0.0401678 0.0293329 0.0464250 0.0384242 0.0434296 0.0485831 0.0228863 0.0434441 0.0444026 0.0338504 0.0510770 0.0380336 0.0382369 0.0414636 0.0449340 0.0525294 0.0847833 0.0487117 0.0478286 0.0609720 0.0482911 0.0465642 0.0763138 0.0512644 0.0666925 0.0499244 0.0468166 0.0433288 0.0432007 0.0502362 0.0457761 0.0451274 0.0449194 0.0444017 0.0410305 0.0765041 0.0285546 0.0200456 0.0295215 0.0624917 0.0384213 0.0690009 0.0445669 0.0457432 0.0434049 0.0412437 0.0406074 0.0552078 0.0540472 0.0429211 0.0372382 0.0659323 0.0384615 0.0385160 0.0474112 0.0499847 0.0450818 0.0388567 0.0378649 0.0127034 0.0467431 0.0392392 0.0416159 0.0444134 0.0408694 0.0637451 0.0485202 0.0442946 0.0502854 0.0474903 0.0401463 0.0390852 0.0619050 0.0454845 
DS3_03S    0.0392239 0.0408451 0.0266852 0.0452051 0.0328070 0.0384840 0.0279212 0.0232494 0.0540999 0.0288903 0.0316579 0.0535687 0.0385651 0.0000000 0.0242145 0.0239564 0.0280485 0.0223969 0.0206588 0.0346978 0.0146788 0.0595200 0.0271768 0.0170923 0.0294758 0.0281781 0.0306544 0.0448953 0.0254292 0.0271604 0.0476258 0.0158532 0.0343418 0.0280034 0.0220194 0.0460157 0.0174749 0.0242980 0.0278049 0.0373862 0.0396970 0.0759823 0.0413088 0.0327503 0.0528831 0.0420241 0.0361323 0.0633383 0.0440190 0.0650254 0.0412520 0.0359238 0.0375292 0.0371296 0.0385815 0.0350750 0.0346453 0.0360003 0.0352261 0.0336930 0.0673628 0.0184075 0.0145117 0.0179097 0.0585802 0.0333476 0.0592441 0.0334436 0.0407081 0.0341651 0.0362449 0.0375829 0.0444254 0.0475589 0.0333781 0.0281979 0.0578427 0.0306362 0.0338607 0.0450020 0.0415955 0.0381050 0.0327863 0.0287743 0.0193861 0.0322184 0.0286965 0.0297760 0.0330340 0.0358956 0.0437577 0.0364487 0.0352477 0.0391898 0.0360635 0.0336364 0.0285606 0.0527785 0.0360705 
DS3_27S    0.0415022 0.0349045 0.0315741 0.0429978 0.0279362 0.0284800 0.0283623 0.0196970 0.0479957 0.0264522 0.0278211 0.0427620 0.0296906 0.0242145 0.0000000 0.0148167 0.0224358 0.0129675 0.0066820 0.0321323 0.0157138 0.0184270 0.0154213 0.0095559 0.0079173 0.0290434 0.0260623 0.0198000 0.0167259 0.0144286 0.0187055 0.0126624 0.0241516 0.0190689 0.0157159 0.0247349 0.0300580 0.0147578 0.0339325 0.0364691 0.0423732 0.0750721 0.0399580 0.0370033 0.0513139 0.0392978 0.0366734 0.0658703 0.0424859 0.0584033 0.0408435 0.0349386 0.0341674 0.0362598 0.0352762 0.0388309 0.0401825 0.0351576 0.0333599 0.0336469 0.0649137 0.0203893 0.0135884 0.0190279 0.0476458 0.0300670 0.0598151 0.0333051 0.0342968 0.0349687 0.0343008 0.0321315 0.0422801 0.0454445 0.0356837 0.0282292 0.0564154 0.0304987 0.0273116 0.0392279 0.0361289 0.0335594 0.0300349 0.0308134 0.0196635 0.0352118 0.0277766 0.0334870 0.0337328 0.0334561 0.0437124 0.0323778 0.0339454 0.0359226 0.0365437 0.0327430 0.0324081 0.0535847 0.0350985 
DS3_28S    0.0418527 0.0306730 0.0273981 0.0445064 0.0308606 0.0350473 0.0251562 0.0256900 0.0465771 0.0204324 0.0320363 0.0478710 0.0379703 0.0239564 0.0148167 0.0000000 0.0207098 0.0178210 0.0121962 0.0220137 0.0154169 0.0280489 0.0118152 0.0088728 0.0142690 0.0163817 0.0241467 0.0150322 0.0189690 0.0234738 0.0142990 0.0130994 0.0189234 0.0186594 0.0173546 0.0211035 0.0248739 0.0153231 0.0375874 0.0415095 0.0468518 0.0825804 0.0469470 0.0383318 0.0592319 0.0459759 0.0379987 0.0704104 0.0496609 0.0670628 0.0460133 0.0428749 0.0387758 0.0386759 0.0399844 0.0379653 0.0422519 0.0347378 0.0393073 0.0391999 0.0695960 0.0201777 0.0126416 0.0200575 0.0566788 0.0368246 0.0644038 0.0371662 0.0352468 0.0401741 0.0410048 0.0371339 0.0461147 0.0480857 0.0349493 0.0325442 0.0647215 0.0331882 0.0303552 0.0481994 0.0469530 0.0401030 0.0336209 0.0376573 0.0239948 0.0389884 0.0356234 0.0388088 0.0400823 0.0380112 0.0469819 0.0380397 0.0382097 0.0454943 0.0392274 0.0416995 0.0328272 0.0591740 0.0396997 
DS3_29S    0.0420554 0.0398187 0.0320852 0.0451526 0.0390186 0.0408913 0.0281436 0.0305356 0.0591027 0.0269870 0.0347673 0.0589980 0.0433525 0.0280485 0.0224358 0.0207098 0.0000000 0.0130893 0.0156779 0.0229094 0.0153999 0.0311733 0.0227752 0.0094240 0.0188720 0.0325295 0.0297960 0.0173499 0.0235437 0.0236700 0.0279989 0.0114956 0.0194196 0.0204230 0.0184621 0.0311567 0.0284742 0.0171359 0.0338671 0.0397772 0.0453625 0.0805157 0.0421829 0.0426605 0.0567172 0.0451845 0.0369375 0.0682566 0.0449406 0.0651715 0.0428221 0.0412741 0.0381905 0.0405668 0.0430546 0.0380003 0.0387569 0.0398308 0.0424843 0.0430707 0.0724159 0.0228418 0.0148355 0.0187426 0.0588876 0.0352202 0.0668171 0.0403134 0.0392220 0.0435267 0.0461435 0.0410994 0.0452500 0.0458349 0.0362483 0.0319925 0.0634655 0.0363849 0.0327132 0.0437205 0.0429347 0.0390628 0.0343867 0.0376492 0.0258159 0.0399819 0.0381412 0.0392570 0.0428482 0.0411389 0.0460664 0.0402027 0.0388669 0.0412066 0.0412950 0.0447100 0.0332206 0.0599958 0.0415922 
DS3_30S    0.0319151 0.0321300 0.0226453 0.0422547 0.0317059 0.0297157 0.0294505 0.0203721 0.0567928 0.0252077 0.0310135 0.0474698 0.0357178 0.0223969 0.0129675 0.0178210 0.0130893 0.0000000 0.0117261 0.0256336 0.0127932 0.0177415 0.0202101 0.0067046 0.0083684 0.0297955 0.0283294 0.0120762 0.0142721 0.0163121 0.0237043 0.0116126 0.0175836 0.0171031 0.0099291 0.0288957 0.0266446 0.0104751 0.0309264 0.0340226 0.0439410 0.0716505 0.0354263 0.0356828 0.0561115 0.0398739 0.0371569 0.0620019 0.0424444 0.0621463 0.0410926 0.0357790 0.0337773 0.0346397 0.0351650 0.0351221 0.0358611 0.0337062 0.0330873 0.0374166 0.0618405 0.0164856 0.0133693 0.0191701 0.0511234 0.0280684 0.0610201 0.0331350 0.0363027 0.0343776 0.0377789 0.0350851 0.0373029 0.0431843 0.0318090 0.0272051 0.0599662 0.0305161 0.0286172 0.0414136 0.0385899 0.0322113 0.0326995 0.0301963 0.0219221 0.0328606 0.0323611 0.0333504 0.0380700 0.0335055 0.0432423 0.0342107 0.0384300 0.0399455 0.0357218 0.0388616 0.0309523 0.0565961 0.0347552 
DS3_31S    0.0327826 0.0299041 0.0268568 0.0377637 0.0284127 0.0348150 0.0264879 0.0180302 0.0522488 0.0238484 0.0335557 0.0527434 0.0331812 0.0206588 0.0066820 0.0121962 0.0156779 0.0117261 0.0000000 0.0295892 0.0111734 0.0215094 0.0180238 0.0094131 0.0061591 0.0246676 0.0251308 0.0174500 0.0135707 0.0123164 0.0180154 0.0125152 0.0177429 0.0193071 0.0083281 0.0170301 0.0282699 0.0171945 0.0333481 0.0358381 0.0417990 0.0730767 0.0392141 0.0368925 0.0543363 0.0401938 0.0356575 0.0629509 0.0446918 0.0588145 0.0432761 0.0353317 0.0303669 0.0350477 0.0340433 0.0341820 0.0359936 0.0337402 0.0305157 0.0319730 0.0622302 0.0170375 0.0118194 0.0167168 0.0475037 0.0264806 0.0597715 0.0347336 0.0321972 0.0324606 0.0356754 0.0322201 0.0396700 0.0424061 0.0355866 0.0292648 0.0533200 0.0299646 0.0301177 0.0423325 0.0369529 0.0336203 0.0297286 0.0291946 0.0195008 0.0344947 0.0313787 0.0319523 0.0324761 0.0323002 0.0433275 0.0346404 0.0324049 0.0337498 0.0309594 0.0328442 0.0307909 0.0516105 0.0332066 
DS3_32S    0.0464367 0.0472697 0.0312316 0.0516328 0.0396057 0.0402413 0.0360341 0.0332880 0.0663463 0.0267179 0.0417085 0.0608607 0.0424594 0.0346978 0.0321323 0.0220137 0.0229094 0.0256336 0.0295892 0.0000000 0.0309797 0.0479274 0.0288432 0.0203293 0.0261334 0.0307090 0.0283467 0.0328596 0.0301922 0.0410091 0.0407135 0.0162751 0.0262781 0.0277467 0.0262608 0.0353247 0.0279696 0.0285395 0.0384254 0.0438177 0.0496235 0.0819092 0.0495884 0.0478484 0.0569027 0.0477155 0.0399516 0.0708312 0.0486214 0.0640241 0.0474986 0.0388656 0.0432901 0.0399675 0.0442143 0.0439988 0.0427223 0.0402616 0.0402944 0.0421634 0.0679514 0.0245002 0.0176903 0.0202683 0.0631822 0.0358168 0.0683796 0.0425747 0.0379100 0.0405885 0.0470242 0.0430532 0.0427216 0.0510659 0.0377035 0.0381159 0.0653560 0.0370201 0.0362106 0.0475517 0.0436322 0.0444576 0.0337772 0.0408395 0.0300166 0.0409817 0.0431337 0.0412771 0.0451824 0.0400968 0.0530907 0.0451079 0.0448055 0.0477846 0.0467191 0.0420139 0.0364199 0.0643346 0.0430611 
DS3_33S    0.0382431 0.0373232 0.0286934 0.0429120 0.0372273 0.0388993 0.0371778 0.0278928 0.0570726 0.0247616 0.0333280 0.0520499 0.0369866 0.0146788 0.0157138 0.0154169 0.0153999 0.0127932 0.0111734 0.0309797 0.0000000 0.0244657 0.0125726 0.0105615 0.0094753 0.0297552 0.0297817 0.0177751 0.0130452 0.0144193 0.0172075 0.0149888 0.0205448 0.0156318 0.0134653 0.0213983 0.0170218 0.0216812 0.0321369 0.0388012 0.0443180 0.0741516 0.0408021 0.0365316 0.0559559 0.0410739 0.0359806 0.0636359 0.0430904 0.0611542 0.0419287 0.0401736 0.0409298 0.0386428 0.0393525 0.0358580 0.0408821 0.0381081 0.0375450 0.0408809 0.0707153 0.0207460 0.0150486 0.0226305 0.0565510 0.0318369 0.0643151 0.0377907 0.0363805 0.0382040 0.0403066 0.0368767 0.0441679 0.0485133 0.0372129 0.0296826 0.0580560 0.0321280 0.0305002 0.0409100 0.0430353 0.0362032 0.0347018 0.0313290 0.0235551 0.0359148 0.0347018 0.0352508 0.0362564 0.0351854 0.0430849 0.0381562 0.0378002 0.0371455 0.0365336 0.0395535 0.0334740 0.0549132 0.0382753 
DS3_34S    0.0690363 0.0649057 0.0616814 0.0746975 0.0628932 0.0668000 0.0606634 0.0536555 0.0834984 0.0529326 0.0610420 0.0858138 0.0627292 0.0595200 0.0184270 0.0280489 0.0311733 0.0177415 0.0215094 0.0479274 0.0244657 0.0000000 0.0222737 0.0154068 0.0115072 0.0570828 0.0493664 0.0229690 0.0317717 0.0211716 0.0171927 0.0253282 0.0250531 0.0236066 0.0211203 0.0254063 0.0563348 0.0189740 0.0641858 0.0721583 0.0809134 0.1132806 0.0741662 0.0723776 0.0902467 0.0749856 0.0689172 0.1010707 0.0752543 0.0960998 0.0757869 0.0702704 0.0682854 0.0727733 0.0702387 0.0704854 0.0734623 0.0678012 0.0698063 0.0718106 0.1004117 0.0467622 0.0383537 0.0465141 0.0883510 0.0641607 0.1014779 0.0697922 0.0668218 0.0666104 0.0742620 0.0726072 0.0768608 0.0810639 0.0697916 0.0630505 0.0996159 0.0623174 0.0564557 0.0733928 0.0735606 0.0721427 0.0619759 0.0643434 0.0508818 0.0656464 0.0674543 0.0688444 0.0692561 0.0660011 0.0765091 0.0695600 0.0704958 0.0695129 0.0701167 0.0701265 0.0631614 0.0881925 0.0729299 
DS3_35S    0.0395808 0.0392790 0.0327364 0.0451952 0.0345225 0.0227385 0.0338849 0.0245474 0.0441960 0.0221808 0.0272755 0.0411454 0.0295581 0.0271768 0.0154213 0.0118152 0.0227752 0.0202101 0.0180238 0.0288432 0.0125726 0.0222737 0.0000000 0.0096593 0.0134020 0.0313221 0.0235519 0.0176817 0.0185805 0.0252409 0.0164697 0.0140673 0.0168163 0.0170778 0.0180318 0.0204206 0.0261932 0.0225389 0.0362203 0.0417456 0.0460302 0.0800686 0.0406925 0.0420318 0.0591370 0.0432007 0.0379615 0.0733839 0.0479563 0.0621999 0.0436763 0.0429098 0.0403940 0.0400759 0.0395109 0.0424994 0.0426263 0.0362903 0.0378248 0.0361061 0.0680056 0.0207365 0.0132108 0.0195016 0.0523115 0.0351369 0.0631563 0.0362154 0.0403220 0.0388325 0.0407074 0.0370715 0.0455828 0.0482200 0.0362040 0.0314163 0.0616986 0.0345658 0.0207552 0.0405092 0.0428594 0.0362431 0.0347263 0.0330391 0.0207456 0.0375542 0.0336656 0.0381209 0.0376812 0.0378870 0.0453125 0.0370042 0.0359044 0.0396219 0.0356790 0.0386718 0.0322976 0.0553507 0.0390185 
DS3_36S    0.0298215 0.0232831 0.0233359 0.0308085 0.0252285 0.0261896 0.0230554 0.0179218 0.0418897 0.0149671 0.0235407 0.0421085 0.0216264 0.0170923 0.0095559 0.0088728 0.0094240 0.0067046 0.0094131 0.0203293 0.0105615 0.0154068 0.0096593 0.0000000 0.0072538 0.0077520 0.0182339 0.0065616 0.0115542 0.0120485 0.0090740 0.0074070 0.0107880 0.0119923 0.0072983 0.0153235 0.0166483 0.0097238 0.0212972 0.0256032 0.0348072 0.0632974 0.0276139 0.0265519 0.0405009 0.0295984 0.0230823 0.0512986 0.0313786 0.0491263 0.0324825 0.0268367 0.0284071 0.0275606 0.0298168 0.0265504 0.0284934 0.0242922 0.0258167 0.0273804 0.0541308 0.0131880 0.0098696 0.0114369 0.0443570 0.0252027 0.0520577 0.0264302 0.0250836 0.0278149 0.0318252 0.0304561 0.0317873 0.0353541 0.0240124 0.0220781 0.0468799 0.0224554 0.0218434 0.0317105 0.0333771 0.0288527 0.0228687 0.0226083 0.0152156 0.0252828 0.0213999 0.0242701 0.0285601 0.0260053 0.0355792 0.0260894 0.0283579 0.0303410 0.0290737 0.0308462 0.0215400 0.0442908 0.0263566 
DS3_37S    0.0451008 0.0402260 0.0381906 0.0478052 0.0392747 0.0401013 0.0350285 0.0307426 0.0586924 0.0292641 0.0374484 0.0585143 0.0368745 0.0294758 0.0079173 0.0142690 0.0188720 0.0083684 0.0061591 0.0261334 0.0094753 0.0115072 0.0134020 0.0072538 0.0000000 0.0271890 0.0288353 0.0119033 0.0125921 0.0083101 0.0096915 0.0159981 0.0154350 0.0111666 0.0066817 0.0088662 0.0307859 0.0130055 0.0404429 0.0423902 0.0506937 0.0818432 0.0470650 0.0451013 0.0609349 0.0451072 0.0409515 0.0717497 0.0512657 0.0702254 0.0476155 0.0457875 0.0393259 0.0424401 0.0438049 0.0447423 0.0457473 0.0399181 0.0398728 0.0441757 0.0687737 0.0249428 0.0204946 0.0242461 0.0588411 0.0368244 0.0673417 0.0428572 0.0396326 0.0433106 0.0455896 0.0432344 0.0481603 0.0509387 0.0422180 0.0361009 0.0633616 0.0400749 0.0355692 0.0449732 0.0472038 0.0442752 0.0372405 0.0378228 0.0258953 0.0414137 0.0404764 0.0409095 0.0445238 0.0421867 0.0480362 0.0415916 0.0434290 0.0485637 0.0442288 0.0432195 0.0388296 0.0631266 0.0453981 
DS3_38S    0.0485401 0.0364101 0.0348616 0.0478883 0.0363327 0.0380395 0.0352152 0.0293041 0.0531715 0.0262836 0.0361515 0.0571570 0.0401678 0.0281781 0.0290434 0.0163817 0.0325295 0.0297955 0.0246676 0.0307090 0.0297552 0.0570828 0.0313221 0.0077520 0.0271890 0.0000000 0.0336075 0.0450295 0.0322535 0.0338995 0.0398989 0.0182080 0.0345042 0.0359022 0.0258664 0.0442721 0.0266397 0.0323814 0.0363725 0.0439354 0.0512698 0.0883418 0.0534691 0.0463799 0.0622693 0.0514118 0.0420158 0.0796020 0.0550489 0.0766259 0.0545159 0.0462663 0.0412396 0.0449962 0.0468114 0.0428356 0.0441318 0.0383966 0.0393806 0.0444949 0.0747414 0.0214149 0.0168369 0.0194181 0.0598414 0.0396494 0.0697733 0.0439004 0.0416032 0.0441542 0.0472902 0.0417738 0.0528335 0.0537512 0.0402657 0.0357827 0.0682984 0.0399561 0.0373698 0.0542707 0.0500687 0.0464187 0.0365348 0.0449438 0.0269922 0.0453814 0.0448459 0.0471873 0.0456822 0.0425551 0.0564474 0.0465632 0.0439167 0.0491230 0.0488731 0.0469014 0.0387052 0.0600858 0.0432032 
DS3_39S    0.0372203 0.0304902 0.0318934 0.0457438 0.0295942 0.0264789 0.0266392 0.0230885 0.0502365 0.0237200 0.0336503 0.0454549 0.0293329 0.0306544 0.0260623 0.0241467 0.0297960 0.0283294 0.0251308 0.0283467 0.0297817 0.0493664 0.0235519 0.0182339 0.0288353 0.0336075 0.0000000 0.0359859 0.0269266 0.0403713 0.0344769 0.0124177 0.0258796 0.0299898 0.0250872 0.0385365 0.0264335 0.0267156 0.0329591 0.0370564 0.0384785 0.0710315 0.0384796 0.0357634 0.0481917 0.0364108 0.0357345 0.0689561 0.0380341 0.0537022 0.0377875 0.0361382 0.0387393 0.0409160 0.0414503 0.0338463 0.0377578 0.0339615 0.0366446 0.0329818 0.0644550 0.0184135 0.0114311 0.0174518 0.0510165 0.0339241 0.0573830 0.0342355 0.0369094 0.0312430 0.0350406 0.0328778 0.0446857 0.0422248 0.0364356 0.0275450 0.0572768 0.0325777 0.0338377 0.0355814 0.0367924 0.0357386 0.0309591 0.0307443 0.0181596 0.0391945 0.0320103 0.0339020 0.0350197 0.0381779 0.0450384 0.0360164 0.0326560 0.0415282 0.0357909 0.0341009 0.0305212 0.0530172 0.0322255 
DS3_40S    0.0513433 0.0454480 0.0439382 0.0562556 0.0480307 0.0449663 0.0399419 0.0421634 0.0681389 0.0382344 0.0489015 0.0692662 0.0464250 0.0448953 0.0198000 0.0150322 0.0173499 0.0120762 0.0174500 0.0328596 0.0177751 0.0229690 0.0176817 0.0065616 0.0119033 0.0450295 0.0359859 0.0000000 0.0166871 0.0237507 0.0164848 0.0135849 0.0208764 0.0171680 0.0208006 0.0213226 0.0371900 0.0128611 0.0466511 0.0513192 0.0606537 0.0930795 0.0531796 0.0540707 0.0664608 0.0532292 0.0490462 0.0863417 0.0567323 0.0807198 0.0582974 0.0526227 0.0518401 0.0533398 0.0569234 0.0544683 0.0583834 0.0476147 0.0501271 0.0491472 0.0829393 0.0320219 0.0233807 0.0286579 0.0668880 0.0443970 0.0789331 0.0521622 0.0484796 0.0491016 0.0530412 0.0496053 0.0565273 0.0599075 0.0487440 0.0428972 0.0771191 0.0464615 0.0417817 0.0528766 0.0548379 0.0514090 0.0472415 0.0467439 0.0339113 0.0517660 0.0486998 0.0508721 0.0548683 0.0513411 0.0525336 0.0483383 0.0530169 0.0565667 0.0535218 0.0510863 0.0442287 0.0744941 0.0538779 
DS3_42S    0.0365981 0.0382548 0.0280354 0.0436261 0.0314026 0.0334182 0.0335779 0.0254824 0.0586280 0.0272599 0.0331191 0.0559261 0.0384242 0.0254292 0.0167259 0.0189690 0.0235437 0.0142721 0.0135707 0.0301922 0.0130452 0.0317717 0.0185805 0.0115542 0.0125921 0.0322535 0.0269266 0.0166871 0.0000000 0.0225409 0.0180951 0.0126848 0.0190906 0.0224237 0.0152054 0.0247794 0.0275688 0.0222018 0.0340451 0.0382044 0.0450671 0.0745300 0.0380420 0.0390407 0.0546628 0.0372963 0.0368445 0.0682266 0.0456566 0.0614764 0.0417473 0.0364442 0.0320882 0.0351365 0.0356551 0.0352498 0.0360525 0.0336466 0.0345418 0.0314967 0.0637493 0.0164295 0.0129570 0.0154198 0.0528345 0.0306850 0.0584278 0.0352666 0.0314540 0.0324289 0.0367390 0.0330185 0.0420441 0.0422057 0.0337678 0.0259976 0.0523130 0.0308544 0.0283977 0.0364023 0.0358504 0.0357868 0.0294309 0.0302493 0.0201871 0.0359563 0.0347662 0.0351162 0.0372120 0.0338864 0.0391106 0.0388357 0.0377234 0.0385276 0.0379475 0.0345187 0.0294355 0.0565207 0.0334818 
DS3_43S    0.0463324 0.0498875 0.0426742 0.0552295 0.0410218 0.0450261 0.0404078 0.0316284 0.0670575 0.0354947 0.0403555 0.0641375 0.0434296 0.0271604 0.0144286 0.0234738 0.0236700 0.0163121 0.0123164 0.0410091 0.0144193 0.0211716 0.0252409 0.0120485 0.0083101 0.0338995 0.0403713 0.0237507 0.0225409 0.0000000 0.0165481 0.0193189 0.0263083 0.0300907 0.0122259 0.0196431 0.0208551 0.0259149 0.0440648 0.0531587 0.0605734 0.0927195 0.0532849 0.0504911 0.0643455 0.0506092 0.0497540 0.0799125 0.0560065 0.0821398 0.0528587 0.0493191 0.0473710 0.0513248 0.0558123 0.0516045 0.0539812 0.0486085 0.0473541 0.0510597 0.0794980 0.0291644 0.0255859 0.0292603 0.0642304 0.0441535 0.0791954 0.0492185 0.0490068 0.0541750 0.0533314 0.0517001 0.0552535 0.0632793 0.0489382 0.0417538 0.0798697 0.0488883 0.0459982 0.0580101 0.0577654 0.0532992 0.0478984 0.0465079 0.0335406 0.0488261 0.0482803 0.0494276 0.0478752 0.0464029 0.0531910 0.0466151 0.0477293 0.0487472 0.0450560 0.0491858 0.0462683 0.0653112 0.0493039 
DS3_54S    0.0558307 0.0490719 0.0478352 0.0545716 0.0490725 0.0489313 0.0396244 0.0415511 0.0666332 0.0390758 0.0447528 0.0677109 0.0485831 0.0476258 0.0187055 0.0142990 0.0279989 0.0237043 0.0180154 0.0407135 0.0172075 0.0171927 0.0164697 0.0090740 0.0096915 0.0398989 0.0344769 0.0164848 0.0180951 0.0165481 0.0000000 0.0197485 0.0199096 0.0278974 0.0209420 0.0079400 0.0386565 0.0313305 0.0479974 0.0527622 0.0574732 0.0905551 0.0582600 0.0546973 0.0691254 0.0530581 0.0498289 0.0813246 0.0582840 0.0771163 0.0540839 0.0549966 0.0521781 0.0539017 0.0513343 0.0544623 0.0568127 0.0519987 0.0519840 0.0531625 0.0826469 0.0323525 0.0251376 0.0304340 0.0684986 0.0470080 0.0840365 0.0527288 0.0491879 0.0531346 0.0553831 0.0536870 0.0584742 0.0612944 0.0499679 0.0442545 0.0764218 0.0422158 0.0436036 0.0513823 0.0588441 0.0548275 0.0451550 0.0477836 0.0344011 0.0483798 0.0467112 0.0523982 0.0523364 0.0467856 0.0566571 0.0498943 0.0535038 0.0544541 0.0513703 0.0548818 0.0454824 0.0714044 0.0510388 
DS3_55S    0.0190764 0.0199250 0.0161870 0.0244248 0.0182007 0.0215074 0.0190106 0.0168110 0.0370343 0.0136556 0.0196233 0.0383285 0.0228863 0.0158532 0.0126624 0.0130994 0.0114956 0.0116126 0.0125152 0.0162751 0.0149888 0.0253282 0.0140673 0.0074070 0.0159981 0.0182080 0.0124177 0.0135849 0.0126848 0.0193189 0.0197485 0.0000000 0.0126615 0.0132291 0.0104456 0.0227027 0.0144955 0.0118427 0.0145655 0.0162191 0.0219286 0.0471416 0.0200088 0.0196521 0.0305373 0.0215506 0.0183609 0.0389079 0.0240719 0.0338239 0.0217322 0.0182800 0.0202371 0.0172742 0.0174927 0.0170596 0.0150486 0.0146524 0.0145136 0.0123735 0.0366317 0.0093448 0.0075181 0.0104767 0.0295576 0.0151186 0.0304773 0.0180307 0.0196445 0.0183086 0.0173671 0.0161308 0.0194710 0.0191875 0.0166210 0.0103403 0.0308946 0.0149572 0.0157848 0.0204143 0.0148567 0.0161058 0.0122883 0.0156364 0.0101682 0.0172281 0.0144257 0.0156036 0.0172448 0.0175035 0.0232283 0.0179360 0.0173839 0.0198877 0.0170735 0.0185125 0.0163787 0.0335179 0.0147101 
DS3_58S    0.0441235 0.0413709 0.0348883 0.0408396 0.0363265 0.0346332 0.0264557 0.0295325 0.0642133 0.0274795 0.0390373 0.0642720 0.0434441 0.0343418 0.0241516 0.0189234 0.0194196 0.0175836 0.0177429 0.0262781 0.0205448 0.0250531 0.0168163 0.0107880 0.0154350 0.0345042 0.0258796 0.0208764 0.0190906 0.0263083 0.0199096 0.0126615 0.0000000 0.0241776 0.0121029 0.0137016 0.0324050 0.0211550 0.0390283 0.0433771 0.0501668 0.0816606 0.0460637 0.0447414 0.0586809 0.0469628 0.0384553 0.0785368 0.0463441 0.0647886 0.0428299 0.0423987 0.0420239 0.0424968 0.0433004 0.0415017 0.0450691 0.0377485 0.0395526 0.0427211 0.0716257 0.0223226 0.0154847 0.0218324 0.0592424 0.0377374 0.0634344 0.0430344 0.0380977 0.0409761 0.0447979 0.0440673 0.0458937 0.0477689 0.0419836 0.0343223 0.0624767 0.0374748 0.0312517 0.0461360 0.0468643 0.0399409 0.0345056 0.0401949 0.0274698 0.0396931 0.0418906 0.0421293 0.0425338 0.0438025 0.0510743 0.0378328 0.0398264 0.0460111 0.0431519 0.0396273 0.0342771 0.0621334 0.0444195 
DS3_59S    0.0416703 0.0403456 0.0355708 0.0500068 0.0364702 0.0420045 0.0341330 0.0325852 0.0608359 0.0300401 0.0389480 0.0560713 0.0444026 0.0280034 0.0190689 0.0186594 0.0204230 0.0171031 0.0193071 0.0277467 0.0156318 0.0236066 0.0170778 0.0119923 0.0111666 0.0359022 0.0299898 0.0171680 0.0224237 0.0300907 0.0278974 0.0132291 0.0241776 0.0000000 0.0214752 0.0267567 0.0316578 0.0099145 0.0343763 0.0401006 0.0490856 0.0816363 0.0409249 0.0406544 0.0574352 0.0419567 0.0373435 0.0703021 0.0505205 0.0645414 0.0495251 0.0391546 0.0426330 0.0414503 0.0377438 0.0407678 0.0356984 0.0399242 0.0400347 0.0412942 0.0681994 0.0243793 0.0169050 0.0232270 0.0620630 0.0366811 0.0670864 0.0365533 0.0417993 0.0389333 0.0440648 0.0399039 0.0487836 0.0510942 0.0408644 0.0354271 0.0615063 0.0366019 0.0359289 0.0453114 0.0441079 0.0348899 0.0368514 0.0338547 0.0268638 0.0393399 0.0355340 0.0391611 0.0392064 0.0407519 0.0417688 0.0396969 0.0427594 0.0439683 0.0379659 0.0388124 0.0368501 0.0608748 0.0419547 
DS3_60S    0.0352300 0.0337801 0.0267110 0.0401927 0.0280339 0.0308423 0.0264680 0.0145669 0.0506805 0.0217895 0.0308061 0.0480152 0.0338504 0.0220194 0.0157159 0.0173546 0.0184621 0.0099291 0.0083281 0.0262608 0.0134653 0.0211203 0.0180318 0.0072983 0.0066817 0.0258664 0.0250872 0.0208006 0.0152054 0.0122259 0.0209420 0.0104456 0.0121029 0.0214752 0.0000000 0.0157265 0.0236277 0.0201750 0.0318396 0.0368109 0.0422440 0.0701587 0.0361745 0.0364915 0.0519520 0.0399094 0.0346840 0.0620106 0.0432490 0.0582754 0.0370714 0.0334562 0.0333077 0.0365107 0.0359785 0.0382572 0.0348120 0.0302285 0.0320739 0.0332496 0.0646326 0.0189158 0.0121954 0.0186920 0.0506943 0.0294512 0.0633585 0.0313807 0.0354448 0.0348457 0.0381602 0.0363684 0.0420974 0.0455053 0.0346662 0.0301446 0.0591856 0.0299126 0.0306151 0.0404263 0.0390918 0.0353769 0.0315746 0.0317528 0.0207794 0.0331395 0.0327709 0.0311391 0.0328843 0.0354430 0.0466768 0.0339106 0.0357647 0.0373744 0.0335828 0.0353868 0.0305792 0.0520503 0.0363108 
DS3_61S    0.0529821 0.0518566 0.0465170 0.0595398 0.0528127 0.0509004 0.0370948 0.0410656 0.0717787 0.0424319 0.0478116 0.0686785 0.0510770 0.0460157 0.0247349 0.0211035 0.0311567 0.0288957 0.0170301 0.0353247 0.0213983 0.0254063 0.0204206 0.0153235 0.0088662 0.0442721 0.0385365 0.0213226 0.0247794 0.0196431 0.0079400 0.0227027 0.0137016 0.0267567 0.0157265 0.0000000 0.0442859 0.0309678 0.0531223 0.0551113 0.0610365 0.0949578 0.0611098 0.0588962 0.0700337 0.0558196 0.0533628 0.0849392 0.0615500 0.0808270 0.0618916 0.0597192 0.0536337 0.0560800 0.0562692 0.0557410 0.0580705 0.0512548 0.0538550 0.0552975 0.0877149 0.0366695 0.0269153 0.0327194 0.0760301 0.0514386 0.0847971 0.0560994 0.0511637 0.0528571 0.0583936 0.0543832 0.0610167 0.0641504 0.0527546 0.0487353 0.0758797 0.0509096 0.0444519 0.0567640 0.0627339 0.0563735 0.0441391 0.0516530 0.0388836 0.0547414 0.0545299 0.0568190 0.0544469 0.0474858 0.0604258 0.0514077 0.0537102 0.0561427 0.0539299 0.0547918 0.0440941 0.0733854 0.0549213 
DS3_62S    0.0353192 0.0385987 0.0256198 0.0427170 0.0289886 0.0317572 0.0308319 0.0216408 0.0549447 0.0232537 0.0341885 0.0491155 0.0380336 0.0174749 0.0300580 0.0248739 0.0284742 0.0266446 0.0282699 0.0279696 0.0170218 0.0563348 0.0261932 0.0166483 0.0307859 0.0266397 0.0264335 0.0371900 0.0275688 0.0208551 0.0386565 0.0144955 0.0324050 0.0316578 0.0236277 0.0442859 0.0000000 0.0291973 0.0285703 0.0379295 0.0387744 0.0837214 0.0449999 0.0394325 0.0547565 0.0432644 0.0402557 0.0656793 0.0433196 0.0584219 0.0408466 0.0375824 0.0360587 0.0347115 0.0412875 0.0371170 0.0366943 0.0372192 0.0316226 0.0360119 0.0648039 0.0178454 0.0117136 0.0180766 0.0562573 0.0307067 0.0623786 0.0403509 0.0378039 0.0395368 0.0421520 0.0394201 0.0424593 0.0490678 0.0368964 0.0326130 0.0609126 0.0347766 0.0361108 0.0414603 0.0426744 0.0394673 0.0347530 0.0345284 0.0210134 0.0356659 0.0362137 0.0363812 0.0365417 0.0384367 0.0491174 0.0380254 0.0366142 0.0386025 0.0355482 0.0390715 0.0325093 0.0537673 0.0353052 
DS3_63S    0.0363664 0.0359265 0.0283453 0.0425718 0.0315095 0.0394802 0.0275031 0.0295765 0.0622310 0.0279675 0.0389532 0.0502361 0.0382369 0.0242980 0.0147578 0.0153231 0.0171359 0.0104751 0.0171945 0.0285395 0.0216812 0.0189740 0.0225389 0.0097238 0.0130055 0.0323814 0.0267156 0.0128611 0.0222018 0.0259149 0.0313305 0.0118427 0.0211550 0.0099145 0.0201750 0.0309678 0.0291973 0.0000000 0.0315135 0.0330734 0.0411169 0.0785649 0.0393850 0.0344516 0.0515118 0.0368102 0.0348422 0.0647021 0.0454355 0.0585454 0.0441727 0.0355294 0.0364986 0.0363887 0.0359977 0.0398986 0.0346564 0.0338819 0.0362356 0.0346729 0.0637835 0.0189502 0.0150919 0.0192831 0.0527768 0.0322183 0.0627897 0.0333273 0.0363836 0.0357014 0.0405979 0.0354010 0.0443837 0.0450888 0.0342803 0.0296432 0.0554451 0.0309437 0.0323639 0.0439857 0.0385124 0.0316517 0.0309504 0.0297237 0.0228078 0.0346043 0.0315041 0.0339826 0.0369880 0.0365164 0.0404950 0.0336823 0.0343673 0.0389645 0.0341221 0.0363829 0.0315094 0.0550381 0.0344376 
LS1_01S    0.0430814 0.0402541 0.0324511 0.0468777 0.0341106 0.0395142 0.0390398 0.0351251 0.0663386 0.0306725 0.0393586 0.0616771 0.0414636 0.0278049 0.0339325 0.0375874 0.0338671 0.0309264 0.0333481 0.0384254 0.0321369 0.0641858 0.0362203 0.0212972 0.0404429 0.0363725 0.0329591 0.0466511 0.0340451 0.0440648 0.0479974 0.0145655 0.0390283 0.0343763 0.0318396 0.0531223 0.0285703 0.0315135 0.0000000 0.0292216 0.0273168 0.0657479 0.0324441 0.0263128 0.0417208 0.0303847 0.0223442 0.0545253 0.0373365 0.0519687 0.0365961 0.0303020 0.0313066 0.0279307 0.0342381 0.0290753 0.0311619 0.0290395 0.0262156 0.0303994 0.0595990 0.0129243 0.0102002 0.0159655 0.0499598 0.0241601 0.0522477 0.0266582 0.0306779 0.0313522 0.0280443 0.0319078 0.0342605 0.0381291 0.0302095 0.0206455 0.0461612 0.0232581 0.0292095 0.0325789 0.0308934 0.0290889 0.0295082 0.0238757 0.0171827 0.0247239 0.0220366 0.0256979 0.0321564 0.0291352 0.0371338 0.0313849 0.0297760 0.0310914 0.0329624 0.0296888 0.0238058 0.0486904 0.0329673 
