0.99999999800000005656 0.00000000099999999997 0.00000000099999999997 
0.99999999800000005656 0.00000000099999999995 0.00000000099999999995 
0.68936735185222874911 0.14371733772475692170 0.16691531042301438470 
0.99971923933805539875 0.00028075966194446799 0.00000000099999999999 
0.99999999799999994554 0.00000000099999999995 0.00000000099999999995 
0.66847101264035846402 0.21432052317147401443 0.11720846418816756318 
0.99999999800000005656 0.00000000099999999995 0.00000000099999999995 
0.99999999800000005656 0.00000000099999999996 0.00000000099999999996 
0.60061885863698949439 0.24963130277069697782 0.14974983859231363881 
0.73059746422319171710 0.26940253477680836669 0.00000000100000000000 
0.66029280673138768254 0.33970719226861234574 0.00000000100000000000 
0.99999999799999994554 0.00000000099999999994 0.00000000099999999994 
0.99999999799999994554 0.00000000099999999998 0.00000000099999999998 
0.99999999800000005656 0.00000000099999999997 0.00000000099999999997 
0.71094313596520242182 0.19994923995203461864 0.08910762408276291791 
0.34720874295470927073 0.62319941573800641255 0.02959184130728427162 
0.66408227889329829452 0.23493718121751505645 0.10098053988918676005 
0.58534544046907166504 0.20170203513214760016 0.21295252439878081807 
0.99999999800000005656 0.00000000099999999998 0.00000000099999999998 
0.99999999800000005656 0.00000000099999999998 0.00000000099999999998 
0.57334208541517961422 0.28161905798570618931 0.14503885659911416872 
0.43262393415537497843 0.26393771178685798695 0.30343835405776714564 
0.41209928153777203308 0.29330441050609334930 0.29459630795613461762 
0.00000000099999999990 0.99999999799999994554 0.00000000099999999990 
0.00000000099999999989 0.99999999799999994554 0.00000000099999999989 
0.57193590144929473684 0.31634228781203943548 0.11172181073866582768 
0.00000000099999999991 0.99999999799999994554 0.00000000099999999991 
0.50147637471447592539 0.39206144618481014730 0.10646217910071401058 
0.00000000099999999989 0.99999999800000005656 0.00000000099999999989 
0.87831972706805394591 0.12168027193194595748 0.00000000100000000000 
0.56208291025062906421 0.31716732905635031114 0.12074976069302072179 
0.51956307016500735685 0.32716379475641660379 0.15327313507857606711 
0.42968266034837293565 0.33769061603903427482 0.23262672361259278953 
0.60197783839856222610 0.32030469076282519492 0.07771747083861255123 
0.71170025324116725773 0.28829974575883277055 0.00000000099999999999 
0.84354281063038305533 0.15645718836961694520 0.00000000100000000000 
0.82553121926409100961 0.17446877973590890765 0.00000000100000000000 
0.48390880451756990155 0.51609119448243001571 0.00000000099999999999 
0.47209321249142616184 0.52790678650857381093 0.00000000099999999999 
0.61909205364781982883 0.13785097172938137744 0.24305697462279879373 
0.77568278268300094869 0.00000000100000000000 0.22431721631699921837 
0.61330317485638263797 0.28490530438586725293 0.10179152075775009523 
0.70680111915547572110 0.18920472141983593617 0.10399415942468832885 
0.00000000099999999994 0.00000000099999999994 0.99999999799999994554 
0.00000000099999999993 0.00000000099999999993 0.99999999799999994554 
0.42760477612581393458 0.13363317466103730169 0.43876204921314887475 
0.46037585546380993540 0.26518640752133199046 0.27443773701485801864 
0.23129329292300498944 0.25160013321805491104 0.51710657385894009952 
0.32978880548700351127 0.17459885838825706106 0.49561233612473948318 
0.00000000099999999994 0.00000000099999999994 0.99999999799999994554 
0.00000000099999999994 0.00000000099999999994 0.99999999799999994554 
0.00000000099999999996 0.00000000099999999996 0.99999999800000005656 
0.41961535639468994230 0.00000000099999999999 0.58038464260531008598 
0.51172777692083415424 0.00000000099999999998 0.48827222207916592955 
0.35327962685612701588 0.00000000099999999998 0.64672037214387301240 
0.00000000099999999993 0.00000000099999999993 0.99999999800000005656 
0.68609512076314260742 0.00000000099999999999 0.31390487823685736535 
0.22918164865799642294 0.35859823771385651581 0.41222011362814703350 
0.32321105811994360613 0.23270204997361604304 0.44408689190644029532 
0.00000508261058797958 0.23194218360137741630 0.76805273378803462503 
0.52531591130238519671 0.15921004010224434899 0.31547404859537037103 
0.51185037511386599629 0.16686546397751644832 0.32128416090861761090 
0.38761793911818992475 0.08253549973158505471 0.52984656115022499279 
0.00000000099999999996 0.00000000099999999996 0.99999999799999994554 
0.00000000099999999996 0.00000000099999999996 0.99999999799999994554 
0.00000000099999999997 0.00000000099999999997 0.99999999799999994554 
0.43582932528562973173 0.36405018795362481532 0.20012048676074536968 
0.35706568583666897787 0.35587649477093707961 0.28705781939239377598 
0.00000000099999999999 0.00000000099999999999 0.99999999800000005656 
0.32866649720372159704 0.42181455789248711863 0.24951894490379133984 
0.50034344893379467667 0.28042176962628861947 0.21923478143991667610 
0.48882217890816903605 0.24935021866794609968 0.26182760242388480876 
0.39504254302383079445 0.47237922384937208742 0.13257823312679711814 
0.36657336480839758375 0.40657573827554782664 0.22685089691605461737 
0.00000000099999999997 0.99999999799999994554 0.00000000099999999997 
0.40200574093897301076 0.35734212748878507737 0.24065213157224196738 
0.54855913270521949876 0.24667016578689709982 0.20477070150788334590 
0.39153733562284254166 0.31558710291914082724 0.29287556145801674212 
0.38718058026216606304 0.35100817882691320859 0.26181124091092083939 
0.35078849265949590963 0.35206493784339004671 0.29714656949711404366 
0.84236044874934823401 0.06747914329710305581 0.09016040795354866855 
0.82699310751387378193 0.04574442499554256386 0.12726246749058373053 
0.00000000099999999999 0.99999999799999994554 0.00000000099999999999 
0.25261491097821892060 0.61708867130802524947 0.13029641771375591319 
0.00000000099999999998 0.99999999800000005656 0.00000000099999999998 
0.00000000099999999998 0.99999999799999994554 0.00000000099999999998 
0.58821842822719916377 0.07605989748290982455 0.33572167428989091453 
