0.00000000099999999997 0.00000000099999999997 0.99999999799999994554 
0.00000000099999999999 0.15464153550017226135 0.84535846349982779468 
0.00000000099999999995 0.00000000099999999995 0.99999999800000005656 
0.16644348465619340782 0.25405743267400371366 0.57949908266980287852 
0.57040950462255668452 0.09159150682556535528 0.33799898855187793245 
0.00000047135567163670 0.00000001125695923861 0.99999951738736914120 
0.00000000099999999999 0.00000000099999999999 0.99999999800000005656 
0.25705857309073221195 0.19603872452975906748 0.54690270237950866505 
0.00000053254390715637 0.00023035326514417640 0.99976911419094871558 
0.38727842493803693591 0.24403494035834333298 0.36868663470361984213 
0.00000000099999999999 0.00000000099999999999 0.99999999800000005656 
0.99999999799999994554 0.00000000099999999999 0.00000000099999999999 
0.29873476961512196448 0.16043222776615384539 0.54083300261872424564 
0.00000000099999999999 0.00000000099999999999 0.99999999800000005656 
0.27143856959771628379 0.28670935274944936433 0.44185207765283435188 
0.00000000099999999999 0.26333718545781620302 0.73666281354218388078 
0.00000000100000000000 0.38190687598302253125 0.61809312301697760805 
0.00000000099999999996 0.00000000099999999996 0.99999999800000005656 
0.15758378681282217415 0.13351937525988452626 0.70889683792729329959 
0.29817491898114717452 0.13676512247716496318 0.56505995854168789005 
0.00000000099999999989 0.99999999799999994554 0.00000000099999999989 
0.00000000099999999990 0.99999999800000005656 0.00000000099999999990 
0.00000000099999999986 0.99999999799999994554 0.00000000099999999986 
0.00000000099999999996 0.99999999799999994554 0.00000000099999999996 
0.00000000100000000000 0.00000000100000000000 0.99999999800000005656 
0.33231120472545810918 0.00000000100000000000 0.66768879427454186359 
0.25023836497528556544 0.00000000100000000000 0.74976163402471440733 
0.00000000099999999999 0.18783892569497626091 0.81216107330502385064 
0.00000000099999999999 0.07194908941104440070 0.92805090958895553044 
0.00000000099999999999 0.00000000099999999999 0.99999999800000005656 
0.00000000100000000000 0.15272146667715816304 0.84727853232284189300 
0.00000000099999999989 0.99999999799999994554 0.00000000099999999989 
0.00000000099999999996 0.99999999800000005656 0.00000000099999999996 
0.39349887329159821681 0.15362650505147057434 0.45287462165693120886 
0.77535841318656850696 0.22464125434235795997 0.00000033247107354786 
0.99556350887200706357 0.00443649012799288665 0.00000000100000000000 
0.69007121701817586423 0.00000000099999999999 0.30992878198182416405 
0.92823204076909215932 0.07176021405661571484 0.00000774517429215611 
0.74440377593710038706 0.00000000099999999999 0.25559622306289964122 
0.00000000099999999999 0.00000000099999999999 0.99999999800000005656 
0.27096875467886627487 0.05730994998441530514 0.67172129533671842694 
0.45106482713355955383 0.18226582750771239128 0.36666934535872808265 
0.99999999800000005656 0.00000000099999999998 0.00000000099999999998 
0.99999999800000005656 0.00000000099999999999 0.00000000099999999999 
0.25566271491356212797 0.06441777025667203005 0.67991951482976586973 
0.00000000100000000000 0.00000000100000000000 0.99999999799999994554 
0.00000000099999999999 0.00000000099999999999 0.99999999800000005656 
0.99999999799999994554 0.00000000099999999997 0.00000000099999999997 
0.99999999800000005656 0.00000000099999999999 0.00000000099999999999 
0.99999999799999994554 0.00000000099999999996 0.00000000099999999996 
0.99999999799999994554 0.00000000099999999996 0.00000000099999999996 
0.99999999800000005656 0.00000000099999999999 0.00000000099999999999 
0.00000000099999999996 0.00000000099999999996 0.99999999800000005656 
0.00000000099999999996 0.00000000099999999996 0.99999999800000005656 
0.45225276523502355719 0.13930529388847506800 0.40844194087650143032 
0.99999999800000005656 0.00000000099999999996 0.00000000099999999996 
0.99999999799999994554 0.00000000099999999998 0.00000000099999999998 
0.99999999799999994554 0.00000000099999999997 0.00000000099999999997 
0.99999999800000005656 0.00000000099999999993 0.00000000099999999993 
0.00000000100000000000 0.15855580816439682201 0.84144419083560317851 
0.00000000099999999999 0.00000000099999999999 0.99999999799999994554 
0.00000000099999999999 0.00000000099999999999 0.99999999799999994554 
0.33236351287471321836 0.09840811191544977798 0.56922837520983704529 
0.78697545758735965027 0.06006986856198506808 0.15295467385065528165 
0.82844706651635069417 0.08549665121069298379 0.08605628227295626653 
0.21800146336204287434 0.00000000099999999999 0.78199853563795718170 
0.39734360401895663095 0.00000000100000000000 0.60265639498104317529 
0.00000000099999999999 0.00000000099999999999 0.99999999799999994554 
0.99999999799999994554 0.00000000099999999994 0.00000000099999999994 
