0.00000000099999999989 0.00000000099999999989 0.00000000099999999989 0.00000000099999999989 0.00000000099999999989 0.00000000099999999989 0.99999999099999992147 0.00000000099999999989 0.00000000099999999989 0.00000000099999999989 
0.37736910435608650438 0.00000001859709512031 0.00000000099999999998 0.00000000099999999998 0.00000000099999999998 0.00000000099999999998 0.62263049524057845208 0.00000000099999999998 0.00000037580623984887 0.00000000099999999998 
0.13982184861813853893 0.13075113537648350159 0.00000000099999999995 0.00000000099999999995 0.00000000099999999995 0.00000000099999999995 0.72942700900537782438 0.00000000099999999995 0.00000000099999999995 0.00000000099999999995 
0.00000000099999999997 0.17368750007511918332 0.00000000099999999997 0.00000000099999999997 0.00000000099999999997 0.00000000099999999997 0.77438068669654214204 0.05193180622833874771 0.00000000099999999997 0.00000000099999999997 
0.18755431174078435186 0.00000000099999999994 0.00000000099999999994 0.00000000099999999994 0.00000000099999999994 0.14191614887982889615 0.67052953237938672792 0.00000000099999999994 0.00000000099999999994 0.00000000099999999994 
0.00296467845673164870 0.13719900945806903780 0.00025530455680240771 0.00000000099999999998 0.00000000099999999998 0.00000000099999999998 0.77343618761103227754 0.00000000099999999998 0.08614481491736460106 0.00000000099999999998 
0.00000000099999999993 0.00000000099999999993 0.00000000099999999993 0.00000000099999999993 0.00000000099999999993 0.05466879053762264962 0.94533120146237736847 0.00000000099999999993 0.00000000099999999993 0.00000000099999999993 
0.00000000099999999993 0.00000000099999999993 0.00000000099999999993 0.00000000099999999993 0.00000000099999999993 0.00000000099999999993 0.78616002569479548345 0.00000000099999999993 0.00000000099999999993 0.21383996630520449300 
0.00029269349479314381 0.16937691654607406333 0.00000000099999999997 0.00000000099999999997 0.00000000099999999997 0.00000000099999999997 0.67489710513622014343 0.00000000099999999997 0.00000000099999999997 0.15543327882291269049 
0.14856615284257043696 0.00000000099999999996 0.00000000099999999996 0.00000000099999999996 0.00000000099999999996 0.00000000099999999996 0.82903636436558414413 0.00000000099999999996 0.00000000099999999996 0.02239747579184546422 
0.00000000099999999993 0.00000000099999999993 0.00000000099999999993 0.00000000099999999993 0.00000000099999999993 0.00000000099999999993 0.92706868114435003747 0.00000000099999999993 0.00000000099999999993 0.07293131085564985572 
0.03803479690445431272 0.03715930375357201498 0.00000000099999999989 0.00000000099999999989 0.13970507087064107377 0.00000000099999999989 0.78510082141139714285 0.00000000099999999989 0.00000000099999999989 0.00000000205993548106 
0.17246257662546365941 0.00000000099999999999 0.00000000099999999999 0.14619159494059597026 0.15830120686813978215 0.00000469321117756755 0.52303992335462301533 0.00000000099999999999 0.00000000099999999999 0.00000000099999999999 
0.22387783653153192631 0.00000000099999999997 0.00000000099999999997 0.02377460125554344342 0.00000000099999999997 0.00000000099999999997 0.65371834890683866437 0.00000000099999999997 0.09862920730608608355 0.00000000099999999997 
0.24882185165397899262 0.06865626783928314991 0.00000364599546548860 0.00000000099999999995 0.01707527211812612938 0.00000000099999999995 0.49899059549855667717 0.16645236289458961720 0.00000000099999999995 0.00000000099999999995 
0.00000000099999999992 0.00000000099999999992 0.00000000099999999992 0.09864284753378861625 0.00000000099999999992 0.00000000099999999992 0.90135714446621140183 0.00000000099999999992 0.00000000099999999992 0.00000000099999999992 
0.43294326512304470711 0.00000000099999999993 0.00000000099999999993 0.02698052109104853019 0.00000000099999999993 0.06256440684660294349 0.47751180093930362114 0.00000000099999999993 0.00000000099999999993 0.00000000099999999993 
0.00000000099999999996 0.00000000099999999996 0.00000096000890260832 0.00000000099999999996 0.04275959351875207454 0.00000000099999999996 0.78414487710441505008 0.17309456336793035969 0.00000000099999999996 0.00000000099999999996 
0.40561806871246464112 0.06072920689959939583 0.00000000099999999998 0.00000000099999999998 0.07858309491057470508 0.00000000099999999998 0.40365770746336565589 0.00000000099999999998 0.00000000099999999998 0.05141191701399568798 
0.09227257205713060295 0.00000000099999999998 0.00000000099999999998 0.00000000099999999998 0.13530043591272544745 0.05810549115650356228 0.69141357370429312734 0.00000000099999999998 0.00000000099999999998 0.02290792216934737016 
0.00000000099999999995 0.09494159831919068981 0.00000000099999999995 0.00000000099999999995 0.00000000099999999995 0.00000000099999999995 0.90505839368080942542 0.00000000099999999995 0.00000000099999999995 0.00000000099999999995 
0.00000000099999999994 0.00000000099999999994 0.12100120063449373853 0.00000007334432960357 0.00000000099999999994 0.00320577716740420718 0.87579294285377251583 0.00000000099999999994 0.00000000099999999994 0.00000000099999999994 
0.09558330479227032661 0.00000000099999999992 0.00000000099999999992 0.00000000099999999992 0.00000000099999999992 0.00000000099999999992 0.90441668720772971923 0.00000000099999999992 0.00000000099999999992 0.00000000099999999992 
0.00000000099999999994 0.00233620149923872847 0.00000000099999999994 0.00000000099999999994 0.00000000099999999994 0.00000000099999999994 0.99766379050076137158 0.00000000099999999994 0.00000000099999999994 0.00000000099999999994 
0.15456899499735235470 0.05973625232118974504 0.00000000099999999997 0.12218788616186912477 0.03417027338890042676 0.00000000099999999997 0.61883218124590899656 0.01050440788477932479 0.00000000099999999997 0.00000000099999999997 
0.00000000099999999990 0.07267803882869176835 0.00000000099999999990 0.00000000099999999990 0.00000000099999999990 0.00000000099999999990 0.92732195317130816647 0.00000000099999999990 0.00000000099999999990 0.00000000099999999990 
0.23698632281294579327 0.09012147641015511024 0.00000000099999999997 0.00000000099999999997 0.00000000099999999997 0.00504640917845403363 0.49627979873264987942 0.00000000099999999997 0.05742833409384457549 0.11413765477195043918 
0.32650866468727685055 0.00000000099999999996 0.03542034452738924283 0.00000000099999999996 0.00000000099999999996 0.00000000099999999996 0.48971769605240267342 0.14835328873293124330 0.00000000099999999996 0.00000000099999999996 
0.09344805931704126822 0.08784021530113049481 0.00000000099999999996 0.00000000099999999996 0.00000000099999999996 0.00000000099999999996 0.78471550446656945788 0.03399621491525886552 0.00000000099999999996 0.00000000099999999996 
0.68045578656099636738 0.00000000099999999997 0.00000000099999999997 0.00000000099999999997 0.00000000099999999997 0.00000000099999999997 0.31954420543900380336 0.00000000099999999997 0.00000000099999999997 0.00000000099999999997 
0.25128551503642881926 0.28242394416472010876 0.09164290408495544271 0.00000000099999999996 0.00000000099999999996 0.00000000099999999996 0.33902435127542113191 0.00000000099999999996 0.03562328043847479836 0.00000000099999999996 
0.16276357429436147384 0.00000000099999999998 0.00000000099999999998 0.02463779502313352340 0.03163229849009252526 0.00000014540568347995 0.78096618178672894128 0.00000000099999999998 0.00000000099999999998 0.00000000099999999998 
0.27219582831551319968 0.00000000099999999997 0.00000000099999999997 0.00001038532031863536 0.00000000099999999997 0.00000000099999999997 0.64345453331880642089 0.00000000099999999997 0.08433924704536165107 0.00000000099999999997 
0.00000000099999999986 0.00000000099999999986 0.00000000099999999986 0.00000000099999999986 0.00000000099999999986 0.00000000099999999986 0.99999999100000003249 0.00000000099999999986 0.00000000099999999986 0.00000000099999999986 
0.00000000099999999996 0.00000000099999999996 0.05917443140233318716 0.00021546358968105802 0.00000003413390353180 0.10878274518296153495 0.83182732069112075290 0.00000000099999999996 0.00000000099999999996 0.00000000099999999996 
0.59033839543006561001 0.00000516302220395439 0.00000000099999999994 0.00000000099999999994 0.00000000099999999994 0.00000000099999999994 0.40965643454773065235 0.00000000099999999994 0.00000000099999999994 0.00000000099999999994 
0.43027862836339220154 0.00000000099999999994 0.00000000099999999994 0.00000000099999999994 0.00000000099999999994 0.00000000099999999994 0.56972136363660763614 0.00000000099999999994 0.00000000099999999994 0.00000000099999999994 
0.31175671946431332548 0.00000000099999999997 0.06499289703371910476 0.00000000099999999997 0.00008211551605625004 0.00000000099999999997 0.58216468525530473688 0.00000000099999999997 0.00000000099999999997 0.04100357773060643585 
0.00000000099999999992 0.00000000099999999992 0.00000000099999999992 0.00000000099999999992 0.00000000099999999992 0.00000000099999999992 0.99999999099999992147 0.00000000099999999992 0.00000000099999999992 0.00000000099999999992 
0.00000000099999999992 0.00000000099999999992 0.00000000099999999992 0.00000000099999999992 0.00000000099999999992 0.00000000099999999992 0.99999999100000003249 0.00000000099999999992 0.00000000099999999992 0.00000000099999999992 
0.46449984591625709252 0.28738433519296097129 0.00503885634856414584 0.00000000099999999998 0.00000000099999999998 0.00000000099999999998 0.22184691665798281224 0.02123004088423516983 0.00000000099999999998 0.00000000099999999998 
0.99999999100000014352 0.00000000099999999973 0.00000000099999999973 0.00000000099999999973 0.00000000099999999973 0.00000000099999999973 0.00000000099999999973 0.00000000099999999973 0.00000000099999999973 0.00000000099999999973 
0.00000000099999999999 0.00000000099999999999 0.00000000099999999999 0.00000000099999999999 0.00000000099999999999 0.00000000099999999999 0.99999999100000003249 0.00000000099999999999 0.00000000099999999999 0.00000000099999999999 
0.99999999100000025454 0.00000000099999999992 0.00000000099999999992 0.00000000099999999992 0.00000000099999999992 0.00000000099999999992 0.00000000099999999992 0.00000000099999999992 0.00000000099999999992 0.00000000099999999992 
0.33257268514950127924 0.42675016018139932950 0.00000000233780518450 0.00000000099999999998 0.00000000099999999998 0.00000000099999999998 0.16484063175929003497 0.07583651557200418725 0.00000000099999999998 0.00000000099999999998 
0.11868820825694237353 0.66231108110997971572 0.00000000099999999998 0.08980268459705442741 0.00000000099999999998 0.00000000099999999998 0.00000000099999999998 0.12919802003602370855 0.00000000099999999998 0.00000000099999999998 
0.00000000099999999995 0.99999999100000025454 0.00000000099999999995 0.00000000099999999995 0.00000000099999999995 0.00000000099999999995 0.00000000099999999995 0.00000000099999999995 0.00000000099999999995 0.00000000099999999995 
0.99999999100000025454 0.00000000099999999991 0.00000000099999999991 0.00000000099999999991 0.00000000099999999991 0.00000000099999999991 0.00000000099999999991 0.00000000099999999991 0.00000000099999999991 0.00000000099999999991 
0.63789510240574165412 0.25803021688332372641 0.00000000099999999999 0.06233658917562168861 0.00000000099999999999 0.00000000099999999999 0.00000000099999999999 0.03228889572332508534 0.00944919035558231153 0.00000000145640568023 
0.61746097592926629805 0.00000000099999999991 0.00000000099999999991 0.00000000099999999991 0.38253901607073376168 0.00000000099999999991 0.00000000099999999991 0.00000000099999999991 0.00000000099999999991 0.00000000099999999991 
0.99999999100000014352 0.00000000099999999985 0.00000000099999999985 0.00000000099999999985 0.00000000099999999985 0.00000000099999999985 0.00000000099999999985 0.00000000099999999985 0.00000000099999999985 0.00000000099999999985 
0.00000000099999999974 0.99999999100000014352 0.00000000099999999974 0.00000000099999999974 0.00000000099999999974 0.00000000099999999974 0.00000000099999999974 0.00000000099999999974 0.00000000099999999974 0.00000000099999999974 
0.00000000099999999984 0.99999999100000025454 0.00000000099999999984 0.00000000099999999984 0.00000000099999999984 0.00000000099999999984 0.00000000099999999984 0.00000000099999999984 0.00000000099999999984 0.00000000099999999984 
0.99999207857254379661 0.00000500278751350855 0.00000117931725773886 0.00000000099999999997 0.00000042072199049966 0.00000000099999999997 0.00000021901129831011 0.00000036751416318012 0.00000059054985757508 0.00000013952537551350 
0.99999999100000025454 0.00000000099999999988 0.00000000099999999988 0.00000000099999999988 0.00000000099999999988 0.00000000099999999988 0.00000000099999999988 0.00000000099999999988 0.00000000099999999988 0.00000000099999999988 
0.00000000099999999983 0.99999999100000025454 0.00000000099999999983 0.00000000099999999983 0.00000000099999999983 0.00000000099999999983 0.00000000099999999983 0.00000000099999999983 0.00000000099999999983 0.00000000099999999983 
0.71431444725373005600 0.22390846130283217907 0.01054639505516067298 0.05122980060415181780 0.00000000099999999998 0.00000000099999999998 0.00000000099999999998 0.00000000099999999998 0.00000089078412532802 0.00000000099999999998 
0.47181523910528105903 0.52818475289471922274 0.00000000099999999991 0.00000000099999999991 0.00000000099999999991 0.00000000099999999991 0.00000000099999999991 0.00000000099999999991 0.00000000099999999991 0.00000000099999999991 
0.36626232395486407745 0.63373766804513620432 0.00000000099999999994 0.00000000099999999994 0.00000000099999999994 0.00000000099999999994 0.00000000099999999994 0.00000000099999999994 0.00000000099999999994 0.00000000099999999994 
0.00000000099999999973 0.99999999100000025454 0.00000000099999999973 0.00000000099999999973 0.00000000099999999973 0.00000000099999999973 0.00000000099999999973 0.00000000099999999973 0.00000000099999999973 0.00000000099999999973 
0.99999999100000025454 0.00000000099999999984 0.00000000099999999984 0.00000000099999999984 0.00000000099999999984 0.00000000099999999984 0.00000000099999999984 0.00000000099999999984 0.00000000099999999984 0.00000000099999999984 
0.59574119928779123434 0.31241926239245421115 0.00000000099999999992 0.00000000099999999992 0.00000000099999999992 0.00000000099999999992 0.09183953131975465534 0.00000000099999999992 0.00000000099999999992 0.00000000099999999992 
0.99999999100000014352 0.00000000099999999980 0.00000000099999999980 0.00000000099999999980 0.00000000099999999980 0.00000000099999999980 0.00000000099999999980 0.00000000099999999980 0.00000000099999999980 0.00000000099999999980 
0.99999999100000014352 0.00000000099999999993 0.00000000099999999993 0.00000000099999999993 0.00000000099999999993 0.00000000099999999993 0.00000000099999999993 0.00000000099999999993 0.00000000099999999993 0.00000000099999999993 
0.00000000100000000000 0.11028710195570029517 0.00000000100000000000 0.70053661035591596740 0.09553360252034284739 0.00959185069198581312 0.08405082947605509169 0.00000000100000000000 0.00000000100000000000 0.00000000100000000000 
0.00000000099999999985 0.00000000099999999985 0.00000000099999999985 0.00000000099999999985 0.99999999100000014352 0.00000000099999999985 0.00000000099999999985 0.00000000099999999985 0.00000000099999999985 0.00000000099999999985 
0.00000000099999999996 0.00000000099999999996 0.00000000099999999996 0.00000000099999999996 0.99999999100000003249 0.00000000099999999996 0.00000000099999999996 0.00000000099999999996 0.00000000099999999996 0.00000000099999999996 
0.99999999100000014352 0.00000000099999999985 0.00000000099999999985 0.00000000099999999985 0.00000000099999999985 0.00000000099999999985 0.00000000099999999985 0.00000000099999999985 0.00000000099999999985 0.00000000099999999985 
0.99999999100000014352 0.00000000099999999984 0.00000000099999999984 0.00000000099999999984 0.00000000099999999984 0.00000000099999999984 0.00000000099999999984 0.00000000099999999984 0.00000000099999999984 0.00000000099999999984 
0.00000000099999999991 0.00000000099999999991 0.00000000099999999991 0.00000000099999999991 0.22736393200873036835 0.00000000099999999991 0.00000000099999999991 0.77263605999126971913 0.00000000099999999991 0.00000000099999999991 
0.04295322722765199108 0.00000000099999999998 0.00000000099999999998 0.00000000099999999998 0.01315159270325010760 0.02670740322956786927 0.09688896762687809749 0.45768732138254086816 0.28239199515752344549 0.08021948967258754615 
0.08428742019547361131 0.00000000099999999998 0.00000000099999999998 0.03297576087259945082 0.00000000099999999998 0.63747855341539660934 0.00000000099999999998 0.24525825951653043577 0.00000000099999999998 0.00000000099999999998 
0.00000000099999999978 0.00000000099999999978 0.00000000099999999978 0.00000000099999999978 0.00000000099999999978 0.99999999100000003249 0.00000000099999999978 0.00000000099999999978 0.00000000099999999978 0.00000000099999999978 
0.00000000099999999992 0.00000000099999999992 0.00000000099999999992 0.00000000099999999992 0.00000000099999999992 0.99999999100000003249 0.00000000099999999992 0.00000000099999999992 0.00000000099999999992 0.00000000099999999992 
0.00000000099999999994 0.00000000099999999994 0.00000000099999999994 0.00000000099999999994 0.00000000099999999994 0.25730888090471715213 0.06095896965068652723 0.63660443102405717131 0.00000000099999999994 0.04512771242053912474 
0.00000000099999999997 0.00000000099999999997 0.00000000099999999997 0.00000000099999999997 0.00640012256458271506 0.00000000099999999997 0.00000000099999999997 0.63909616501470212224 0.35450370542071507618 0.00000000099999999997 
0.00975575215669595083 0.10009561657098738074 0.00000000099999999998 0.03544373434452120775 0.00000000099999999998 0.00000000099999999998 0.00000000099999999998 0.70461721462818982520 0.15008767729960567627 0.00000000099999999998 
0.00000000099999999993 0.00000000099999999993 0.00000000099999999993 0.00000000099999999993 0.00000000099999999993 0.99999999100000014352 0.00000000099999999993 0.00000000099999999993 0.00000000099999999993 0.00000000099999999993 
0.00000000099999999993 0.00000000099999999993 0.00000000099999999993 0.00000000099999999993 0.00000000099999999993 0.00000000099999999993 0.00000000099999999993 0.99999999099999992147 0.00000000099999999993 0.00000000099999999993 
0.00000000099999999990 0.00000000099999999990 0.00000000099999999990 0.00000000099999999990 0.04924169502640372842 0.00000000099999999990 0.00000000099999999990 0.82022025433964784735 0.00000000099999999990 0.13053804363394852506 
0.00000000099999999996 0.00000000099999999996 0.00000000099999999996 0.00000000099999999996 0.09390886320680469357 0.27077663192968554062 0.06396635249091447983 0.50925574811231866246 0.00000000099999999996 0.06209239926027650125 
0.00000000099999999991 0.00000000099999999991 0.00000000099999999991 0.00000000099999999991 0.06272502032330791455 0.00000000099999999991 0.00000000099999999991 0.93727497167669215905 0.00000000099999999991 0.00000000099999999991 
0.07204681013150025792 0.02213904934107909298 0.00000000099999999999 0.14878815976604795046 0.25651701214788180661 0.00185930645795818962 0.00000000099999999999 0.41564945202485509279 0.08300020713067766953 0.00000000099999999999 
0.00000000099999999996 0.00000000099999999996 0.00000000099999999996 0.06822413690075036785 0.07514218065699437843 0.03810120251620859044 0.11366314443692347724 0.31469065319249828194 0.39017867829662478130 0.00000000099999999996 
0.06723920998766821921 0.00000000099999999997 0.00000000099999999997 0.00000000099999999997 0.00000000099999999997 0.45408024013281117481 0.00000000099999999997 0.33457551582932348877 0.13806330645901881971 0.00604172259117840681 
0.00000000099999999997 0.00000000099999999997 0.00000000099999999997 0.00000000099999999997 0.00000000099999999997 0.09201387601874644329 0.05999886933439591008 0.18190294315683994131 0.58469328804848519354 0.08139101844153247278 
0.00000000099999999986 0.00000000099999999986 0.00000000099999999986 0.00000000099999999986 0.00000000099999999986 0.00000000099999999986 0.00000000099999999986 0.99999999099999992147 0.00000000099999999986 0.00000000099999999986 
0.00000000099999999998 0.02412269076052420830 0.00000000099999999998 0.00000000099999999998 0.18389234857895978004 0.00000000099999999998 0.00000000099999999998 0.73601560496988482907 0.00000000099999999998 0.05596934969063130372 
0.99999999100000025454 0.00000000099999999999 0.00000000099999999999 0.00000000099999999999 0.00000000099999999999 0.00000000099999999999 0.00000000099999999999 0.00000000099999999999 0.00000000099999999999 0.00000000099999999999 
0.15229154346463302794 0.00000000099999999999 0.00000000099999999999 0.02242161085330743667 0.00000000099999999999 0.09510344669395262573 0.05625615272647115778 0.21905987291231876490 0.42257696571893987869 0.03229040463037723824 
0.00000000099999999995 0.00000000099999999995 0.00000000099999999995 0.00000000099999999995 0.00000000099999999995 0.00000000099999999995 0.00000000099999999995 0.44525273027133316361 0.55077896867269005021 0.00396829405597673782 
0.00000000099999999993 0.00000000099999999993 0.00000000099999999993 0.00000000099999999993 0.00000000099999999993 0.00000000099999999993 0.00000000099999999993 0.00000000099999999993 0.99999999100000003249 0.00000000099999999993 
0.00000000099999999998 0.00000000099999999998 0.00004046050155103206 0.00000000099999999998 0.00000000099999999998 0.09098856100708548056 0.00000000099999999998 0.47536530356510536821 0.43360566892625812541 0.00000000099999999998 
0.00000000099999999996 0.00000000099999999996 0.00000000099999999996 0.00000000099999999996 0.00000000099999999996 0.29722598131469740723 0.00855554321797303598 0.69421846846732959690 0.00000000099999999996 0.00000000099999999996 
0.00000000099999999999 0.09455962071446331885 0.00000000099999999999 0.00000000099999999999 0.00000000099999999999 0.61305202097233668646 0.00000000099999999999 0.12199008385890161565 0.12055436502611208138 0.04984390442818625172 
0.00000000099999999997 0.00000000099999999997 0.00989806393739143392 0.00000000099999999997 0.00000000099999999997 0.00000000099999999997 0.00000000099999999997 0.57235326391393281931 0.41774866514867570189 0.00000000099999999997 
0.99947095135108332542 0.00000000099999999999 0.00000000099999999999 0.00000000099999999999 0.00000000099999999999 0.00000000099999999999 0.00000000099999999999 0.00000000099999999999 0.00000000099999999999 0.00052904064891681453 
0.99999354100571169468 0.00000000100000000000 0.00000546465381422155 0.00000000100000000000 0.00000000292772643869 0.00000000100000000000 0.00000000100000000000 0.00000000100000000000 0.00000098541274777128 0.00000000100000000000 
0.00000000099999999995 0.00000000099999999995 0.00000000099999999995 0.00000000099999999995 0.00000000099999999995 0.00000000099999999995 0.00000000099999999995 0.27162303924521263854 0.72837695275478719914 0.00000000099999999995 
0.00000000099999999975 0.99999999100000025454 0.00000000099999999975 0.00000000099999999975 0.00000000099999999975 0.00000000099999999975 0.00000000099999999975 0.00000000099999999975 0.00000000099999999975 0.00000000099999999975 
0.00000000099999999981 0.00000000099999999981 0.00000000099999999981 0.00000000099999999981 0.99999999100000003249 0.00000000099999999981 0.00000000099999999981 0.00000000099999999981 0.00000000099999999981 0.00000000099999999981 
0.00000000099999999989 0.00000000099999999989 0.00000000099999999989 0.00000000099999999989 0.64957785299913350929 0.35042213900086666145 0.00000000099999999989 0.00000000099999999989 0.00000000099999999989 0.00000000099999999989 
0.09014899698967054897 0.04151344849829660677 0.13716003082344371822 0.00000000099999999999 0.22855386111780398584 0.00000000099999999999 0.00000000099999999999 0.38232163221934167829 0.00000001956114695541 0.12030200779029645575 
0.00000000099999999997 0.00000000099999999997 0.00000000099999999997 0.00000000099999999997 0.13874854423439883511 0.00000000099999999997 0.00000000099999999997 0.19662326581019534677 0.66462818295540571079 0.00000000099999999997 
0.00000000099999999991 0.00000000099999999991 0.00000000099999999991 0.00000000099999999991 0.34795778225647361337 0.59323339121128770834 0.00000000099999999991 0.00000000099999999991 0.00000000458023636986 0.05880881595200231071 
0.00000000099999999991 0.00000000099999999991 0.00000000099999999991 0.00000000099999999991 0.39990461091752005363 0.00000000099999999991 0.00000000099999999991 0.15353378902758726965 0.39642129229153766357 0.05014030176335499550 
0.00000000099999999989 0.00000000099999999989 0.00000000099999999989 0.00000000099999999989 0.99999999100000003249 0.00000000099999999989 0.00000000099999999989 0.00000000099999999989 0.00000000099999999989 0.00000000099999999989 
0.00000000099999999956 0.00000000099999999956 0.00000000099999999956 0.00000000099999999956 0.99999999100000003249 0.00000000099999999956 0.00000000099999999956 0.00000000099999999956 0.00000000099999999956 0.00000000099999999956 
0.00000000099999999988 0.00000000099999999988 0.00000000099999999988 0.00000000099999999988 0.99999999100000014352 0.00000000099999999988 0.00000000099999999988 0.00000000099999999988 0.00000000099999999988 0.00000000099999999988 
0.00000000099999999986 0.00000000099999999986 0.00000000099999999986 0.00000000099999999986 0.99999999100000003249 0.00000000099999999986 0.00000000099999999986 0.00000000099999999986 0.00000000099999999986 0.00000000099999999986 
0.00000000099999999990 0.00000000099999999990 0.00000000099999999990 0.00000000099999999990 0.42575629928282754388 0.51340206744148997320 0.00000000099999999990 0.00000000099999999990 0.00000000099999999990 0.06084162627568249354 
0.00000000099999999996 0.11750243550112554614 0.00000000099999999996 0.00000000099999999996 0.13430571650398206995 0.00000000099999999996 0.00000000099999999996 0.00000000099999999996 0.74819184099489233208 0.00000000099999999996 
0.00000000099999999985 0.00000000099999999985 0.00000000099999999985 0.00000000099999999985 0.00000000099999999985 0.00000000099999999985 0.00000000099999999985 0.00000000099999999985 0.99999999099999992147 0.00000000099999999985 
0.00000000099999999994 0.00000000099999999994 0.00000000099999999994 0.00000000099999999994 0.13492592682603740672 0.64257656238422511397 0.00000000099999999994 0.00000000099999999994 0.22249750378973742748 0.00000000099999999994 
0.00000000099999999997 0.00000000099999999997 0.18429896159433312164 0.00000000099999999997 0.16805815080533959005 0.00000000099999999997 0.00000000099999999997 0.64764288060032726424 0.00000000099999999997 0.00000000099999999997 
0.00000000099999999997 0.00000000099999999997 0.01130002639671321210 0.09941879041125220584 0.50737364248075711437 0.23413935348755596233 0.00000000099999999997 0.14776818222372165024 0.00000000099999999997 0.00000000099999999997 
0.22109547905118018263 0.00000000099999999999 0.03767047465757279723 0.05298611420281197637 0.04411249298126602297 0.00000000099999999999 0.00000000099999999999 0.13239400348635535498 0.51174143162081364711 0.00000000099999999999 
0.00000000099999999996 0.00000000099999999996 0.00000000099999999996 0.00000000099999999996 0.00000000099999999996 0.05757526681206136254 0.00000000099999999996 0.37597344834136697811 0.56645127784657156589 0.00000000099999999996 
0.00000000099999999979 0.00000000099999999979 0.00000000099999999979 0.00000000099999999979 0.00000000099999999979 0.00000000099999999979 0.00000000099999999979 0.00000000099999999979 0.99999999100000003249 0.00000000099999999979 
0.00000000099999999981 0.00000000099999999981 0.00000000099999999981 0.00000000099999999981 0.35649787294121942915 0.00000000099999999981 0.00000000099999999981 0.00000000099999999981 0.64350211905878040852 0.00000000099999999981 
0.00000000099999999997 0.01644855757597916274 0.08928548904316423174 0.00000000099999999997 0.00000000099999999997 0.33665395530359604193 0.00000000099999999997 0.00000000099999999997 0.55761199207726053206 0.00000000099999999997 
0.00679280237716608538 0.00000000099999999999 0.07790932808279785182 0.00656227168570688944 0.08790851543148164859 0.13279861247393759394 0.00000000099999999999 0.00159315214203208447 0.68643531480687769442 0.00000000099999999999 
0.12029980270289063193 0.00000000099999999998 0.00000000099999999998 0.00000075425443126283 0.00000000099999999998 0.27169997475585344615 0.00000000099999999998 0.00000000099999999998 0.60799946228682466565 0.00000000099999999998 
0.00000000099999999984 0.00000000099999999984 0.00000000099999999984 0.00000000099999999984 0.00000000099999999984 0.99999999100000014352 0.00000000099999999984 0.00000000099999999984 0.00000000099999999984 0.00000000099999999984 
0.00000000099999999988 0.00000000099999999988 0.00000000099999999988 0.00000000099999999988 0.00000000099999999988 0.00000000099999999988 0.00000000099999999988 0.00000000099999999988 0.99999999100000003249 0.00000000099999999988 
0.00000000099999999984 0.00000000099999999984 0.00000000099999999984 0.00000000099999999984 0.00000000099999999984 0.00000000099999999984 0.00000000099999999984 0.00000000099999999984 0.99999999100000003249 0.00000000099999999984 
0.03814322006816540239 0.00000000099999999992 0.00000000099999999992 0.00000000099999999992 0.00000000099999999992 0.00000000099999999992 0.00000000099999999992 0.00000000099999999992 0.96185677193183449774 0.00000000099999999992 
0.00000000099999999986 0.00000000099999999986 0.00000000099999999986 0.00000000099999999986 0.00000000099999999986 0.99999999100000014352 0.00000000099999999986 0.00000000099999999986 0.00000000099999999986 0.00000000099999999986 
0.00000000099999999996 0.10989405355965942146 0.00000000099999999996 0.00000000099999999996 0.00000000099999999996 0.78818420272265665716 0.00000000099999999996 0.10192173671768393894 0.00000000099999999996 0.00000000099999999996 
0.00000000099999999997 0.17442564641238500478 0.11507194814635217373 0.00000000099999999997 0.03652637520171399255 0.01461531534136331460 0.00000000099999999997 0.15287196580000969592 0.50648874509817565226 0.00000000099999999997 
0.00000000099999999998 0.09330659516588629687 0.05952390165305142256 0.00000000099999999998 0.03599508766718803598 0.29017146920158654044 0.00000000099999999998 0.40190834840855593768 0.11909459390373168530 0.00000000099999999998 
0.00000000099999999992 0.00000000099999999992 0.00000000099999999992 0.00000000099999999992 0.00000000099999999992 0.99999999100000003249 0.00000000099999999992 0.00000000099999999992 0.00000000099999999992 0.00000000099999999992 
0.00000000099999999990 0.00000000099999999990 0.00000000099999999990 0.00000000099999999990 0.00000000099999999990 0.99999999100000003249 0.00000000099999999990 0.00000000099999999990 0.00000000099999999990 0.00000000099999999990 
0.00000000099999999988 0.00000000099999999988 0.00000000099999999988 0.00000000099999999988 0.00000000099999999988 0.85865757950322540992 0.00000000099999999988 0.00000000099999999988 0.14134241249677462204 0.00000000099999999988 
0.00000000099999999995 0.00000000099999999995 0.00000000099999999995 0.00000000099999999995 0.53446745141440676896 0.00000000099999999995 0.00000000099999999995 0.03735521582432169141 0.22949925271593410447 0.19867807404533735505 
0.00000000099999999993 0.00000000099999999993 0.99993056150368941903 0.00000000099999999993 0.00000000099999999993 0.00000000099999999993 0.00000000099999999993 0.00006943049631054827 0.00000000099999999993 0.00000000099999999993 
0.00000000099999999997 0.00000000099999999997 0.47713654430713442478 0.40080146993846810233 0.00000000099999999997 0.00000000099999999997 0.00000000099999999997 0.00000000099999999997 0.00000000099999999997 0.12206197875439771250 
0.00000000099999999992 0.00000000099999999992 0.99999999100000014352 0.00000000099999999992 0.00000000099999999992 0.00000000099999999992 0.00000000099999999992 0.00000000099999999992 0.00000000099999999992 0.00000000099999999992 
0.28297143358407839120 0.00010891482237440856 0.10017302527345006702 0.52956622183764712197 0.00000000100000000000 0.00000000100000000000 0.00000000100000000000 0.00000000238218868425 0.08718039810026138869 0.00000000100000000000 
0.00000000100000000000 0.00000000100000000000 0.61854187902867641125 0.00000043012898380345 0.38140896132787216466 0.00000000100000000000 0.00000000100000000000 0.00004792362393209753 0.00000000100000000000 0.00000080089053562630 
0.00000000099999999999 0.50406198194413165403 0.00000007744527189547 0.00000000099999999999 0.09315644075185447459 0.00000000099999999999 0.40217518199646640209 0.00000000099999999999 0.00060631286227577229 0.00000000099999999999 
0.00000000099999999998 0.11945452768612335737 0.55604014544624569272 0.32450531986763109238 0.00000000099999999998 0.00000000099999999998 0.00000000099999999998 0.00000000099999999998 0.00000000099999999998 0.00000000099999999998 
0.00000000099999999999 0.00000000099999999999 0.00233326416237004085 0.00000000099999999999 0.00000000099999999999 0.00000000099999999999 0.00000000099999999999 0.99766672783762988530 0.00000000099999999999 0.00000000099999999999 
0.00000000099999999997 0.00000000099999999997 0.46309938471341771660 0.31668536281493109286 0.00000000099999999997 0.16085252754701845346 0.00000000099999999997 0.00000000099999999997 0.00000000099999999997 0.05936271892463280270 
0.00000000099999999996 0.00000000099999999996 0.00000000099999999996 0.00000000099999999996 0.00000000099999999996 0.00000000099999999996 0.00000000099999999996 0.99999999100000003249 0.00000000099999999996 0.00000000099999999996 
0.00000000099999999987 0.00000000099999999987 0.00000000099999999987 0.99999999100000014352 0.00000000099999999987 0.00000000099999999987 0.00000000099999999987 0.00000000099999999987 0.00000000099999999987 0.00000000099999999987 
0.00000000099999999999 0.08075962749480636305 0.49892734314897807524 0.24566872970161435230 0.10652743982213999652 0.00000000099999999999 0.00000089795056543066 0.00000000099999999999 0.00000000099999999999 0.06811595788189575562 
0.00000000099999999993 0.00000000099999999993 0.99999999100000014352 0.00000000099999999993 0.00000000099999999993 0.00000000099999999993 0.00000000099999999993 0.00000000099999999993 0.00000000099999999993 0.00000000099999999993 
0.00000000099999999995 0.00000000099999999995 0.53234542784127136805 0.30455441231588609163 0.00672830446484619284 0.06850288146630467701 0.00000000099999999995 0.03418126973036105659 0.05368770018133047633 0.00000000099999999995 
0.00000000099999999986 0.00000000099999999986 0.99999999100000014352 0.00000000099999999986 0.00000000099999999986 0.00000000099999999986 0.00000000099999999986 0.00000000099999999986 0.00000000099999999986 0.00000000099999999986 
0.00000000099999999994 0.00000000099999999994 0.99999999100000003249 0.00000000099999999994 0.00000000099999999994 0.00000000099999999994 0.00000000099999999994 0.00000000099999999994 0.00000000099999999994 0.00000000099999999994 
0.00000000099999999983 0.00000000099999999983 0.99999999100000003249 0.00000000099999999983 0.00000000099999999983 0.00000000099999999983 0.00000000099999999983 0.00000000099999999983 0.00000000099999999983 0.00000000099999999983 
0.00000000204912374200 0.00000000099999999998 0.72527655909850374805 0.00000000461026025102 0.00000000099999999998 0.00000000099999999998 0.00000000099999999998 0.27472342824211243295 0.00000000099999999998 0.00000000099999999998 
0.00000000099999999992 0.00000000099999999992 0.99999999100000003249 0.00000000099999999992 0.00000000099999999992 0.00000000099999999992 0.00000000099999999992 0.00000000099999999992 0.00000000099999999992 0.00000000099999999992 
0.00000000099999999975 0.00000000099999999975 0.99999999100000014352 0.00000000099999999975 0.00000000099999999975 0.00000000099999999975 0.00000000099999999975 0.00000000099999999975 0.00000000099999999975 0.00000000099999999975 
0.00000000099999999999 0.00000000099999999999 0.89767874793888913221 0.00000001037500945557 0.00000000099999999999 0.00000000099999999999 0.00000000099999999999 0.00000000099999999999 0.00000000099999999999 0.10232123468610167250 
0.00000000099999999994 0.00000000099999999994 0.48043152658947069211 0.43342798341764626757 0.00000000099999999994 0.00000000099999999994 0.00000000099999999994 0.00000000099999999994 0.08614048299288308563 0.00000000099999999994 
0.00000000099999999994 0.00000000099999999994 0.76445252270707575448 0.23388902531564667586 0.00000000099999999994 0.00165844497727755404 0.00000000099999999994 0.00000000099999999994 0.00000000099999999994 0.00000000099999999994 
0.00000000099999999996 0.03976562919109977862 0.95852228086103552496 0.00000000099999999996 0.00000000099999999996 0.00000000099999999996 0.00171208294786492389 0.00000000099999999996 0.00000000099999999996 0.00000000099999999996 
0.00000000099999999998 0.00000000099999999998 0.80500340687436167109 0.00000000099999999998 0.00000000099999999998 0.00000000099999999998 0.01380494965694850119 0.03212558498760451076 0.14499968271939775444 0.00406637076168761633 
0.00000000099999999998 0.59514190285625101495 0.40373631321250347259 0.00000000099999999998 0.00000000099999999998 0.00000000099999999998 0.00112177693124573406 0.00000000099999999998 0.00000000099999999998 0.00000000099999999998 
0.00000000099999999998 0.99999999100000014352 0.00000000099999999998 0.00000000099999999998 0.00000000099999999998 0.00000000099999999998 0.00000000099999999998 0.00000000099999999998 0.00000000099999999998 0.00000000099999999998 
0.00000000099999999984 0.00000000099999999984 0.99999999100000003249 0.00000000099999999984 0.00000000099999999984 0.00000000099999999984 0.00000000099999999984 0.00000000099999999984 0.00000000099999999984 0.00000000099999999984 
0.00000000099999999993 0.00000000099999999993 0.83381606230803151369 0.00000000670915335560 0.00000000099999999993 0.05190215726038524546 0.00000000099999999993 0.00000000099999999993 0.00000000099999999993 0.11428176772242998327 
0.00000000099999999997 0.13648235142368136952 0.58946488839510757796 0.27405272839904554205 0.00000000099999999997 0.00000000099999999997 0.00000002578216577479 0.00000000099999999997 0.00000000099999999997 0.00000000099999999997 
0.00000000099999999992 0.00000000099999999992 0.31828028182118817124 0.68171971017881205501 0.00000000099999999992 0.00000000099999999992 0.00000000099999999992 0.00000000099999999992 0.00000000099999999992 0.00000000099999999992 
0.00000000099999999989 0.00000000099999999989 0.00000000099999999989 0.99999999100000003249 0.00000000099999999989 0.00000000099999999989 0.00000000099999999989 0.00000000099999999989 0.00000000099999999989 0.00000000099999999989 
0.00000000099999999996 0.09116263217556917764 0.00000000099999999996 0.90883735982443103474 0.00000000099999999996 0.00000000099999999996 0.00000000099999999996 0.00000000099999999996 0.00000000099999999996 0.00000000099999999996 
0.00000000099999999990 0.00000000099999999990 0.00000000099999999990 0.99999999100000003249 0.00000000099999999990 0.00000000099999999990 0.00000000099999999990 0.00000000099999999990 0.00000000099999999990 0.00000000099999999990 
0.00000000099999999992 0.00000000099999999992 0.00000000099999999992 0.99999999100000014352 0.00000000099999999992 0.00000000099999999992 0.00000000099999999992 0.00000000099999999992 0.00000000099999999992 0.00000000099999999992 
0.00000000099999999994 0.00000000099999999994 0.99999999100000003249 0.00000000099999999994 0.00000000099999999994 0.00000000099999999994 0.00000000099999999994 0.00000000099999999994 0.00000000099999999994 0.00000000099999999994 
0.03083465979080281250 0.19746209709233178420 0.06414587911964027278 0.13723623711890681198 0.00000000099999999999 0.00000000099999999999 0.35128530675864461097 0.14877097551514412155 0.00000000099999999999 0.07026484160452957373 
0.02482264659458445141 0.00000000099999999993 0.55949813451682128829 0.41567921188859435766 0.00000000099999999993 0.00000000099999999993 0.00000000099999999993 0.00000000099999999993 0.00000000099999999993 0.00000000099999999993 
